1026 1109
285 3433
1402 3032
1714 2164
2841 3544
2381 3167
3225 3346
272 1204
2231 3254
1310 1448
2847 3939
589 1219
1327 3343
1661 2320
616 795
761 3462
281 2971
744 2992
539 2654
318 3240
75 3624
2036 2852
1205 2205
766 1827
1391 1421
1332 2771
1254 2841
2767 4011
2250 4018
684 3697
1259 1564
13 1870
1320 2274
1257 1314
1959 1989
951 3302
1203 1921
789 887
3185 3394
1677 2742
1637 3444
3370 3852
2122 2667
687 881
611 2440
80 3718
3036 3136
169 358
3227 3521
117 3820
1459 2831
3155 3803
2180 2656
1490 2168
2193 4024
3527 3755
933 1116
2546 3702
2456 2864
909 1191
788 2721
1501 2775
3286 4009
844 1919
919 1335
1205 3499
2140 2712
2787 2928
290 1753
1402 3608
726 3761
62 2303
631 1438
1126 2905
3151 3880
157 3558
263 3076
769 1263
2277 2769
3641 3729
649 2444
1265 2943
43 3424
1062 2877
2275 2320
427 2233
134 3869
169 915
836 2515
705 3973
700 1519
789 893
864 2603
657 2914
3455 3723
1162 3102
1093 3932
2520 3514
167 1461
2676 4007
2084 2937
1576 3005
59 2895
1149 2205
2204 2397
1040 2014
3685 3874
2237 2335
2511 3106
650 3973
2067 3247
504 859
1888 2777
542 3732
634 2829
2945 3915
100 735
121 2417
1725 2000
816 1532
1073 1134
746 1767
282 3468
2689 2825
1444 1906
2124 2427
304 548
2397 2416
145 2118
1998 2516
3560 3567
897 3971
1030 3872
2569 2971
3669 3933
779 2669
738 910
1232 2568
3389 3569
219 1588
3274 3399
945 3928
445 3218
3397 3553
721 3419
2130 3636
2205 2602
1152 1785
2208 3286
828 2532
3121 3749
402 2396
273 994
2487 3179
1565 3640
1248 2500
427 2037
546 2664
314 1907
2621 2992
1036 3413
1519 2751
1956 2235
572 2075
486 994
1553 2966
365 2549
3264 4007
386 3132
3114 3912
499 1594
154 2949
2612 3425
389 3090
301 1499
2900 2970
1364 3416
238 883
2022 3627
367 3402
2759 3788
1651 2994
824 4020
137 774
60 3888
807 3411
2550 3355
420 3377
2230 2622
1127 2339
2852 3907
2966 3747
1118 2185
1372 2216
2781 3831
2557 2664
259 3245
3454 3517
11 3247
438 2645
1145 2408
71 662
3022 4015
315 3065
3044 3214
1092 1621
864 2724
3165 3797
1880 3877
507 1287
2600 3973
1753 3697
3411 3660
1013 2755
281 1419
147 1693
379 3400
1872 3359
2123 3854
32 707
1362 1438
1540 1907
1119 3430
2602 3460
2493 2826
281 3537
2328 3444
1996 3601
887 1469
1535 1595
3293 3475
1007 1313
2838 2948
536 1126
968 3835
748 2676
3285 3624
198 2931
548 2820
2351 3188
517 1715
340 2782
3417 3973
1760 3922
450 2542
2784 3908
2272 3927
133 572
757 3130
2486 2531
433 2513
287 659
2560 2753
329 3499
1941 2858
830 3849
2306 2932
572 1721
3393 3757
1920 2894
519 3286
3199 3709
564 1934
3343 3384
2027 2129
2485 2598
1244 1652
81 541
1345 3527
964 2402
2739 3967
801 2285
1412 2166
1613 2260
1444 3634
1608 1665
870 2821
33 2142
1246 3553
2215 2390
565 3610
2151 3141
315 2170
972 1860
187 2352
1459 3973
766 1273
697 2246
923 974
1370 3624
782 1837
759 2027
840 1393
2485 3805
2324 3443
852 2312
1825 3665
336 3165
313 1342
639 1930
1543 1681
3938 4021
696 787
2378 4036
830 2376
1586 2886
1784 3298
1806 4032
530 3284
2438 3573
400 3455
467 2654
1150 1856
107 3091
860 3799
1041 3799
1135 4012
563 753
472 3920
327 873
1734 2665
2851 3950
1772 3405
1863 1969
2139 3070
2307 3357
3541 3626
171 2987
598 2673
1110 3589
1091 3450
243 1113
2418 3674
1867 2484
1068 1958
1876 2722
3588 3938
217 3485
2453 3510
858 2596
716 2626
99 1054
66 185
321 2049
137 2263
3039 3336
815 863
2819 3831
1072 1653
627 3093
1417 3673
1324 1437
3593 3930
2167 3447
167 4027
1669 3094
683 3542
1420 4003
887 3727
435 2060
2907 3170
112 3562
22 2828
417 1668
740 3340
1773 2896
427 3046
1602 1985
773 3568
1164 3442
1526 3748
1307 1751
627 3019
758 2467
1284 2894
866 3790
246 1118
2995 3744
2102 2824
3679 3942
3213 4012
908 2412
187 871
1506 2435
1777 3434
1794 3235
993 2313
172 2270
244 3548
1220 3837
110 3213
1283 3065
1400 2929
1190 2190
1958 2670
1769 2257
2510 3526
1312 3823
3243 3485
745 2374
1430 1534
211 2052
636 1962
1819 2068
1809 2429
2846 3786
3633 3673
89 1717
2103 3251
2041 3288
3096 3276
2483 3359
1374 2844
1634 2722
1125 3959
749 2941
593 3674
63 1255
1690 3586
98 1360
1200 2655
2949 3096
2028 2072
415 499
1549 2935
1818 1928
302 720
1169 1515
912 2970
540 3967
1103 1603
1322 2598
2951 3978
705 2630
570 3798
2035 3437
2096 3862
3381 3701
1231 3852
3030 3307
1924 3457
1029 2627
615 3308
541 908
1288 2720
78 1072
415 2855
557 2864
2305 3328
2384 3004
1760 3933
37 449
277 3134
283 341
970 1083
2143 3661
208 3453
3142 3914
3268 3351
1523 3163
365 1692
1162 1189
431 1121
494 2427
943 2689
286 2548
874 3548
1632 3750
1380 2094
2114 2393
401 3238
1478 3906
921 1447
802 2004
1920 2541
3289 3933
1026 2960
3081 3325
889 1648
3023 3024
342 3942
108 3305
1580 2392
2120 3888
536 572
83 1977
886 1729
909 1162
794 3496
2366 2753
1819 2172
927 3414
2028 4000
1890 2509
10 2459
620 1964
1345 3930
13 3054
37 344
1208 3688
1013 2084
951 1903
2699 3600
1078 3514
1973 3261
192 3975
595 3820
199 1250
2877 3604
366 875
1390 1546
662 3065
1319 1960
1289 2183
2588 2721
1829 3330
2602 3631
2520 3618
466 1274
237 1436
2956 3605
170 540
682 3642
2272 3124
2202 2461
1269 3383
399 1374
2254 3836
383 3945
1438 3700
214 3608
3310 3778
3120 3944
254 705
2688 3251
56 522
933 2482
1837 2088
215 504
2296 3006
2415 3805
3413 3550
1982 2713
3609 4033
237 3148
111 414
2407 2834
1176 3803
576 1474
1500 3093
970 3759
1344 3000
1530 1978
418 3666
574 2182
2764 3383
1214 1389
1538 1560
1 269
600 866
1363 2783
510 1427
496 1224
2316 2510
2414 3079
2537 2833
428 4037
1979 3853
1864 1945
905 1558
995 3767
189 2071
619 1856
687 1784
1997 3973
1330 2608
1053 2302
44 2920
600 864
1119 2280
958 4003
70 1787
824 3557
1970 1988
236 1524
382 3289
991 1806
388 789
690 3142
2999 3239
3390 3588
1567 3730
493 2252
268 3668
1639 2312
1563 1699
2099 3180
1511 3505
361 3735
1976 2456
1243 2144
320 3075
1730 3045
918 1837
1857 3829
1759 2340
1674 2285
3326 3441
1091 3378
644 2191
2667 3921
691 2034
2241 2698
308 3639
3088 3281
228 2089
97 3142
1889 3159
1911 3366
2606 3537
2461 3704
651 847
998 3819
2412 3697
3163 3324
2699 3435
3316 3716
1536 3762
807 1953
3441 3459
471 893
1340 2942
2115 2883
226 1000
793 3865
896 3690
296 3814
3033 3728
182 2825
215 1580
276 334
2698 2737
983 3274
291 919
2710 3737
50 3139
2628 3725
1324 1388
757 3642
614 1680
3396 3826
3351 3761
2289 2848
30 2526
32 1084
2880 4021
361 1405
1882 3143
693 1380
1114 2257
2615 2904
1713 3059
450 1801
2628 4007
1479 2179
1330 1678
1128 1852
571 3344
1271 2973
2766 3126
2292 3557
2087 3897
2121 3087
1101 2512
1947 4006
1088 2453
875 1607
324 1536
3346 4012
2870 3373
1874 2679
2984 3348
264 2290
2147 3059
1676 3727
532 1696
2126 3292
865 1038
1641 3254
2476 3354
2681 3540
2198 3166
611 700
3462 3766
1984 2926
430 2116
1617 3443
301 2737
1260 1676
2116 3478
848 1845
1403 3511
2891 2976
276 3792
1086 3341
1249 2453
2197 3615
162 3438
373 481
242 552
3233 3523
172 376
1622 2886
329 2572
949 2016
1265 3586
2226 3444
1268 4008
3727 3752
3170 3326
1275 3908
677 1843
1743 2579
2715 3395
395 2481
580 1842
715 1643
1721 2615
2439 3489
751 1627
2048 3966
2806 3065
557 2681
55 1914
231 1644
651 1619
1505 2048
1769 3910
311 2071
1143 1960
95 2588
874 3298
492 2202
2258 2980
2 3649
796 2085
644 3234
1075 2325
3450 4021
106 1317
773 1966
2055 2064
1877 3412
492 2299
1062 1768
1790 3325
1996 3187
2551 3571
1525 2297
1383 1591
20 3354
173 3530
2469 2875
261 929
2159 2553
2143 3921
455 2746
3599 3628
851 912
1711 3732
560 599
449 2909
1488 1744
3 535
1238 2269
1239 2279
1237 1891
3226 3750
2700 2714
252 3142
1705 1898
1800 3115
1662 2721
1962 3466
893 1958
1124 1969
767 2474
2018 2223
258 1354
550 2274
1598 2020
2695 2777
171 3708
2728 2848
753 2326
973 1241
766 3063
776 3764
2346 2846
1830 2713
624 2762
2519 2524
1391 3750
1121 2577
2101 2244
2017 3320
800 3819
2288 3379
1289 3084
850 2848
1063 3624
889 3531
2319 2756
2599 3801
312 3102
1062 3595
376 3214
764 4033
2853 3849
2296 3546
1268 3930
336 1065
1237 3863
628 1950
217 994
962 2731
389 2793
353 2618
2175 2730
595 843
2384 3569
1057 2587
611 3669
1700 2882
989 1758
1656 2801
721 2854
941 2973
2572 2627
1417 3032
1619 2740
528 942
2244 3294
939 3281
727 2251
443 2993
3173 3582
1647 2120
3284 3731
2232 3041
424 1151
996 2924
145 3709
410 442
2224 3251
2079 2133
427 2880
1455 1509
3115 3407
1746 2253
1321 3567
788 3235
687 3138
1017 3809
1588 1991
2046 3010
524 2594
691 2458
599 1471
1325 2614
737 1059
634 742
2041 3141
2410 3236
704 900
313 516
33 1331
423 2220
2259 2536
500 2337
16 3595
779 3579
251 2332
146 1030
692 2534
318 3034
215 502
1069 1440
2568 3948
900 2182
502 2267
2293 2500
697 2443
1089 1186
2590 3057
1147 2112
178 1327
285 1560
1600 3206
117 2699
1567 2684
207 2690
2967 3780
1017 3736
1173 3693
94 1284
2029 2157
1960 2078
1953 3898
764 3566
885 2876
733 3901
2536 3884
404 856
1142 2687
1948 2874
836 1925
2078 3563
1471 1931
2593 3609
1200 2033
2916 3180
1283 1983
1334 1992
1840 3849
1230 2081
317 1812
344 2481
2091 2589
479 837
1271 2088
1513 2595
1488 2993
656 2983
3243 3344
3373 3700
25 383
677 1216
2052 3174
516 2950
1616 2113
2525 2753
33 39
1307 3078
1297 2557
1786 2628
82 1674
1755 2291
1795 2377
229 722
2241 3841
3079 3500
1714 3758
1036 3077
1528 3401
825 3207
1753 2736
784 1181
1523 2169
1195 1249
2643 4017
1429 3751
103 490
1418 3285
111 868
927 1075
1057 1096
2067 2690
599 601
1265 1589
1258 2623
518 3282
1743 2624
1682 2890
700 2183
1952 3597
1832 4012
1571 3178
1076 3705
1284 1966
778 2033
2096 3060
1522 3076
785 3696
1629 2839
891 1766
1976 3567
2009 3070
2955 3430
675 2002
2192 2368
1177 3673
2427 2590
396 817
1511 3263
1939 3510
2181 3452
16 1645
2134 2693
861 1144
233 1192
870 1685
628 2439
299 1344
413 3419
3564 3828
178 656
600 1398
1452 1626
562 3478
2623 3924
80 1775
3012 3222
319 2001
1964 2094
1854 3057
2372 3107
1718 3057
318 966
1620 2392
87 390
2234 2267
3084 3416
698 926
1581 3917
1390 2015
2295 3076
1005 3072
1777 2615
738 2067
1027 1466
238 1247
1073 3341
2308 2947
1873 2597
1007 2166
195 2389
517 2929
1325 2383
328 2856
679 949
1547 3544
1396 2785
2755 3094
415 2302
1984 3686
1031 2527
344 2865
2424 2784
116 120
198 711
654 978
1998 2846
1712 3483
2475 3788
1219 2090
3058 3898
2414 3529
1744 2808
1985 3257
2871 3877
1053 2018
363 644
1499 3148
3536 3776
1186 1560
293 3029
790 3225
182 3960
1261 2282
792 2904
226 1840
1414 1475
84 142
137 3575
1445 2585
2177 3755
2054 3084
3673 4030
1424 2491
631 3462
1280 3060
1413 1562
1066 3406
755 1918
367 3941
1293 2776
1059 1814
2954 3709
407 3849
954 3387
1425 2856
1110 2591
3546 3619
783 2076
3552 3757
1694 3195
1152 2524
386 1954
449 2350
2110 2290
2801 3755
105 1369
2385 2730
132 3351
471 2096
1675 2361
876 3756
2220 3229
1189 2801
740 991
1538 2941
3111 4017
2315 3969
226 3476
1668 2885
922 1153
1536 2276
239 1267
120 1653
2716 3531
1680 2195
1679 2176
2198 2466
1565 2971
1440 1946
2863 3333
151 3466
2333 2550
826 3569
231 3535
565 2537
803 3925
3259 3682
2528 3122
1078 3732
2572 3239
889 3542
1114 3353
2256 3884
1857 2100
1014 3631
1387 3001
468 1662
556 596
1610 2839
1792 2804
1076 3033
137 479
2907 3877
3155 3399
330 1133
1098 1917
1737 2061
1982 3274
177 288
163 2485
741 3039
638 3918
1447 3643
806 1871
264 1438
213 1812
404 3423
593 1828
406 3900
278 2042
3292 3755
957 2018
592 1480
2453 3301
966 2695
2761 3876
1562 3548
1600 3550
2056 2677
655 3804
11 2874
1468 3204
154 1729
1326 3742
1285 1703
1211 1659
1369 1991
175 2069
2076 3321
620 1065
647 679
2679 3567
881 1943
1251 1365
1449 2558
2525 3799
295 564
139 1766
583 1891
765 3664
1183 3133
707 2743
3516 4032
2151 2713
48 734
2834 3249
550 3095
3319 3668
2571 2606
475 1985
1633 2694
1527 1807
1625 2281
2905 3254
1563 3894
834 1768
2721 3074
1486 3850
541 559
2056 2165
2065 2736
572 2485
18 906
843 1429
448 3885
1087 2758
961 1360
2152 2313
2814 2840
1430 2925
117 3395
741 2791
2859 3619
2393 3458
568 1576
94 122
1594 3680
1886 2225
913 3107
1045 1948
2105 3246
195 3176
1124 3614
2692 3214
664 1015
2471 3022
1251 3994
754 3949
1775 3175
1445 2512
193 3715
1923 2192
2051 2121
2657 3658
1547 3568
1925 3698
3634 3920
78 4038
1893 2016
633 3661
1304 1467
1602 1639
2207 3966
1222 1254
47 2410
348 737
1182 1745
3270 3901
1449 2709
3935 4014
545 954
57 201
1062 3758
1306 1830
2116 3675
188 2632
2769 3055
154 311
3345 3826
1117 2238
2527 3011
711 854
2038 3180
646 1831
746 1547
1824 3226
1614 2375
1658 1999
357 2489
1930 2932
1365 4031
151 2872
932 3419
72 3787
851 3645
745 3596
16 1577
1644 2349
70 2723
1654 2659
997 3486
1105 3197
933 2291
2817 3668
1700 1981
2659 3693
3801 4011
331 927
2919 3750
218 2711
1111 3978
127 3981
1289 2629
173 3227
281 394
1073 2029
914 2738
1175 3498
1419 1975
803 1146
1614 3898
1866 2705
1621 3629
2053 2829
220 2084
2328 3874
2100 2493
482 2820
256 1981
1326 1495
1281 3982
700 2795
1671 2145
353 2604
35 222
2059 3620
1168 2897
66 2185
3175 3527
1028 2316
383 2128
3262 3709
1715 2230
2232 2613
1918 2060
1966 2949
688 3430
1177 3799
2339 2584
773 902
976 3580
2828 3845
2529 3818
139 641
375 387
3042 3869
2694 3687
2441 3030
2475 2571
584 3464
2351 2784
2008 3489
308 2075
434 1091
1346 1976
2468 3123
1672 1736
240 1766
3963 4028
462 615
186 3433
423 3527
3690 3953
1754 3738
2356 4012
171 3803
117 372
3138 3197
2355 2732
2423 2921
1473 2643
259 1975
3787 3857
816 1201
1005 2100
1110 3840
1997 2068
1336 2265
1464 3306
392 2306
134 2064
1884 3233
1245 2287
192 1600
225 2334
296 3379
2553 2905
1317 2336
306 1526
2643 2799
512 1874
1188 2059
1952 2214
39 205
891 2508
333 3950
419 3874
1229 2141
913 3461
862 3976
409 2583
193 2658
2985 3046
1673 3015
2317 3025
3334 3359
1192 2998
2724 3262
470 1273
1351 3802
1991 2605
27 1191
2474 3847
234 742
278 1062
2353 3377
1495 3950
3065 3742
1296 3886
241 2902
1793 2879
1618 2845
2368 3500
1033 3035
1427 3512
562 2872
888 2713
2682 3545
57 2993
1892 2398
451 623
1770 1905
1312 2581
2950 3961
1661 3416
1003 2686
1249 1817
235 2449
1904 2183
198 859
887 2162
2927 3182
1335 3302
1334 3858
788 2451
345 2918
516 2398
1172 2444
1711 2136
625 3156
2872 3573
487 813
2862 2903
1164 3312
2460 2902
768 3514
2158 2575
3294 3630
107 3629
2071 3585
46 2089
137 3994
136 3712
531 2872
2444 2537
1953 2247
774 2897
2346 3132
1533 2261
2731 2828
247 725
1055 2469
3011 3838
901 4002
1674 1871
1476 3894
1421 3620
1102 2086
1318 3065
2267 3318
1143 3810
2705 3047
2423 4004
2364 3767
719 2188
1773 3286
305 945
796 1096
1858 2375
343 2333
509 3177
67 3468
3465 3499
1415 3090
2834 2947
595 3149
3394 3633
663 3270
262 2504
498 1929
501 1838
1900 3633
1019 3690
518 1835
1140 3496
2352 2931
2353 3922
3960 3980
2566 2616
2192 2642
291 303
939 3078
496 3587
2520 3392
94 4038
685 3905
881 1199
2406 3298
1593 2476
3 3782
437 2915
447 2683
349 3042
178 3306
14 1376
2998 3165
502 1990
2842 3230
1332 2364
2609 3391
1677 3600
1637 2832
764 1266
186 731
314 3185
837 3926
2093 3840
422 2159
1876 3469
247 3378
2279 3510
2456 2721
1705 2846
1429 2994
755 2142
537 3619
77 2395
701 3711
1122 3130
265 4006
1395 1714
405 3369
968 1413
2615 3395
482 3467
1016 3528
680 1434
940 1250
309 829
2161 2176
3189 3875
102 993
1720 2078
622 2027
1534 2029
2306 2785
2663 3684
496 2340
2063 2824
740 1811
1303 3383
1318 3514
992 3226
2849 3854
3188 3416
1717 3774
311 2962
1083 3259
2089 3406
3456 3589
1219 3233
2346 2467
2711 3969
637 2734
2943 3620
689 2357
2934 3590
657 1214
3033 3974
1285 1720
2279 2781
190 2659
2137 2596
2194 2512
2623 3120
2339 3974
2312 3768
1183 2820
118 2720
345 1652
2848 3093
342 566
1191 2811
2483 3392
1367 3580
1224 1920
282 3603
209 531
154 2430
160 3901
3 1868
3096 3170
1178 2235
698 1812
1548 2954
742 2388
1523 2516
1405 1847
1850 3094
1282 1604
2048 3613
432 3794
1287 1974
707 3660
209 3268
1298 1920
515 1439
491 540
2384 3263
384 1143
630 2090
1362 2402
2463 3578
1762 2546
2484 3722
994 3865
288 3479
3419 3783
1663 3317
317 3961
888 2648
946 1197
1198 2652
685 1315
3140 3805
2070 2934
907 1894
742 3571
192 2088
164 2255
3295 3348
1721 2698
906 1854
527 2932
1868 2088
156 650
243 3351
828 1962
708 1679
1281 4003
207 1432
656 3600
541 876
3447 3890
1316 1330
1029 3215
1188 3620
2014 2046
1353 3610
1499 2369
1102 2450
217 1187
3670 3698
222 1885
2091 3101
1674 2661
2885 3128
1466 2084
886 1713
1162 3760
27 249
1973 3271
1040 1595
2075 3604
1742 3837
2863 3817
2279 2477
519 3863
516 1956
2589 3199
708 2281
1255 3408
416 899
447 3550
2937 3100
1552 3865
3261 4036
221 943
540 779
839 3501
777 3681
208 1677
2669 3442
77 1919
2831 3398
382 1435
1254 2631
1077 2554
50 964
1392 1926
3575 3643
515 2820
804 3418
442 1105
1349 1511
1504 3564
1199 1640
2025 3119
163 1747
1474 3658
102 2557
295 2066
1872 3351
1446 2296
2097 2315
1222 2088
1011 2889
101 3466
238 3413
3140 3451
490 1111
2825 3645
2903 3150
658 900
1329 2761
2226 3836
1414 2945
1881 2079
1924 2326
599 2292
774 2422
64 2033
648 3781
274 564
813 3501
794 811
1119 3406
360 1850
888 1133
1051 1367
1310 3326
3440 3457
2204 3991
717 3569
99 504
2075 2467
1496 1820
2554 2872
756 3184
2496 4006
445 1046
1703 2385
1716 2101
714 2719
623 2300
1242 2798
73 1855
106 2606
596 1815
3114 3641
3671 3795
1526 1609
766 2464
2981 3693
1563 3057
2003 2406
115 680
598 1395
203 3103
84 558
1184 2817
1786 3115
815 3178
123 1159
3800 3937
2788 3542
1572 3712
878 1921
1306 3945
805 1138
3536 3785
1575 3901
1806 3958
2832 2999
2800 3214
2649 2860
2814 3766
2668 3824
1464 2491
1916 3935
504 2254
2437 2662
593 2978
251 3058
271 2398
2452 2631
1752 1885
347 3577
3607 3638
648 3128
433 2614
616 2142
1141 1628
690 2142
417 3475
713 843
124 1699
865 2059
1910 2881
336 1537
1642 2566
1170 2764
2698 3421
1429 1855
1189 1341
171 3271
970 2130
1965 3972
1617 2282
2279 4007
1454 2835
1789 3321
3601 3631
1041 3240
758 1902
2674 3518
1067 2816
520 3515
1840 3955
2912 3813
2255 2365
2374 4027
487 1769
1160 1992
735 2291
3866 3912
2480 3045
208 3182
523 2243
2799 3387
1389 2648
184 1522
3805 3815
701 3585
1754 3622
74 2256
373 584
2750 2791
2595 3457
324 1907
2211 2718
880 1185
1639 2212
1003 1016
1676 2198
1199 3903
567 2147
1437 3342
2670 3722
735 3416
106 2658
123 3957
2818 3345
140 4027
2093 3622
2376 2792
23 59
1393 3082
2159 2746
665 2136
2858 3287
2619 3250
2707 3249
190 2225
187 1284
336 2913
195 2230
1063 3748
775 1542
764 3962
2746 3101
547 3735
784 2937
931 1426
1382 3618
940 3370
3543 3671
361 3881
3229 3257
765 3158
28 2647
976 1880
323 518
2059 2762
1533 2578
1070 2722
2601 3257
2734 3612
2760 4012
1825 2490
1907 3714
770 1240
100 3990
1954 3221
182 3177
335 962
176 2588
37 2799
1482 2178
237 1646
129 3890
970 1091
2286 3615
657 1550
251 812
1620 3160
2289 3507
1192 3940
85 619
2181 2488
832 2920
2143 2599
2537 2540
1590 3530
1711 3885
1428 1591
3665 3808
2189 2744
2470 3565
491 2666
843 3366
3395 3554
1495 1805
1642 2403
28 1521
1745 2064
1328 1648
631 1392
2191 2704
774 3969
745 3012
579 2824
1714 3803
1437 3729
2511 3205
650 1086
475 3450
3031 3516
1038 3813
1579 3967
90 1141
2214 2915
907 2848
3179 3288
3621 3667
1561 1889
297 3580
697 2443
1235 2085
1394 3174
731 3039
153 430
608 804
401 3545
775 2142
2222 2734
1849 3223
2153 2222
484 2593
3264 3933
102 2449
1140 1371
497 2387
2193 2415
2048 3486
2300 2492
1376 2958
784 1242
779 2203
236 2312
2744 3922
85 3096
927 1761
1336 3204
2522 2872
157 1381
262 385
2056 2432
685 2243
2213 2898
870 2404
722 3574
183 445
2401 3438
341 3601
232 3604
544 3458
237 646
1962 3170
1562 2274
373 1903
641 726
305 3910
2305 2618
948 2265
2041 3946
1925 3886
2 2523
241 2558
530 1788
1264 1861
2838 3580
2181 2696
3166 3538
1055 2862
3195 3961
2386 2609
1398 2476
759 3796
426 1517
1450 3662
3109 3969
1565 3740
1574 2804
554 2671
2711 2936
260 3027
1785 3576
1923 2659
476 1078
63 2377
617 3410
643 3504
731 3709
2213 3448
496 1212
3597 3834
1967 3368
3699 4025
266 2673
309 1561
460 3278
784 998
1735 3852
1449 3626
154 504
657 3660
3064 3071
189 2135
112 2261
1079 3368
441 3561
1935 3218
1796 2247
3431 3498
2082 2437
1695 2230
562 1123
2601 3174
429 3641
1689 3725
82 2973
2919 3227
2379 3233
3182 3821
3571 3782
954 1589
3022 3599
68 771
2580 3590
1250 3397
1099 2763
687 3462
129 2477
1541 1563
1352 1915
1820 3712
618 1076
1635 2247
56 1484
1140 3441
2566 3209
315 1857
1183 1486
2317 3196
2070 2471
2285 3953
208 2364
290 3644
483 961
204 960
195 478
3021 3106
1502 1809
455 3532
953 1066
3165 3688
1827 2910
1351 2850
1639 2989
1458 1558
2077 3643
3489 3546
95 2145
2627 2821
2525 3559
873 3184
919 1037
532 3698
560 2437
1474 2661
153 4011
58 2101
1230 3789
403 2031
1995 3112
899 1632
371 1099
36 773
2087 2703
170 2527
2052 3458
2010 3072
558 890
3281 3290
464 519
1192 1918
2978 3118
288 1172
229 1593
1717 2036
3442 3859
626 2463
873 1563
1662 3721
1172 3076
42 2898
2344 3232
1645 2249
574 3730
776 1660
263 3065
1532 2234
1894 3821
474 2435
1619 2631
953 1786
2150 2952
835 3591
45 3689
2862 3889
2105 2154
2757 2764
459 1505
157 1310
1298 1674
98 3981
1307 1811
2484 3700
3070 3684
155 1175
2779 3558
1473 2145
410 1259
357 3276
2005 3531
162 1576
2183 3869
1733 2257
1086 1353
843 2181
2506 3988
624 3670
1588 1746
621 1769
2338 2860
2151 2525
1285 2015
2078 3994
994 3579
1554 3292
46 481
2854 3129
2940 3001
47 4017
560 2702
883 3892
4 2399
605 2628
2229 3830
2435 2624
1073 3776
1933 2690
1420 3321
1284 1900
1428 3149
2093 3228
1726 2078
2061 2524
1681 3464
848 3886
76 417
19 1792
1586 3029
3768 4025
721 1065
990 2370
815 1038
1330 3950
2099 2281
2578 2977
2159 2349
1392 1555
2235 3643
3102 3979
316 986
1267 3683
1686 3571
357 506
2396 3076
3025 3689
40 2452
605 3595
575 2889
404 1967
1467 2285
3180 3227
928 1830
440 3446
1589 3991
1464 3863
1217 3892
3083 3954
817 3241
1702 3601
709 2319
438 1054
1415 1426
1523 2441
791 2091
1952 3009
259 3536
2403 2692
1001 3225
644 2877
1580 1795
197 2107
689 2338
411 3503
484 3435
1106 2280
865 1986
1614 2284
1758 2209
1187 2931
893 1676
46 2386
1399 3525
594 939
3652 3955
2284 2404
373 971
256 1305
376 1687
744 1801
43 1789
677 1615
421 2640
1376 3804
1155 2527
1942 2444
670 1332
951 3336
184 2579
461 3925
570 2591
669 2998
823 1713
866 3599
349 2552
259 1188
1051 2280
2289 3793
10 2622
3108 3248
2338 2920
1432 3683
2434 3509
1056 1784
759 1314
660 3796
3156 3749
12 3548
2109 3590
1813 3547
941 1089
1467 3074
535 801
102 2349
2323 3839
2135 3932
105 444
2746 2887
2953 3792
84 288
727 2199
2234 3323
930 1356
647 2015
2066 2329
937 2156
51 714
2369 2744
2734 3823
3489 3738
541 2827
308 3092
184 447
31 2071
191 2448
590 1221
261 644
869 3296
477 4007
1568 3816
1506 3301
1004 2760
675 1605
530 3490
1787 2889
650 1422
168 2241
2840 3355
1989 3020
825 3402
1319 1552
2583 3626
1467 2115
1502 1538
993 1301
2792 3371
448 1322
1912 3440
2555 2993
695 1713
2962 3130
2102 3623
1643 3369
2465 3831
2133 3138
139 527
773 1399
3576 3829
1014 2746
826 3014
3524 4015
1398 2466
1184 1768
1674 2604
440 1009
1166 2585
680 2393
3052 3965
2570 4029
728 837
2335 3761
2271 3729
306 2161
2438 3863
586 927
2566 3677
2637 3126
1646 3060
1013 3147
693 1431
443 2785
1910 3518
3874 3975
1774 3714
2901 3521
78 1740
3141 3850
2026 3554
1611 2147
1229 3646
296 3003
1186 2456
2021 3796
1554 3194
2393 2649
1130 1769
1334 2981
2671 3522
1077 3843
2131 2751
1302 3099
1248 1745
541 3014
552 1273
2524 2951
1161 1685
604 2750
285 2568
1621 2552
204 2034
1550 1641
3974 3992
1464 3526
1015 1226
809 1358
1892 2645
1094 1150
1797 1884
967 1726
79 3654
2079 3347
615 1083
689 1058
1152 2087
26 2766
998 2270
2359 3497
1954 3714
488 3659
3821 3918
1234 2885
2843 3893
1059 2925
2168 2262
1478 2053
304 2853
552 2452
1833 3092
2876 3299
1306 1698
2294 2869
1769 2290
1015 2436
1892 3514
3712 3772
640 3334
845 2496
86 181
1210 2837
2550 3263
1934 3003
1232 3614
1303 1736
269 415
991 2599
3795 4011
1416 3540
2620 3948
1128 1671
3941 3991
1511 2745
1 1082
165 3268
841 1572
371 1377
474 991
1842 2806
424 2191
934 1622
1473 3196
2632 3624
2069 3619
1317 1337
2034 3402
509 2824
1346 3372
1058 3898
2624 3898
2341 3825
183 213
30 2604
1428 1901
1259 1334
2313 3225
787 1788
1072 1404
179 2604
1868 3997
2278 3088
816 3987
1741 3676
361 2505
3134 3176
816 1736
587 1137
1802 2690
1529 3381
2694 3519
2424 3852
817 2265
88 1678
1249 2735
989 3206
2128 3332
2592 3502
216 3217
1240 3152
3070 3396
846 2440
354 567
354 3734
2014 3518
2565 3222
2064 2803
704 2649
518 2453
85 235
1539 1737
1702 3030
1198 3720
2484 3297
684 1641
542 3444
3562 3694
3227 3760
1127 1862
2492 2974
1346 3512
1344 2290
583 2464
1215 2917
1418 3854
1754 2757
3501 3569
364 1830
1401 1593
55 425
651 1861
286 919
28 992
1897 3265
3124 3589
596 1134
2214 3921
3422 3837
1639 2908
716 2892
3344 3906
1073 1420
1621 2946
2685 3653
111 2791
452 3995
1400 3326
1166 2867
459 1770
2952 3803
1426 2451
3655 3788
671 1780
1487 1733
661 3939
474 2502
1343 2605
481 1030
206 3877
1053 2618
393 3040
1226 1805
703 2750
336 819
1081 3066
458 2156
1072 3774
2154 3634
3219 3270
1275 2718
608 2319
1459 1607
3448 3755
1164 1638
63 156
1120 1613
38 849
2661 3768
1852 2058
210 389
1586 3139
2081 3503
285 2003
777 1937
451 1904
1985 3629
3457 3745
1464 2848
594 990
2591 3761
2312 2643
1457 2062
1273 2249
2062 3233
2720 3203
332 3141
506 1234
333 1377
1034 3243
1609 4028
768 827
1335 3431
1367 2453
2453 2948
2759 3993
1727 2439
170 3562
1497 2014
167 3880
3350 3659
3091 3692
546 1728
1510 3631
19 1772
2308 2476
1092 3462
611 1930
1706 2478
741 2190
2765 3363
552 3951
1113 3734
1318 1923
1639 3416
1792 1958
1738 3710
1150 3342
1206 3961
1015 1831
1826 2522
943 2283
1099 2843
376 1001
146 3541
541 3709
200 2964
2232 3354
365 1541
1831 2143
1612 2436
575 644
831 2140
2207 2500
1117 2372
353 1177
366 826
1248 3425
106 2291
1234 2488
2531 2559
390 2073
2471 2564
1989 2028
1978 2226
175 2709
3637 3655
1268 3583
272 2599
1250 3064
1808 2081
1128 2348
919 2551
3042 3856
101 1507
444 1988
2172 3686
3320 3394
1643 3741
476 1284
1831 2763
1250 2796
928 1424
1037 2278
38 2126
53 3600
2186 2521
749 2439
430 2711
2453 4037
426 2247
2346 3377
620 2161
1689 2184
863 1743
2240 3319
2027 3966
2029 3577
726 1902
82 2380
1048 2401
1947 2086
886 1379
2740 3954
183 2271
2232 2351
1215 2622
326 3054
906 3834
1101 3171
1198 2910
887 4010
1996 2575
1020 1880
1999 3499
241 1991
292 1910
2796 3501
768 3306
1418 3587
1247 3150
2672 2731
1579 3445
113 2152
2404 3978
1061 2782
314 2904
877 2246
1238 3762
169 1140
336 3709
1888 3218
1835 3326
265 1734
1458 2758
2613 3215
2606 3401
280 1504
1331 3141
504 3442
1123 1884
1372 2219
3188 3518
607 1949
504 2679
2549 3837
2978 3970
2651 4017
159 1491
439 2264
572 1024
3360 3984
821 1618
483 2088
997 1128
2468 2955
533 1980
1261 1590
2262 2873
519 3300
2336 3646
1573 1999
2848 3318
2408 3782
2678 3827
612 1774
2513 3186
1510 1863
22 3982
1337 1932
1580 3930
3456 3901
1192 1932
1256 1706
1551 1673
167 1720
1996 3577
1748 3378
751 858
252 437
584 3002
3048 3730
1175 1932
2435 3547
1140 1169
3040 3055
1538 3029
67 1889
366 3533
352 3673
1255 3088
3247 3526
704 4031
1496 3725
662 1337
249 2107
111 176
1334 3902
2164 2514
352 2595
584 1357
1583 2359
949 2881
196 942
2771 2979
2825 3694
1639 2165
445 515
757 1151
43 2067
264 698
7 3040
2526 3615
654 1613
3209 3397
2453 3293
2298 2814
66 942
1550 2782
550 2629
981 3189
1596 3981
61 1017
1678 2982
1323 2134
3094 3974
347 3386
442 722
553 1515
642 674
653 2715
2553 2800
555 3295
1933 2883
487 1072
1194 1785
676 3270
2424 2468
2211 3756
964 1860
2422 2967
2481 2809
292 1659
2734 3096
455 1978
3331 3567
303 2422
2325 3099
2375 2609
1140 3768
1763 1803
1040 3462
894 2751
1211 3975
2247 3975
3418 3642
3062 3412
104 2738
920 3109
2559 2710
3656 3884
1916 2781
257 3241
648 1204
2058 4012
2105 3575
744 2422
1438 3470
525 2415
71 771
2946 3373
2227 3084
2578 3189
1608 3240
3615 3920
1349 2190
3506 3966
188 1654
624 3696
1641 2646
1463 2804
1892 2315
1811 3080
1259 2436
2101 2754
2701 3632
1356 3759
1094 1148
144 1263
1619 3863
1614 1728
2067 3960
2212 2680
288 391
464 1995
2970 3892
3137 3688
2080 3024
2488 3358
352 3117
152 262
162 2413
2324 3689
747 2199
1261 3600
987 2303
1872 3494
403 659
1062 3141
2986 3665
90 3140
280 3329
2036 2800
1265 2526
3571 3954
1742 1771
1798 2310
523 3561
947 3824
278 2378
8 1689
2546 2566
69 1132
2554 2851
1810 2327
2901 3627
1096 3933
695 3219
643 950
2848 4016
1629 1905
1243 3654
2691 3614
2216 3533
61 1159
321 1250
540 783
1285 3703
2620 2629
859 1171
2024 3736
2870 3180
283 525
198 2235
769 3868
1418 3061
2816 3022
2469 2714
1783 3106
1277 3130
2803 3499
740 1996
643 3773
167 3886
607 2831
1638 3117
831 2241
1422 1917
1049 2178
261 3463
559 2465
2603 3165
2305 2792
345 449
1947 3887
2662 3411
514 1525
531 3027
326 2589
94 215
2257 3237
761 3169
2270 2407
1205 4025
2819 3720
72 820
415 3644
509 2687
85 2199
2756 3406
741 2719
1597 2966
1717 2737
1154 1253
1941 3360
2440 3336
2210 3078
495 747
1651 2133
1397 1892
1409 3414
738 3722
747 3185
855 1093
2030 3480
57 2849
1807 3660
659 3181
1604 2837
291 1404
2151 2235
3272 3455
145 2624
1009 2926
1277 3014
846 3019
3410 3429
882 3743
2016 2656
666 2439
1767 3376
3156 3254
34 1183
1219 3025
1096 3094
1575 1810
1328 3941
119 880
578 2984
545 3972
2185 3188
82 3671
308 2416
1782 3444
697 3209
623 2448
1578 3964
1802 3197
3374 3597
776 1868
66 3094
796 3206
2011 2329
218 1916
767 2443
913 3205
941 1181
1469 4021
1389 1401
2367 2587
1621 3473
2068 3025
833 2804
442 1647
2459 3027
2372 3719
1343 2716
2883 3947
119 979
1538 3882
2677 3385
1392 3893
747 3357
1494 2230
1459 3975
2104 3233
1476 1788
1080 3961
2599 2676
2220 3144
1472 2545
1050 1413
340 352
2329 3920
44 358
750 2664
551 1882
444 2850
1864 2819
1298 3145
2370 3687
1302 3276
3586 3749
2450 2658
1021 1544
1894 3908
1236 3840
310 1596
219 1246
1243 3408
544 1302
869 3463
134 167
702 1675
1016 2922
264 2659
234 1573
1691 3321
1820 2925
2032 3633
2909 3663
51 3796
2440 2769
437 713
50 3485
437 1272
200 1177
1508 3700
1504 2469
1465 2486
239 3073
1594 2031
674 1435
722 861
600 2883
2797 3310
1272 1487
812 2678
1736 3716
216 3943
283 1329
564 843
266 1887
124 2418
2141 3894
2286 3578
2164 2774
2681 3729
1916 3838
501 2413
3182 3750
2949 3070
1557 3417
3168 4036
696 2950
444 603
1066 1525
301 475
812 2319
1456 3847
638 2691
645 1174
1388 3043
293 1077
1990 3235
247 3694
280 698
1114 1466
1490 1895
1122 3556
509 2811
1963 3570
1570 3366
1585 3109
240 2023
534 951
1336 3118
1934 2685
2293 2833
1078 2595
1020 3429
1148 1521
3592 3928
2273 2756
576 1387
2821 3393
2455 3945
2454 2694
794 3132
2859 3167
624 1266
910 3828
150 3108
2169 3229
2757 3300
2034 3452
1094 1478
733 1845
43 923
1296 1484
2172 2338
768 4025
1240 2888
1296 2294
1504 3112
271 3485
291 3196
186 1074
1504 3392
2428 2478
1390 3379
574 3390
1011 2914
1476 3650
219 2838
762 3711
324 3393
1137 3411
2261 2848
883 1228
786 2422
301 3833
1480 1767
3286 3519
2339 3722
630 3177
3106 3181
66 3554
2315 2974
2781 3156
488 1216
2321 2867
381 1707
217 3880
1384 3656
2365 3742
569 4036
1390 3741
1086 3223
186 2144
2169 3557
2689 3574
2009 4026
8 355
78 364
777 1901
311 2860
410 445
252 1015
3057 3487
976 1722
661 3774
76 383
21 150
1664 2698
1105 1786
208 1769
2115 3716
71 882
623 2680
780 1882
646 997
386 636
1272 3891
906 3038
1564 2132
380 3294
2681 3188
227 498
1511 3978
1391 1956
612 2649
823 2498
1024 3865
448 1395
439 1249
1777 1881
2752 3386
803 3361
1665 3405
936 1822
621 2031
766 3989
386 1495
346 2858
1119 1481
1086 3801
832 2567
737 3082
307 1955
738 1429
1445 2698
858 1677
1057 3479
2198 3063
2275 3185
2832 3052
1141 2089
376 2417
2372 3191
416 2295
3453 3704
1194 2943
714 1842
2570 3499
1189 2585
200 3158
77 2431
96 974
31 1635
1402 3765
1579 3299
1662 1907
1048 2906
3291 3851
606 3468
1562 2928
851 3371
2690 2780
1824 2292
3377 3800
2066 3342
542 2440
780 3989
481 517
1579 2326
225 3597
1895 2329
61 1850
274 1412
1797 2107
83 315
1492 2371
1578 3628
2168 2738
935 3841
373 2772
1100 3664
1046 1786
1173 3409
22 1543
1543 3602
1615 3103
75 2994
2026 2589
880 3913
2949 3705
494 1513
492 3558
1411 3698
1341 4006
2791 3396
1218 2182
2173 2803
1735 2698
425 1270
3217 3326
93 1371
367 2713
52 3753
153 3681
1175 3335
193 3758
2211 2304
2403 3013
1288 2549
587 1225
2231 3565
2254 3719
1962 1969
1901 2580
2056 3517
1578 2635
2863 2878
980 1433
515 3904
756 3759
3130 3863
2289 3689
228 1999
494 2988
785 2332
81 1999
1717 1992
1811 3246
174 2600
1470 2517
1418 3944
2065 3168
559 2487
146 2360
2426 3317
3335 3756
1928 2438
2414 3404
1953 2109
1184 3873
1160 3715
2038 2811
460 2972
191 2116
1474 1693
1676 3150
3575 3930
363 1481
2871 3719
3169 3906
2164 2320
2543 2762
2721 2932
81 1109
2601 2837
1239 1386
22 2144
2495 2842
2526 3543
2368 3126
690 3964
230 3441
638 2125
134 3884
753 2855
2206 2792
1204 1900
1553 1867
783 2865
1533 2584
2452 2650
1753 3547
462 2798
2043 2471
500 3118
973 3342
1628 3039
1149 1986
2971 3403
1093 3044
2366 2878
1006 1384
74 3724
2038 3421
429 720
465 2636
3171 3755
340 2480
725 1583
2056 3246
558 755
554 3467
629 2902
1413 2967
602 1523
2213 3493
230 3546
710 1105
324 1064
1457 2424
583 2675
798 2137
930 3753
3621 3676
1898 2092
803 2407
2402 3017
1367 4034
2263 3963
1733 2170
842 1284
194 592
391 2379
2745 2891
1652 3024
1493 2149
2259 3284
686 1128
2105 2894
1852 3711
577 1869
1267 1941
1179 2267
1309 3688
559 618
142 163
1681 4008
1400 2804
11 3517
843 2325
389 3250
1788 2125
208 3179
3783 3867
90 1103
1710 4022
2213 2913
1372 3330
3193 3396
2251 3122
275 2333
566 2748
608 3301
1735 3764
1610 2914
2587 3884
1104 2526
471 992
782 2248
1625 1832
923 2572
1082 2591
856 1680
283 1605
1892 3294
2356 3386
1588 2683
860 3611
185 1886
3017 3425
647 2421
713 3259
403 3082
1224 1856
1865 3812
523 2541
890 2361
241 3693
2528 3544
2889 3597
957 1766
269 1273
1099 3605
927 1842
177 662
765 821
1443 2057
1866 3827
506 1746
3349 3377
345 3174
1342 2999
1719 2084
1289 2202
205 1417
549 1713
2206 3811
2967 3102
1206 1525
1658 3914
714 2132
959 4013
2487 2627
717 2017
552 3009
1873 3212
1467 2575
524 647
631 3711
3191 3357
1688 2917
1046 1504
1713 2191
333 1978
3119 3577
2436 3539
2354 2618
351 847
1139 3497
79 2374
2139 3046
3631 3975
169 1577
3068 3661
1683 2813
1768 3184
2257 3614
3575 3798
1039 1201
591 2849
1634 2978
124 1309
2144 3461
1249 2725
1457 2216
3571 3821
1934 3725
299 1423
2284 3720
256 3056
1529 3721
803 989
2161 3078
1889 1906
619 3663
2119 2540
745 1021
1629 2582
1874 2642
1791 2583
3132 3645
1453 3687
2445 3704
421 1766
267 615
1515 3427
3478 3628
643 2196
1640 1926
1061 1078
1582 3831
2419 3217
1690 3545
2602 3047
1894 2387
2330 3439
821 1266
1342 2617
904 1965
923 1327
1860 2111
526 911
963 1757
659 3471
812 3861
480 1168
2217 2788
2096 2512
349 3675
2011 2671
864 1749
523 1630
1386 3497
650 960
936 1778
1542 2948
816 2904
2050 2260
137 418
1663 3339
1170 1253
221 2197
651 3009
747 2289
724 1618
835 3256
1295 2735
1190 3497
2019 3705
1425 1578
3364 3917
404 3754
1853 2201
2160 2314
503 2488
310 953
1525 2447
711 3378
1996 3150
946 2954
475 543
1459 3323
538 2353
2629 3541
1987 4021
307 1619
1179 2056
74 1463
2511 3740
2618 3314
3634 3809
3009 3808
211 3054
1499 1601
1053 1558
3394 4028
162 2948
247 2065
1501 2837
1128 1712
1356 3455
3016 3666
3519 3711
851 3901
1829 3286
3330 3906
441 2094
1067 3830
353 1017
2535 2699
261 641
508 601
369 1516
1590 2557
46 1672
750 1966
1453 2373
1764 3435
906 2120
1704 3458
378 1441
219 2278
2864 3734
95 2357
3335 3894
2477 2794
1033 1710
303 4013
805 1528
1240 3067
52 2243
338 1251
3236 3881
466 1333
362 1425
2984 3086
1882 2292
3099 3107
2559 3968
2233 2895
805 1390
257 2532
106 957
1170 3079
2424 3921
1058 3199
2184 3665
336 401
2106 2952
1569 1938
42 486
3257 3404
115 2236
597 1368
907 1784
41 2136
918 2346
1708 1991
2132 3069
1362 3830
2199 3287
1171 3522
2554 3942
1212 1928
241 3133
1117 3362
533 3953
1414 3445
1784 2779
388 1807
94 2332
984 1484
2066 3199
823 3326
166 3838
986 1227
1772 2818
1304 3819
786 2128
1437 3807
467 3033
1270 1722
1538 1554
1661 1791
240 1452
1697 3426
1367 3538
352 460
456 2688
2137 2727
291 890
634 1191
1403 3461
1128 3249
903 1141
1903 3592
3154 3184
767 3458
2031 3846
308 3820
2288 2465
94 2689
70 939
548 1169
1711 3284
798 1816
2920 3689
450 3862
541 2830
505 3573
2071 3681
3624 3628
2464 3485
1530 2859
46 1011
628 4011
54 3973
178 3852
301 1162
214 2477
2343 3824
3470 3838
310 2798
926 964
68 2164
1333 3988
197 1027
1396 2640
723 2801
1935 2440
409 1365
229 1579
301 1594
3294 3518
1238 2813
3021 3824
1191 3812
2620 3319
66 1513
2030 3395
268 2624
44 58
1603 3529
585 1288
626 1042
117 3588
3258 3767
1446 1761
572 2773
2417 3902
2687 3690
2152 3409
1526 3443
1594 2072
392 2405
2039 3268
3432 3648
2865 3125
1345 2795
436 786
593 2581
347 2152
3176 3638
82 1754
1140 2787
914 1119
537 1622
1962 3861
3216 3495
985 1544
612 693
3066 3651
2462 2660
251 3866
1714 2918
414 2478
577 4021
458 1384
3147 3888
509 2565
646 1158
523 3707
2256 3152
358 2690
2892 3426
2024 2395
838 1418
807 1449
1528 2658
416 2435
1217 2926
3173 3477
1557 2379
1366 4024
432 2988
1758 2135
2779 3979
2057 3559
1921 2550
1578 3402
244 641
1272 3170
1467 2986
1642 2918
510 3638
3280 3864
1748 3935
498 1522
86 2266
396 3722
1350 3057
1299 3054
979 3005
67 2912
874 1643
1944 3199
1279 1771
783 2532
1559 1581
1164 2635
2399 3458
1007 2977
775 1428
1147 3179
1384 3829
77 2236
50 1628
161 1000
813 3236
5 2471
2397 3726
1537 1823
926 2551
1024 3072
1914 2298
1985 3360
303 3220
2938 3621
605 3996
279 2071
45 731
1820 3656
1436 3795
585 3842
1819 1979
2711 2928
1561 1735
1150 3986
391 1927
855 2740
2141 2317
1436 3660
668 2705
802 2877
2608 2951
1571 3589
1498 3297
1086 3291
2237 2318
1448 3390
1563 2095
1454 2846
1788 2169
1228 2127
1833 3762
2278 3543
802 1429
1529 3711
1395 2762
150 3689
1308 2319
154 3371
326 939
1479 1563
1362 3506
1196 2265
833 2272
2256 2435
445 1186
1226 2979
1611 3629
1067 1295
876 3877
1188 3185
2072 3519
2803 3530
2367 2548
615 3471
464 3229
1 1688
350 1034
3417 3686
1099 3814
1283 1796
378 835
567 1332
2831 3881
484 1301
513 975
613 2521
1423 2725
2524 3094
189 1710
2679 2790
830 3179
2726 3292
1224 2620
1833 1887
1363 2216
1685 2971
682 1662
1061 2219
335 2116
1480 3212
3001 3587
826 2911
1284 1287
3095 3772
545 2812
240 3452
1949 3200
1585 2995
480 3877
669 2444
232 661
607 999
1137 1185
520 2564
3002 3461
1550 3477
1200 2852
802 1581
2772 3064
2493 3966
190 2896
1223 3223
1643 3018
2685 3954
1018 2371
1963 3881
1233 1793
1925 2880
1818 2936
1470 2068
1409 3245
1194 3372
501 2910
1672 1933
715 768
1394 4020
722 854
977 1523
3417 3744
535 2847
1339 3457
3206 3472
2488 2560
1696 2065
982 3230
1361 2381
2082 2292
912 2850
1997 3548
247 3058
132 2925
1014 2222
2277 2406
823 3733
233 1990
223 3520
1249 2187
209 2535
293 842
1775 3993
172 864
3660 3730
1272 3524
400 3455
1110 2573
476 1014
1289 2560
342 2303
1691 3364
140 892
2162 2234
2345 2649
784 1567
2142 2868
1392 3453
2391 4000
17 3982
2496 2889
1106 2520
374 473
1928 3608
15 1427
915 1579
1889 2620
2540 3969
605 851
313 2263
814 3281
2440 3225
1691 3671
1381 1395
963 3698
302 1684
707 2373
1213 3841
820 2094
1329 2193
1537 3920
410 2016
601 2367
352 2703
1135 3699
1667 2782
887 2332
733 3073
1041 2443
1759 2554
591 2578
787 2774
386 1959
2368 3985
2070 3950
96 1706
1451 2543
454 2567
1175 2506
414 3060
1165 2574
670 3074
3061 3703
1973 3488
1027 1448
2878 2906
193 773
570 955
691 3736
3752 3782
30 1147
41 2749
21 3105
626 3219
1260 3676
576 2437
456 3211
3519 3678
2660 3988
946 1396
1819 2126
1459 3919
2710 2913
372 396
57 2160
2385 2635
288 1686
871 3488
2833 3961
2568 3634
2515 3420
1765 2147
32 383
660 1496
1877 3132
367 1848
650 1996
397 2538
828 3813
123 1618
245 1294
2930 3337
2193 3774
1572 1612
2677 3290
2747 3868
720 1956
96 1807
3222 4022
858 1324
1644 3253
549 2773
706 4020
1118 2202
3754 3914
3578 3882
419 3140
511 1298
1384 3633
1363 2626
866 4027
647 3717
2295 3278
1631 3684
488 2671
848 2886
1055 1425
2655 2875
650 2997
1612 3031
160 2936
502 3563
244 1650
1325 3278
1772 3352
494 1633
1176 1722
1821 3649
2625 3756
798 3232
919 2350
785 3586
1187 3603
1552 2642
825 2130
291 2267
953 2363
2567 2808
303 2466
447 3585
1443 3793
1863 3414
1249 2509
678 2825
1065 2904
3213 3489
1413 3332
2705 2947
2700 3159
478 2723
1089 2203
2481 2729
62 1825
3173 3294
1587 3773
1200 2204
3096 3321
2113 3056
227 2844
512 1181
1518 3223
1025 1870
1010 1352
123 3339
770 3142
1452 2725
2896 2914
489 1167
1151 1775
3572 3892
1768 3716
3552 3730
2489 3245
639 2347
1683 3741
3381 3924
496 665
568 3197
2136 3415
56 795
1377 2037
1226 3168
225 3488
1544 3488
1995 2795
400 769
760 3270
3185 3846
1277 2355
1943 3748
494 807
1786 2873
567 1534
2021 3740
177 2694
258 2044
109 3993
989 2031
1973 3025
1380 3914
245 783
91 489
749 2356
619 3832
3155 3476
1914 2508
589 2309
3453 3911
2381 3446
1329 3166
1507 2358
2970 3325
461 3136
1692 3042
586 3978
895 3736
1525 1619
1461 3899
1514 3826
1114 1152
1098 3588
1969 3115
480 2020
3504 3702
2634 3994
899 1644
3072 3474
2926 3469
1284 3920
824 1164
2219 2302
75 2242
116 1883
2380 3970
2346 2485
520 2045
1747 2336
2788 3660
297 1613
1654 3394
692 3122
182 3542
2143 3480
1550 3900
301 1944
1011 2685
1760 3341
2694 3488
407 3365
105 2259
2692 2884
1149 1704
3460 4031
2615 3859
1758 2722
3273 3756
1760 2689
271 1903
1693 3035
2014 2087
842 3826
1264 1575
805 1818
2452 3004
3654 3971
3022 3259
262 3040
533 1762
3084 3294
1819 2428
2976 3249
376 2437
1624 1691
2843 3587
319 1333
3821 3928
652 2221
3154 3769
234 453
294 839
1397 3983
1794 2217
2528 3376
1409 2228
951 2183
1959 2792
3372 3458
871 3887
1785 3260
688 3117
1837 1856
3594 3896
1760 3239
2959 3562
2298 3721
2119 2929
673 1703
3008 3608
2886 3023
690 1033
3314 3549
1434 1954
3319 3938
1546 2930
366 3444
3746 3842
1246 3397
486 3204
583 1143
1739 2274
832 2025
392 2051
2902 3804
584 3220
835 932
2306 4015
3619 3860
2596 3125
304 2081
654 1237
41 2521
2236 2709
971 2107
1969 2520
2104 3662
23 3708
1648 3756
1440 2402
1008 3154
1069 1681
1040 3551
689 894
1491 2267
1179 2491
74 295
59 1165
2668 2998
1450 3455
1227 3620
790 3741
1398 3345
645 1732
1226 1297
2106 3365
2546 2912
1612 2427
2437 4031
1215 3128
2797 3487
675 793
1850 3066
2187 2882
815 3018
775 1541
2122 2599
1734 2642
414 2147
2184 3898
1197 1219
872 904
220 282
422 1942
1139 3709
193 1763
1010 2816
1002 3227
1814 3103
1091 2546
1609 3430
369 3117
1190 2293
890 1397
1436 3348
2874 3494
1000 3454
1772 1834
807 1939
461 2750
390 2100
3954 3999
66 1857
3555 3801
3786 3880
1545 1994
2239 3968
729 4022
2164 3156
1074 2057
369 1875
1329 3193
1775 3731
1920 3941
757 3693
528 1457
687 3313
110 617
3130 3733
1759 2612
2472 2892
835 2501
386 2284
1342 1928
1590 3376
742 1136
807 1403
603 3966
1729 2739
1184 2218
297 1441
1136 1572
2091 3352
1756 2311
45 2476
997 2989
429 2984
665 2964
421 2370
2523 3379
1040 3354
2581 2732
2945 3236
726 4012
806 1334
800 3704
756 3273
1580 3260
341 987
508 3620
3232 3547
552 1696
212 3320
2545 2715
2306 2822
826 2621
854 2536
430 3884
489 1538
413 3195
2902 3835
125 2756
689 1460
22 2589
93 3124
11 3012
1260 3994
551 2346
2890 3308
2925 3914
2657 3051
2784 4001
2005 3881
1531 1855
2088 4015
1339 2899
3185 3933
2555 3963
2692 3024
92 3946
950 2500
3755 3994
76 2463
1149 1463
743 3655
447 2824
1786 3396
2476 2838
324 852
1302 1654
691 1080
3234 3488
728 855
2447 3705
232 1964
1251 2428
1249 4019
2276 3725
188 3871
1726 3081
2595 3995
1860 1892
968 3182
639 3290
2031 3926
1207 1444
1526 3769
703 1951
1507 3485
2040 3913
977 2374
1584 2869
1466 3526
1586 1671
1417 2921
1008 3631
2148 2955
226 3589
1118 1547
676 2121
1253 1851
683 3482
4 3327
662 1791
148 575
1648 2995
2114 2395
2889 3652
1677 3117
129 325
169 3018
507 3557
3723 3753
1327 2109
2337 2408
3222 3484
180 2840
383 2497
956 1948
391 1905
1108 2661
2858 3766
634 2675
1382 3878
145 3757
601 3553
262 2257
1094 3552
2311 3715
549 2695
453 3309
170 3638
546 1530
2297 3679
2013 3444
1460 3968
1251 1817
61 2320
877 3347
3040 3333
864 3270
38 2884
2916 4034
877 1563
1111 2541
176 1725
932 2814
103 784
190 1037
593 1501
949 2601
1177 3687
3031 3861
1365 2099
1649 2962
2807 3262
2401 3682
1598 2350
1073 2160
1117 2690
2250 2832
1712 2857
798 1870
1074 3668
113 374
2255 2648
1230 3095
2691 3354
1195 1876
1751 2410
1443 2259
3041 3972
2640 3484
1948 2073
485 2812
169 1988
1499 2631
1177 1180
1768 2248
222 1228
336 1849
3014 3683
157 520
1485 2678
174 656
962 3467
406 2964
3294 3594
535 3073
1627 2466
2378 3548
1485 2945
2782 3567
590 3180
1179 1657
2114 3293
898 3972
2189 3607
174 3476
8 3551
2458 2836
3357 3584
661 1017
332 3631
160 1580
768 2377
1322 1537
306 1660
483 2206
2779 3751
1898 3592
1965 2680
937 2637
760 2037
516 1731
1183 2432
990 2078
1568 3103
2722 3529
508 1016
481 2991
1396 2147
1928 3582
512 904
1284 3229
2663 3649
1033 1279
1669 2619
242 413
2047 2564
471 2213
666 2358
1036 2970
2351 2874
2205 2958
1981 2635
221 529
2511 3080
2780 3678
2574 2770
940 1813
3148 3512
1265 2692
647 3779
1673 2823
1427 1925
909 1408
1272 1819
984 2346
1252 3230
1343 1623
3342 3566
468 2280
96 1708
288 1433
2652 2798
788 2077
2336 3880
1432 2427
2922 3430
1089 2512
1297 2856
1474 3337
1026 3886
514 1781
3092 3242
1288 2540
1110 3933
377 2051
0 482
2531 3871
1394 3515
999 2360
476 2889
603 2069
151 2781
1592 2524
338 3387
255 2847
2688 3226
365 1605
1907 2358
57 1622
876 1602
2196 2485
1696 2802
2477 2652
1754 1807
243 261
1524 3537
2153 3137
686 1661
1783 3667
2478 2792
458 2782
135 188
895 2494
685 1010
1719 3043
452 2108
276 2641
1027 1340
2745 3942
1988 1990
102 1320
464 613
1127 3718
3230 3839
879 1645
2826 3364
1186 2578
1765 3260
1435 2751
2644 3864
3307 3596
103 2617
1505 1775
636 2979
643 1715
1561 3316
1057 3297
1470 1539
1032 3052
205 1205
503 1828
2277 2773
932 1291
3081 3725
1951 3432
1217 1493
2377 3636
1892 3449
1357 2383
1436 1970
1755 2499
1320 2506
1737 3639
3479 3507
1347 1702
2105 2597
814 3163
3255 3327
1282 2887
3280 3934
1255 1978
192 2165
454 3412
2048 2058
2473 2907
3762 4000
2828 3323
68 79
476 3015
1229 1396
2506 3824
19 911
1784 2583
1064 1937
1801 2218
98 404
1156 2967
1882 2812
1891 3086
664 3771
1415 3150
1284 2019
927 3376
130 3913
465 845
1178 2852
3194 3270
1818 3938
508 3908
1017 3451
24 125
101 559
353 3695
756 3410
268 570
867 3374
408 1117
52 1989
2971 3281
1849 3824
881 2018
43 1652
3083 3318
2294 3723
200 3590
59 2478
13 510
1735 3303
2229 3752
267 2746
2488 2915
2572 3967
339 2205
3358 3594
278 2264
695 1840
69 3365
1660 3344
684 3117
1063 2329
225 524
2657 3613
309 2247
451 3342
1890 3155
2556 3128
1076 1815
144 828
1709 2166
1877 2658
499 2488
909 1437
2282 3468
779 1689
2260 4025
424 1521
1829 2956
1377 3636
1643 1695
2794 3530
331 3678
404 3891
2942 4032
2075 3014
1393 1941
1277 2743
1876 3108
1166 3263
61 1235
2281 2485
596 1212
911 1797
2635 3055
483 2492
12 725
840 2933
951 1772
3896 3932
540 3389
325 2686
369 3125
151 3643
1590 2078
660 2296
1187 3858
224 1953
566 1074
1321 3273
666 2540
2044 2227
1461 2553
485 1027
2819 3756
1000 2534
3004 3608
1771 2597
889 1927
353 3862
2110 3295
330 1986
1787 3376
1813 1978
457 2046
938 1790
2313 3796
3464 3963
1354 3010
1683 3234
3634 3818
2600 4002
1467 2855
377 1319
1165 2703
700 833
935 3192
1178 2082
3091 3194
1163 2323
1045 2219
3248 3983
2314 3719
330 832
2810 2840
2161 3211
703 3082
1639 2001
118 2940
2077 2792
1697 3015
1906 3287
674 3364
531 1617
1700 3681
786 2624
3581 3610
1807 2530
918 3688
1959 3328
488 871
1079 1882
1798 3054
3018 4033
1327 3953
1670 2810
2207 2598
998 1841
1131 2684
2715 3092
518 3083
1279 2199
1873 3501
1170 3173
2507 3743
825 1214
1937 2823
76 3959
561 760
2961 3518
650 2690
1079 2752
3395 3489
1704 2364
1283 3424
1041 1825
1803 2368
2889 3354
1613 1756
784 3471
1247 3540
952 3355
231 3648
133 3727
1274 2943
595 3092
1715 2034
2728 3292
3582 4007
1069 1079
3050 3503
2716 3890
262 1762
1701 3018
3330 3965
1874 2784
2186 3165
636 3292
780 2121
922 2026
391 587
2832 3094
87 3507
685 3919
413 1282
3049 3323
391 3032
2022 3804
296 2818
1333 2240
2308 2706
2074 2649
825 2391
2380 3797
631 2645
204 507
756 2107
559 898
1237 3799
1197 1955
600 657
2237 2833
408 2349
2130 2452
1447 3879
166 2752
1303 2461
1467 2862
1165 1321
858 1011
1260 3172
206 1989
1137 1816
2623 2804
880 2642
552 1838
2542 3650
60 3885
522 3089
1157 3477
908 1715
1037 2983
1744 2708
2858 2864
317 511
244 3825
2654 2969
3088 3553
1446 2416
489 2769
1880 2561
140 2301
1752 3171
2288 3368
2748 3778
778 1941
1998 2406
900 1720
221 3921
300 1940
601 3311
803 1235
1527 3095
620 1519
1088 3876
637 3282
69 2332
3130 3242
386 3696
599 736
1263 2475
1370 2776
2727 3908
2286 3250
2102 3395
1002 1772
1959 2601
2159 4014
2415 3479
596 2302
1661 3738
150 3033
1289 1673
831 3885
1224 2590
450 3899
510 2835
1711 2982
1580 2113
770 1149
1868 3379
1718 3748
690 938
1496 3240
1114 3476
1423 2583
1616 3233
1801 1839
678 1505
189 2235
1143 2040
1986 2106
480 2497
3546 4014
1473 3993
1124 3748
2133 2173
2296 2758
1926 2303
585 2019
692 724
934 2508
1973 3917
1586 1844
996 2660
190 4029
2105 3596
2098 2703
2317 3942
1961 3073
1560 2352
1022 1866
738 3843
1940 2297
491 2586
2257 2949
1408 2123
460 550
2929 3835
217 1784
1224 1970
85 2592
534 1461
237 2471
651 1129
509 1947
961 3859
9 2456
18 2184
105 1250
360 2711
313 1232
777 3027
2774 3164
2430 3557
845 2154
623 844
1244 1957
69 2763
1252 1948
698 2604
151 3981
1746 3019
2521 2718
2350 3178
1437 2704
2596 3477
910 2893
2853 3793
1378 1910
2916 3404
594 1877
2562 4011
260 3980
1125 2142
307 2657
937 2213
1300 3625
2268 3485
594 766
3748 3904
741 1584
766 2347
2980 3979
630 3838
1549 3925
2891 3623
357 1298
2669 3212
1233 2324
2415 3389
642 3948
827 2833
2664 3592
1589 3918
2559 3224
486 1041
3238 3905
336 1418
3128 3395
1856 3140
1902 3045
2392 3309
1493 3838
1848 3429
624 3533
2451 3770
1910 3805
714 3193
1232 1287
825 1267
3127 3509
2448 3799
2446 3876
2436 3235
216 3973
553 2035
70 2560
1101 3875
1151 1931
1661 3402
2350 2884
1328 3829
1036 4002
2594 3886
1107 1711
698 758
1307 3604
1028 2624
333 1010
2380 3020
452 756
172 3325
2323 2364
2499 3510
904 1903
830 1440
526 598
2083 2818
338 2774
566 3732
628 2182
2060 3879
257 3894
1067 2021
1903 3549
452 3828
153 212
531 585
10 2086
528 2012
2388 3850
576 2300
120 667
2212 2568
234 646
1795 3142
2124 3562
2103 3690
1526 2756
526 3451
2146 2649
341 1610
47 2033
2091 2985
1002 3650
159 1462
1988 3177
246 1587
2191 2942
1527 2260
2753 2921
324 3104
1294 3139
344 3133
2085 2711
2682 3967
1215 2945
399 3269
1905 3123
2870 3700
353 3521
1547 2886
646 1035
1909 2978
650 715
733 2997
1453 2140
2101 3326
2755 3000
900 1106
2741 3962
1162 3372
3507 3885
1781 3345
1047 1107
957 2748
1019 2202
2130 3185
492 3637
1735 2687
1263 1621
1650 3034
198 1234
1879 2967
1506 3712
1038 3545
679 2796
17 740
175 2842
1132 2167
2587 3455
802 3998
909 2316
271 754
872 1211
982 3465
998 3658
1372 2783
2915 3187
445 3384
163 1811
2876 3749
1742 2613
317 489
2379 2674
2315 3159
1402 3266
2608 3676
1198 2425
2639 3865
1452 1795
1546 2535
556 3845
2591 3513
2074 3559
2061 3561
2347 2936
273 1844
286 2271
232 916
2968 4011
97 3041
3700 3843
1581 1607
1266 2433
2690 3134
2970 3157
2953 3907
3097 3731
1141 1804
868 1325
934 1644
669 2668
616 3278
2179 3873
737 3442
907 3653
2578 2957
2509 3729
1593 3868
363 2576
3577 3583
837 1467
663 3760
12 2022
2946 3309
2082 2543
2445 2652
427 2356
635 831
621 2273
2310 3847
384 983
254 2563
704 3839
1507 3472
338 1197
211 2378
1115 3756
2038 3478
2870 3233
1718 1931
253 2184
2879 3757
3087 3959
2005 3825
74 263
3320 3863
108 2592
1156 3398
2795 3128
3164 3302
463 2908
1702 3313
537 1252
2156 3531
1609 3646
1259 1620
473 3422
1321 3768
1662 3573
503 2743
2938 3686
819 3333
899 1899
96 902
2497 3058
559 3414
3316 3491
1703 1843
2551 3060
1598 2802
569 914
1440 2136
1553 3053
230 3757
2 1023
519 2905
2299 2899
209 2446
1697 2041
2264 2276
982 3344
3214 3919
2124 2160
788 3955
975 3967
490 2775
3460 3746
1358 3967
48 3074
1152 3631
535 2998
3079 3482
2427 3348
235 1331
1644 2087
1951 3156
716 773
1155 3929
73 403
3098 3423
720 815
1135 1575
1804 3042
2675 4021
1133 1183
1572 3306
1183 3806
403 1387
212 908
2055 2751
2340 2913
406 960
1662 1867
789 3581
1631 3191
1035 3353
1705 1884
1120 3998
879 1236
1438 2295
2800 3325
2558 3925
2078 3129
316 3802
233 3405
1543 2233
2158 2365
703 2384
466 3889
1511 3362
156 2872
231 912
662 3651
1616 2061
2389 2822
3384 3509
1646 2905
55 2779
2769 3847
2133 3602
2352 3681
547 930
1648 4007
2863 3134
2033 2878
232 2211
850 2544
1137 3255
1906 2353
1824 3686
815 3390
751 3546
1955 2771
1794 2674
2611 3006
1751 3444
992 2130
1482 1743
122 764
2075 3169
1903 1971
289 3223
3558 3650
63 1655
3707 3849
1987 2888
2496 2523
407 3288
150 1445
584 2313
1149 3819
2715 3202
2229 3968
1658 2599
523 3178
2305 2758
1719 3622
836 1758
434 691
2263 2601
676 3897
2831 3894
2710 3371
75 2828
192 1872
1741 2881
429 1716
535 3782
896 1323
1569 2563
560 823
633 3867
1357 3966
1120 1956
1384 3922
1368 2015
368 3897
1619 3843
3286 3968
1158 2196
3560 3692
774 3427
334 2233
516 2289
921 3543
5 1316
1825 2556
1518 2201
2647 3071
1496 3471
2713 3879
2193 3634
148 3570
990 2286
1022 1903
2381 3475
1997 3075
996 3304
760 1513
1396 2268
2948 3202
2927 3995
1757 2746
497 1025
132 745
882 3344
610 3124
762 1739
1944 2869
2055 3980
495 2477
528 2317
1761 2245
1934 4020
944 3301
1753 2647
307 713
1660 1896
89 921
222 665
453 491
595 2005
652 2395
1337 1362
1735 3619
1594 3059
231 775
805 864
1556 3437
1423 3489
1178 2569
558 1821
2215 2930
552 615
1170 3528
2861 3502
808 1504
2809 3518
325 3956
1710 3886
1902 2507
41 3722
1648 3004
1168 3163
1269 1686
2119 3114
3194 3964
1689 2372
1060 3100
150 1889
786 2340
2605 3893
1651 2021
1090 2502
1160 4036
2058 2718
647 1257
1466 3408
989 2529
863 3328
239 1602
350 896
554 3966
3408 4018
30 1729
85 2735
1242 3893
1382 2100
788 1011
2445 2612
1188 3878
97 1533
1552 3891
1776 2749
361 874
1708 2675
626 643
651 945
100 153
2451 3636
602 3755
797 3488
2940 3261
2553 3149
187 532
654 3291
28 1915
1259 2618
84 3747
928 1445
530 2956
2939 3878
1595 2628
2611 2807
801 2904
263 1462
390 2497
3 1388
1048 2854
1059 3475
1255 3627
1879 3609
494 2562
372 774
1703 2672
110 2268
850 2875
1408 3118
20 1293
1107 2606
1970 3163
1962 3858
1536 3171
2359 3059
1468 2404
714 1487
90 2616
83 233
3590 3933
648 2112
426 3123
179 3331
1186 3970
356 1291
41 3431
538 1908
500 870
797 3264
992 3131
3172 3836
831 4007
699 1610
1132 2213
271 3481
2113 2270
705 1017
1314 1467
3365 3422
1641 3474
2190 3640
1619 2975
849 1519
609 3475
1514 1699
661 2485
3426 3472
2126 3923
1190 3296
1266 3941
483 3617
463 1734
2240 3566
1344 2251
1177 2691
2166 2659
2942 3804
2182 3989
2032 3072
1895 3782
1229 3604
1797 3310
1172 2742
592 3296
1193 3259
2052 2222
3097 3993
267 2582
1015 3606
158 3365
566 2677
1599 2500
2167 3462
299 3726
1655 3983
967 3684
956 2040
2326 3828
43 289
1945 3602
1039 2180
1815 2097
698 3565
1397 3557
576 2649
44 2948
410 1700
2499 3528
1171 1559
868 1414
3038 3516
474 3321
623 3648
507 3817
735 2932
3435 3715
1290 1658
571 4022
829 1798
1190 2691
242 3028
2573 3658
903 1304
1230 3605
302 1273
3169 3372
952 2045
1584 2423
254 2468
876 2321
1048 2063
1537 2971
1886 3222
295 3803
279 425
331 2491
1126 3456
39 255
2597 4011
150 1524
443 595
3390 3944
2439 3762
1173 3062
2346 3318
864 1789
445 1827
912 3412
2987 3670
989 3602
1234 2547
110 1399
1513 2981
45 143
1041 2896
1042 3046
1482 2027
1481 3295
2419 3172
1831 2111
485 3225
1660 3141
1812 3469
976 2144
2569 3599
1630 3674
2963 3285
700 1962
137 3434
439 1312
2164 2856
469 3339
724 3047
1077 3841
604 3581
172 3066
448 2369
1226 1294
615 1051
1833 2787
74 2505
1075 1723
1352 2384
48 1674
1553 3762
288 3828
1420 3904
3148 3765
3290 3721
664 1050
1139 2877
288 1424
742 943
1977 3084
573 1230
505 2164
1645 2413
997 3246
940 3959
951 3444
20 2253
190 2093
2382 2409
562 3537
290 1857
1967 2688
2992 3229
681 1092
456 2616
110 292
2114 2682
1541 2235
649 2689
121 3582
3697 3965
2748 3029
2110 2673
1188 2508
2126 3744
353 3795
679 904
882 2582
1373 3873
2529 3380
1242 3583
83 3356
88 3562
1642 3179
206 1134
1733 1928
1386 3230
1529 1985
3140 3259
1333 3070
2478 3686
75 2256
687 3290
2905 3631
799 1951
504 1579
1443 2874
2644 3998
1737 2418
1821 2504
2047 2685
2677 3915
1855 3028
1319 1999
1188 1828
1046 2718
2146 2228
987 3444
2573 2859
1247 2828
1049 2069
1692 3078
2974 3153
2535 2944
1155 3864
3699 3860
3330 3561
2837 3386
28 1564
2094 2835
1042 3004
1022 3085
973 1294
918 3644
3136 3878
210 2298
3131 3358
1027 3326
863 3098
516 3986
2515 3921
653 2329
1092 2104
857 1870
5 1608
1365 1764
3039 3095
2081 3691
1453 2888
2886 3171
6 1245
72 1615
1428 3885
2107 2852
208 1068
70 1149
989 1956
2430 3476
875 2783
378 2368
1381 1594
450 2041
2709 3831
176 3031
856 2039
3236 3945
441 3962
18 21
1180 2120
2024 2076
984 2144
832 3808
2371 2610
2500 2723
381 1871
240 1966
1744 3081
1639 3610
1151 3041
1665 3574
776 2013
1515 1969
304 1915
3067 3238
846 1258
2392 4010
2976 3474
1221 1718
1550 1993
1649 3012
3146 3445
985 2201
585 3041
1111 3443
2900 3396
1981 2540
723 3794
2666 3963
579 3101
2279 3689
490 908
823 2538
1051 2363
950 2226
3195 3271
995 2734
1835 2087
1366 1772
572 2545
897 3933
1802 3363
424 2613
5 2893
2277 3183
153 2310
1337 3129
1067 2992
356 2058
1018 3907
982 2614
1567 2985
1304 2692
414 1347
1633 2086
1404 1942
2219 3591
757 2680
831 2805
2458 3581
1883 3977
89 1903
1542 2267
625 1021
345 1191
618 3409
3048 3414
3333 3760
2300 2653
873 1417
230 1415
1672 2791
2253 2985
1136 3052
77 120
650 2744
439 1651
1691 3834
1563 3548
1240 3990
929 3163
701 3821
766 2751
866 972
984 1012
2326 3961
3142 3467
64 2828
979 3798
1670 1795
1522 2810
1745 1801
527 918
2142 2222
1939 3900
30 1743
2313 3028
743 3373
1519 3922
513 3775
438 2315
2691 2821
928 2960
1465 3533
2417 2800
2508 3919
1069 3607
1240 3216
633 1721
1611 3526
1343 1915
404 3772
843 2080
201 3889
2251 2358
1297 3277
2222 2572
418 2140
1256 3631
904 1782
789 2481
2017 2189
617 3830
2862 3636
751 1546
757 2231
743 1863
1789 2961
2381 3411
1152 2092
299 3960
1362 2397
47 3541
2949 3522
1928 3205
116 984
957 3598
2633 3947
3735 3902
2327 2957
165 1607
867 3250
3422 3884
2087 3916
2717 2938
1817 3004
761 2075
80 164
1982 2239
3044 3179
3304 3989
1095 1761
1776 3222
1066 3346
1891 2279
3252 3466
37 3457
138 2158
503 1474
393 1043
1344 2623
3483 3660
491 3760
475 2498
1349 3173
1197 2822
1056 1734
2551 3571
128 3245
1370 2135
2559 2869
532 2644
2834 3068
3110 3351
1843 2558
257 3656
953 3646
1824 4016
426 2151
380 3558
2420 3629
962 2880
357 1739
48 665
352 1016
797 2365
2155 2609
162 921
778 3830
3347 3369
2909 3542
51 3515
1464 1856
930 3015
613 3292
349 2472
1230 2593
2238 3890
928 1987
218 1218
1770 3399
1066 4006
1521 3616
1551 2637
1875 3042
1163 3863
1547 3666
329 2285
184 1384
1596 3067
2723 3639
2760 4035
3063 3825
3044 3321
1634 4014
2896 3699
1541 2545
1079 3349
1324 2305
333 2355
2217 3376
926 3630
699 3430
2828 3018
3556 3712
1720 3905
2521 3440
2955 3060
11 1445
1919 2923
2724 2773
1985 2886
2170 3861
2245 3455
557 2108
649 2698
2207 3687
1746 3671
379 2897
542 2401
681 2839
1356 3017
34 1748
1100 3477
599 2552
1642 2863
1587 4022
1038 2695
1401 1514
1617 1722
523 840
428 3384
1827 2697
1564 2822
3606 3992
2206 2209
881 2177
2517 3520
3069 3766
927 3527
1298 2467
243 2646
2176 2956
317 2380
3185 3678
27 3958
1720 2633
1560 1634
1454 3353
1880 3315
464 2337
390 2539
1243 2070
315 1346
522 999
316 3568
336 2736
2738 2935
3408 3667
735 2044
1541 3468
789 1875
1068 3412
2201 2839
1430 2851
658 1031
553 956
1752 1942
1100 3379
2660 3504
2098 2937
2153 3899
1643 2049
2801 3674
1235 3361
621 1233
1408 2528
3258 3508
1565 2125
533 3920
942 3158
151 2490
1682 3326
1101 4028
1758 2387
1511 3543
680 1330
907 1404
273 3832
1665 3889
2402 3907
1473 1500
651 2893
235 1159
3362 3888
3123 3946
49 1154
1879 3246
1154 3058
2467 2996
803 1561
2095 2582
2818 3801
1697 2366
2076 4023
3299 3371
705 1824
3339 3456
1857 3459
1736 2589
2388 3137
1945 2136
1031 2087
522 3148
349 2038
3251 3828
696 3221
1999 3332
3261 3797
2602 2811
1554 2398
1254 3609
146 2413
48 1266
1158 3931
720 1491
739 2627
1796 3745
1775 3198
233 334
252 2756
2724 3089
599 3477
3168 3980
2214 3509
936 2669
2023 3715
55 924
1220 2892
228 1908
351 3139
1767 3747
179 3786
1799 3728
2472 2972
2621 3027
540 1945
1123 1831
253 1340
304 1102
2119 3512
1021 1561
901 1390
233 1285
1494 3370
983 3288
2434 3897
2445 3005
2706 3359
1882 1964
2305 3474
338 2853
2218 3388
536 757
752 2487
1470 3878
635 1161
420 3391
853 2936
533 2283
312 1423
840 2953
304 2773
120 3037
688 3195
1875 2837
1406 3518
2329 3305
683 3053
1267 1412
1604 1817
982 2148
566 1252
659 2745
369 3420
493 2813
2874 3822
2124 3790
362 1632
293 863
1399 1525
99 1153
1615 3521
640 719
454 2029
1973 1997
2993 3472
88 3773
530 4004
1604 3662
438 2816
1634 3308
448 2085
374 478
13 1700
780 3716
1108 2857
3355 4002
935 2420
1101 1747
669 1672
746 819
60 3758
1361 3192
89 2936
1523 2112
2897 3660
147 2618
89 3377
1085 3659
1536 2689
887 3657
1351 1823
1114 1976
272 3818
1167 2283
2105 3470
251 2901
343 2821
650 717
1163 2680
409 3384
70 432
979 2196
627 2223
2813 3116
760 3693
2883 4008
2977 3045
150 1149
16 3307
1018 1666
2290 3815
1354 2957
920 3928
81 417
25 4011
1941 2397
122 4001
256 2824
1657 3454
988 2329
1027 3533
1114 2827
1224 3208
107 3481
207 3580
2361 2403
2304 3340
869 3639
2120 2596
1168 2149
185 1840
614 3440
1747 3786
1294 4017
506 3136
78 999
954 1279
192 645
868 2016
1409 2017
684 3803
1383 2872
1888 3074
1726 2539
3220 4014
1814 3712
2803 3148
425 3306
1514 2846
55 496
2730 3269
1811 3919
1722 2205
124 431
692 2768
183 2857
2158 2715
1777 1785
454 3919
323 2528
3146 3972
2583 3474
1964 3422
1244 3173
3337 3359
1145 2272
995 3943
2091 2401
1654 1947
901 2425
1054 3806
2673 3271
1248 3645
795 1928
865 2629
635 917
332 3187
1911 2880
372 2715
2397 3911
858 1302
1068 3341
2312 3044
828 2028
606 3266
1330 1853
1920 1977
3086 3306
3124 3134
1895 3356
2318 3014
673 2763
424 802
146 3401
483 2852
300 3965
2075 2402
392 3150
830 1700
2171 2476
566 1752
629 918
833 3554
1061 3715
2647 3598
868 2868
437 1399
3532 3938
1553 2760
2323 3125
1439 3354
3261 3749
2669 3550
691 3454
2136 2298
1284 3881
3038 3877
1112 3766
1955 3017
1947 3606
1169 2005
109 2344
2864 3093
1152 2692
284 651
1237 1292
1406 1991
677 4033
380 2426
1714 2148
1236 2093
488 3769
1595 3403
972 1178
816 1734
1862 2005
2384 3079
697 930
482 823
1564 2154
533 3928
1367 3599
47 87
911 3010
1604 2283
409 1211
1042 3800
1437 2647
570 3785
1937 2046
3811 3863
324 504
1019 2664
1901 2754
1700 1901
652 3906
350 596
1931 3382
2344 2808
3007 3143
887 3839
178 4036
789 3199
2781 2814
326 2912
1576 3718
750 3542
2718 2770
879 4002
3183 3258
2734 2792
771 2004
792 1085
2275 3736
1172 3186
2456 3400
542 2395
158 2598
902 3026
964 3765
3071 3429
1686 2826
946 2826
174 3532
2428 3519
794 3578
1255 1567
533 2610
3361 3900
2605 3100
2062 2405
443 3948
92 2554
1819 1937
2667 3810
892 2112
99 3305
1012 1421
443 3830
2295 3003
3040 3604
820 2929
534 769
672 2883
1126 2821
78 1585
1246 3229
2851 3703
1739 3874
428 3803
244 3913
2256 2659
2987 3984
494 2834
1122 2310
3268 3325
3072 3998
1862 2261
1310 3511
1309 2445
3602 3825
448 700
892 2493
2314 3316
566 1888
309 1750
1432 3474
314 3130
677 1338
2004 3321
2524 2948
242 2702
626 2212
886 2581
2775 3314
1608 3646
174 1578
408 3798
3535 3800
567 2824
593 1740
677 1474
552 942
1273 3006
2358 3307
1904 3230
1721 2368
985 2778
649 1216
488 1348
211 435
661 1764
2057 2218
865 2803
341 2120
2606 3469
860 2422
1760 2493
2721 2748
2069 2133
3746 3764
1275 2590
260 3941
2942 3505
1556 3946
371 2488
782 2378
595 2943
129 2843
607 867
905 2725
749 3896
1066 2120
1083 2605
589 2540
2091 2547
1048 3102
2665 2817
81 176
1554 2548
393 2331
58 1773
946 1276
1666 3721
2646 4017
570 3468
3305 3573
331 3089
3645 3811
1002 1910
196 2531
1566 1686
2349 3132
2091 3177
1234 1715
189 259
1516 2681
1003 3194
1869 3215
2223 2311
3518 3748
641 2767
369 3484
2192 2193
2874 3528
2997 3899
518 3244
1038 2688
362 1192
1499 2534
1621 1691
1730 2473
666 3578
810 3103
700 3726
2484 3410
1853 2728
1862 3041
19 3837
237 3133
929 2307
642 2269
1357 2944
461 3978
702 3222
1698 4038
3348 3586
2520 3402
3672 3931
1276 1686
2943 3071
824 2327
136 3016
186 2580
768 2507
642 757
248 529
945 1476
3204 3929
2468 3440
835 3423
2559 3566
708 1338
2451 2958
306 725
977 2108
2146 3127
1643 2377
557 3071
540 3044
212 414
498 2727
808 1460
1061 2976
2150 3728
303 3586
1832 3463
135 2722
410 586
341 3886
1616 2748
167 1510
1617 3465
25 2593
3081 3609
116 3032
2557 2712
472 2248
987 2779
330 2038
2195 2380
577 1381
94 3876
2771 3535
1206 2877
2190 2598
1158 2024
273 3762
769 1023
1625 2138
3433 3492
2437 3519
1059 1550
1653 3513
907 3476
222 513
1942 3885
926 1727
668 2114
127 1216
260 2051
3031 3357
2068 2409
1749 2018
669 2000
868 2835
220 426
1330 2961
773 2286
2352 3409
579 2969
3621 3843
479 2361
42 1948
120 373
625 3681
974 3944
1527 3189
1294 2222
1939 2690
68 829
486 1705
1979 3387
1043 3095
1115 3885
695 3722
1620 4005
1055 1332
1085 1910
626 3071
909 3232
736 3709
1756 3500
947 3672
120 2636
32 2841
2367 2957
3231 3271
176 903
2594 3600
1963 3293
1668 2735
1726 3238
505 3276
2849 3618
131 2094
1118 1686
855 3212
415 2109
1220 2720
3560 3726
526 1064
1290 4037
358 3699
108 477
2615 3926
459 3069
2423 4011
649 1009
1331 1337
860 1479
1600 2570
426 2362
61 1377
2560 3686
1721 3091
2797 3534
209 3947
1624 1922
2346 3748
1974 2386
23 98
2075 3212
3650 3900
948 2239
2245 3733
646 1600
2656 3753
1707 3347
2999 3915
226 3611
537 743
340 3461
1352 2710
702 2877
889 3511
615 692
1190 2262
933 2492
2841 2865
1765 2570
2404 2449
380 926
91 3323
1682 3949
1897 3442
2594 3906
3268 3402
1400 3529
2457 3175
121 1467
2814 3790
2036 2279
1521 3131
3127 3580
993 1938
481 1784
1682 3649
236 2354
1624 2409
1630 3887
2327 2531
474 525
50 1274
1827 2566
216 2466
1394 3889
1305 1321
1700 4018
805 958
1249 3661
1585 1693
685 3343
1964 2254
428 1842
1318 1952
212 789
431 1108
665 3418
2103 2775
539 3346
2547 3254
1264 1540
274 3592
197 2310
1180 3433
1346 1566
93 3545
321 2212
1091 2958
3908 3930
516 1848
3277 3305
839 3925
2493 2711
686 1178
3410 4007
102 2370
125 1785
1020 4003
592 1653
2271 3090
73 1110
392 2672
2356 3516
868 921
675 2628
1240 2456
399 1066
1400 2740
345 1094
1718 2941
1778 3539
2794 3712
1928 2941
101 3081
2273 2950
577 2678
1431 3770
1394 2867
2157 2602
2038 3509
56 1362
514 3538
164 3275
2095 2501
1075 3642
804 3351
3348 3479
1062 3610
1140 3454
569 2134
727 1884
1572 2023
1941 4025
1017 3110
2481 3630
2837 3539
1893 2855
714 1207
336 2975
1601 2799
596 1443
305 2067
3270 3983
1368 3478
1053 3964
1496 2926
1284 2878
766 3887
132 2587
2931 3256
192 3242
2051 2385
1657 3515
142 2128
1761 1982
1089 2527
450 611
911 2246
255 1090
2983 3025
760 2182
12 178
934 3417
1169 2550
3232 3866
1664 3363
1103 2950
697 2593
2233 2810
2024 3784
1783 2068
2827 3112
671 3287
238 2622
1374 2728
2341 2708
2631 3814
2581 3077
905 2311
1592 3475
1575 1982
1178 3921
2656 3688
782 916
591 1123
1522 2954
1053 1764
1885 3923
3046 3445
2540 3923
977 1275
240 2227
2946 3589
85 440
1758 1970
1447 4025
568 1194
1616 2485
2286 3158
1174 3115
1563 3220
1887 2096
1783 2690
564 4036
2301 3486
1407 3053
867 2839
126 3914
366 2388
3658 3901
1243 2147
2665 3894
15 3768
1518 3264
707 1665
2266 2833
109 3345
363 3088
2398 3343
1686 2540
3066 3466
2222 3347
3017 3162
911 3378
1856 2317
1914 3791
488 3104
908 2591
2959 3635
1201 2666
853 3586
298 3720
1413 3310
307 817
510 2932
666 737
516 729
259 2131
2022 3068
1331 1847
1674 3918
6 1158
2493 2916
1215 3039
1269 1390
1232 3483
1519 2280
1814 3794
292 3807
2335 3425
2015 2457
2244 3685
502 1298
2807 2919
640 2298
1390 3905
1682 3135
1304 3228
1738 3376
840 1858
1194 2837
149 1200
453 2809
1224 2852
146 2285
2249 3635
636 3788
868 2542
2879 3517
3131 3167
602 2694
2361 2740
1858 3313
31 1710
2815 3903
998 2367
3077 3359
305 3058
1518 2205
3366 4032
1043 3024
2920 3270
1821 3064
236 1289
695 1318
433 2666
617 647
2321 3844
347 2190
3626 3634
650 3719
649 2080
272 2788
1726 2056
196 3983
1710 1994
745 3562
964 2528
432 2688
3543 3652
147 3243
1869 2245
488 1081
1956 2051
1704 3489
1042 1526
299 2688
1931 3247
992 1411
1807 3148
532 969
539 2524
1521 2408
1051 3295
1719 2963
3072 3849
419 2186
554 922
2277 3345
1949 3888
397 3523
2156 2402
1750 2968
220 1367
850 3419
1253 1549
2433 2982
2039 3585
1947 3364
841 2476
247 3012
1084 1172
1152 1897
184 1717
1901 3444
307 2434
1892 2468
1874 3227
1537 2597
3456 3622
273 4001
759 2078
387 1104
1958 2810
2045 2137
3423 3737
1839 3034
470 2464
2943 3446
530 574
2173 2563
2225 4000
613 3876
124 332
2404 2784
1110 2588
1556 2142
880 1566
443 3447
221 2782
3261 3917
688 2376
243 3340
2714 3787
844 2194
1170 3451
169 548
1219 2025
1339 3588
1297 2486
130 3318
1149 1956
3635 3796
1064 1468
1133 3998
233 1962
1452 2430
26 1463
855 2975
2901 3307
1192 3378
555 754
1310 3788
157 881
1489 3629
1251 2352
497 2969
474 3857
1648 3758
236 1968
407 1262
155 534
950 2111
2818 3421
505 3824
3297 3492
1007 1394
950 3987
379 753
2802 3594
1208 1924
2001 3172
910 917
3370 3952
1165 2159
1725 3348
25 2882
1300 3193
1831 2566
1752 2207
1054 3293
1376 2532
3390 3466
153 3357
944 1938
2386 2387
1085 4028
2417 2510
765 1502
2886 3330
121 714
1849 3286
3527 3644
2152 3003
5 3518
82 1415
2831 3041
1350 2157
171 2506
688 3697
1791 2318
440 3781
1856 2062
1956 3887
1581 1828
1792 2576
516 3680
710 2583
1277 1527
347 1265
292 3396
453 3021
100 378
313 2315
2155 2922
512 3233
2358 2591
1604 2093
1518 2066
1076 2108
827 3246
727 3396
1968 2653
1624 2374
2614 3017
2950 3299
1118 3644
3708 3740
587 4029
577 2297
165 3312
1608 2525
3033 3739
1111 1312
827 1109
3694 3902
2048 2411
7 1770
1945 3902
875 1497
353 2742
3147 3523
110 2708
2253 3495
525 2354
3484 3848
508 3156
243 1727
1000 1557
411 2790
868 3134
1289 1529
2063 4000
872 1907
129 2031
2753 3857
659 1312
34 3126
470 1953
154 1039
2637 3578
2135 3171
473 972
13 980
558 2853
113 1988
354 3337
2479 3399
1090 1259
1801 2644
1343 1797
99 1144
1098 2605
2225 3543
783 4032
703 1428
841 3148
902 2735
1156 1618
1708 3411
3420 3421
263 2703
601 1496
3365 3699
3551 3673
189 1632
195 2306
2617 3827
2421 2797
2986 3632
1014 1040
337 842
363 3672
1264 3095
3407 3913
1806 3610
302 2571
1422 3154
1662 3027
1467 2138
1446 2581
1264 1311
856 1694
1419 3666
2299 3838
451 3491
1820 2648
1300 3571
639 904
73 1625
1087 1960
1718 2291
987 1733
66 2537
396 3148
389 749
1968 2983
479 2936
1761 2389
2710 3676
1245 3848
968 2525
738 1124
1393 1680
751 3380
798 3310
101 2507
207 1341
251 3176
1830 1832
1151 3752
1797 3671
536 846
2007 2782
674 1306
548 3435
1937 3166
583 3360
1525 3566
770 1867
886 3546
316 2902
205 3296
2082 2522
0 599
259 2041
143 1588
606 1223
1490 3709
423 1397
909 1023
290 2191
192 466
80 3875
417 1790
482 2139
1225 3694
3603 3898
642 3106
2068 3466
2182 2222
335 1629
692 1611
2832 3789
1819 2232
1854 2322
1437 3032
1302 3388
1514 3715
1573 2094
2510 3884
2110 3272
2452 3964
3457 3706
1048 3121
495 1420
1530 4036
949 2157
510 2404
32 2406
336 3950
1367 2552
2166 2652
669 3627
737 3687
986 2495
456 2584
39 468
738 1745
3522 3541
2390 2841
634 3113
2293 2529
2953 3375
1758 1926
1935 2533
232 950
130 835
261 2166
1797 3196
2487 3647
482 2984
388 1813
217 1085
236 1257
2842 3462
2340 3699
825 3652
406 619
1262 2423
1534 3368
2743 3014
2678 3597
1583 3915
1315 2542
2188 2937
2235 3918
136 4004
1813 4017
430 2237
2692 3171
1938 3468
29 310
726 3323
3181 3842
650 1791
1055 2232
786 1368
720 2742
1607 2927
1357 1989
1748 2278
1365 3363
877 1783
62 3827
1950 2827
3156 3906
2272 3899
1786 2176
398 1398
1619 3149
1889 3388
1230 3256
2003 3239
794 3888
2322 2710
415 3114
5 25
361 2598
386 1755
1112 3520
181 3856
2401 2568
1657 3501
782 3121
1291 3504
946 3469
693 3095
1429 2997
3566 3912
1069 2984
3534 3752
2937 3783
445 3023
1405 1712
977 2744
2558 3427
2077 2859
1626 3353
1963 2923
675 3937
635 1036
479 1204
300 3930
589 4000
3745 3881
622 1569
923 2794
516 3024
1049 1914
14 1030
1697 2570
40 2837
2176 2435
725 3071
875 3747
600 1544
2192 3138
1489 1638
935 1866
13 3887
1368 3790
754 3601
2612 3044
500 915
493 3176
1443 1555
2501 3122
12 2841
188 2993
1183 1254
109 3709
2641 2785
2462 3541
3416 3917
1000 1274
520 528
1131 1558
6 462
255 3390
39 2595
1643 2679
874 3661
3783 3966
2440 3894
2488 3259
898 2266
1011 3976
1651 2285
445 575
2454 2503
44 3542
255 1519
1610 2492
1043 3067
474 601
3704 3811
1857 3382
2623 2764
322 3719
2273 2718
893 1118
1404 2622
3349 3356
3096 3127
622 3250
379 2592
897 3557
1198 2515
665 2361
1161 2302
2764 2978
2565 2805
1087 3418
57 1212
453 2378
1353 2473
202 2894
498 2242
1202 3605
19 1243
24 2401
2912 3492
1730 3591
2427 3508
550 2764
2963 3122
1203 3996
251 3271
2127 3374
2844 3785
1602 3494
1039 1826
1343 2864
1188 2912
1974 3192
1389 1703
999 2575
2150 3070
1743 3037
505 2343
2689 3183
60 2065
1110 1451
396 3928
2696 3352
1130 2919
1155 3820
940 3614
1729 2610
3104 3905
1892 2995
925 3356
1125 1767
2139 2565
589 1908
154 3896
3597 3797
531 1352
1130 2877
57 66
55 484
413 3818
520 1512
2299 2585
1004 1357
3252 3679
87 1032
2179 3452
1215 2121
349 3980
220 843
1422 2528
1816 3367
2557 2908
674 2504
3655 3881
2719 3725
1323 2329
2602 2988
1044 1408
190 2708
1418 3943
1243 2660
1654 3146
973 1533
1603 2384
867 1972
225 1576
1276 2992
1113 2501
730 2613
1743 3880
2597 3317
853 2748
3566 3610
1719 3754
3047 3582
1810 1974
144 778
53 2156
2798 3418
1564 3354
1378 2733
1821 2080
538 1068
603 2706
590 2363
2777 3328
1631 3704
602 3757
2903 3876
470 657
897 3398
399 2036
60 2600
3391 3688
648 2720
604 2253
1308 2165
3234 3668
98 1164
693 3655
2904 3381
3484 3974
909 1220
2367 2684
502 929
1955 3491
2101 2667
64 831
2158 3295
1768 2670
985 2748
2115 2911
2814 3642
129 3508
181 1003
688 3012
1963 2419
246 1962
2098 3796
1903 3915
1064 2635
664 3054
2211 3066
314 3516
453 1226
440 1563
175 3986
2360 2890
1223 2976
1821 2162
683 1770
53 1816
211 2289
373 1972
545 786
536 3215
189 647
1673 2739
2993 3976
2431 2615
385 3735
1729 4034
2268 2826
2756 3602
2442 2696
2225 3975
544 1023
2687 3828
438 3987
179 1638
151 806
804 2302
537 3762
1343 2246
1001 3707
1775 2864
89 2713
384 672
2587 3371
2376 3975
2381 3760
1587 2410
1561 3878
185 2798
1268 3170
784 2561
89 2243
2290 2772
459 1052
766 1189
3262 3646
3552 3704
89 1950
1518 3775
1743 2075
1917 2737
1060 1976
1382 3985
2234 2828
526 1989
2335 3246
3515 3950
2604 3994
4 2716
1731 2671
1400 3499
2634 3534
1799 3738
665 2052
2136 3798
962 1981
1872 3282
470 1910
83 3387
846 2488
2480 3261
1535 3692
216 784
3012 3919
1415 2591
1181 3850
1551 2220
2050 2079
218 3940
272 1734
1692 3185
1046 1404
1196 1934
388 3489
1666 3802
3896 4010
1119 2499
1221 3493
143 1048
2792 3336
529 2391
1145 1424
3315 3446
241 3796
966 3343
2661 3250
2044 3082
625 1942
1778 2710
1259 2811
1243 2522
368 3405
1042 2606
2123 3696
1834 3263
1134 3159
2112 3753
1699 3003
2021 3913
2365 2541
1975 3717
45 784
2075 2803
1182 1498
1293 2388
396 453
1093 3773
3224 3650
2 1795
202 1098
219 1480
1109 3644
532 1279
1569 3768
2025 2149
831 3403
2512 2904
2712 3526
3606 3703
110 194
1215 3265
1042 3388
203 2638
3525 3654
1305 2640
1846 1922
1590 2295
1665 3458
951 3419
400 1665
1736 1893
873 2221
1968 2135
1188 3793
405 1953
3111 3385
2108 3450
1333 3330
413 3700
1314 2903
876 3226
2704 3085
699 1416
318 2713
1739 3890
1018 2818
1509 3013
1126 3899
1306 2621
2301 3084
465 602
2396 2957
213 929
2905 3500
537 1161
456 3427
1819 2038
273 616
2068 3317
943 3384
635 2429
1728 3398
2182 2884
2794 3090
2556 2787
619 3172
3401 3759
792 2398
1448 3782
2063 2669
147 3362
1855 2624
1555 2630
121 912
32 3445
436 1123
300 1945
1799 2588
263 1696
150 1076
384 1507
76 1014
80 2260
95 3303
748 1481
2305 2930
688 1513
1840 2260
1183 3595
772 1374
1409 2233
1433 3573
1711 4021
18 721
2401 3380
1870 2918
1326 4031
861 3000
342 3092
3046 3484
3597 3741
347 2813
463 1037
1272 3118
872 3567
2764 3537
1611 2570
1036 4009
81 750
2399 3652
415 2215
1363 2200
2293 2377
1704 2153
1745 2261
317 2738
2411 3520
1461 2308
516 1452
492 914
1141 1157
3284 3838
2023 3099
915 3450
2241 2734
713 2527
1899 3619
2979 2999
192 2673
685 2046
2576 3220
1507 3332
366 2028
923 2377
999 3219
56 3412
265 3387
2063 3450
2781 2917
2801 3640
2174 3176
1352 1697
320 1892
2964 3767
1191 2843
1428 3724
1716 3044
159 3430
497 922
1760 2535
704 4023
1677 2098
3515 3693
1859 2904
200 1784
1784 2883
937 2856
933 2966
1195 2656
3091 3092
44 3901
3154 3420
1415 3628
398 862
1251 3165
1079 2042
419 1207
3390 3723
167 3685
447 903
1348 2898
1304 1475
363 1106
1773 2310
320 2996
765 1129
2807 3829
1984 3853
203 1938
41 3219
788 1067
963 2737
587 3763
988 3016
2288 3387
1288 2761
1327 2510
1031 2576
760 2595
780 1030
117 2383
568 1997
80 543
2219 2589
2633 3158
859 2753
2420 3911
2357 2458
1247 3518
1681 2322
772 1118
2326 3028
1838 3292
269 1789
1669 2014
1251 2111
1522 3344
296 3769
279 1108
1010 1517
1404 2928
1681 3824
2962 3827
1516 3703
1039 3268
406 2367
1987 3323
729 1553
5 1937
220 1828
337 3467
240 3150
3178 3335
3488 3950
5 1152
2231 3168
265 3107
1855 3278
427 666
1722 3745
505 2412
850 3453
1498 2239
1581 2492
167 1912
3335 3609
2923 3641
2249 4026
398 1179
915 3892
2036 2730
150 618
1029 2020
1711 1983
3179 3210
2445 3484
31 3414
1078 1980
921 2306
305 896
656 3785
3793 3861
2326 3920
1540 3475
2714 3887
2746 3121
2943 3522
376 3250
433 3766
3170 3781
521 766
345 2053
1104 1989
926 3521
179 3619
829 2978
2546 3372
3106 3659
2127 2753
683 2579
1058 1715
1714 3872
302 864
484 3377
1024 1782
2421 3618
2182 3525
374 1525
1645 3327
934 1283
888 2622
1255 2499
435 1690
3007 3021
1916 2924
1600 2154
306 1741
2489 2844
167 1571
669 1741
1124 3608
814 2608
1191 3716
421 2573
2348 3659
1226 2159
174 3469
2648 3039
196 2277
279 741
2194 2268
306 1706
551 3342
473 541
3564 3975
998 1983
412 854
129 3037
1623 3585
2578 3254
2093 3744
1425 1869
530 3622
96 1643
313 3150
738 1069
282 1350
1255 3170
1948 3017
713 1301
779 1862
463 3566
319 2924
9 3969
1434 1944
959 3973
501 922
2452 3306
1532 2040
2568 3867
745 1640
111 3057
469 3874
1535 2138
240 1742
3335 3460
744 1428
850 3516
269 1606
2306 2777
3513 3591
195 3515
2948 3142
872 2697
2954 3599
2673 3320
971 2485
409 3922
920 1164
984 2118
1681 3194
610 3392
887 2460
673 3945
1502 3773
2017 2954
351 3065
1818 2811
94 2392
1065 3845
2392 2956
737 1732
1932 3851
622 2099
226 2735
52 2029
2054 2425
1854 2806
1097 1502
895 3878
3164 3971
2731 2830
127 1038
1598 3993
3543 3645
2187 3181
11 692
1032 1672
2095 2449
676 1158
1522 1786
447 950
255 2944
1133 2729
2631 3617
292 994
2569 2697
978 3044
2373 3025
1350 4038
2593 3081
1640 3768
501 1952
833 1212
2698 3898
887 1019
1302 2240
844 3574
895 3137
191 4007
360 2607
1710 2352
1414 3003
2384 3379
529 919
2535 3095
849 3517
356 3448
1729 2272
469 639
3171 3487
1209 3705
529 954
1482 3594
2106 3151
593 3634
814 3344
612 3113
823 1489
1326 3199
223 2324
503 1481
2022 4001
711 1890
627 2357
1855 3925
3650 3723
980 2046
443 2747
2864 3684
1555 2725
1479 3478
2826 3200
1369 2976
369 1871
2331 2888
1365 2615
261 1678
1555 2915
502 1259
1960 3182
1874 2001
3 3795
29 829
1594 2754
1362 2609
2280 3413
333 3025
460 1110
144 2213
829 3179
1115 3637
1592 2742
1504 2918
527 2382
1241 2091
2753 3990
1 248
1394 3910
1140 3471
2249 2262
2909 3338
3230 3394
1310 2270
989 1814
627 789
2686 3680
683 1700
2338 2864
343 2061
2752 2757
1118 3262
2155 3394
123 3387
2473 2768
2452 3865
748 3354
724 1529
909 1300
2638 3938
704 758
1827 3996
1551 3488
2032 2734
421 1268
1007 3319
1443 3734
1639 1875
17 2240
463 2275
507 3138
1687 2197
910 2657
1490 2444
654 4003
2192 3805
599 2974
414 1274
1640 3071
488 2076
282 2776
221 3884
3412 4009
44 1472
219 225
2418 2513
488 1152
1354 3713
467 648
3530 4015
2566 2733
2900 3304
2287 2484
1799 3986
1732 3765
1558 2834
1080 2022
1997 3081
1138 1825
489 1642
543 3172
112 1113
1575 3615
3449 3711
1598 3683
2804 2882
2889 3352
685 2582
1505 1599
1811 3295
1026 2298
747 3795
20 583
2815 2972
685 964
697 2784
1289 2877
1703 2516
1810 2467
1867 3497
56 2013
1668 3610
635 3898
2 3771
2550 3138
1102 3825
2796 2905
1674 2827
2984 4017
205 3742
1037 3360
433 3304
31 2464
2992 3959
765 2002
2046 2838
258 738
2981 3098
904 1765
660 1774
122 2002
2606 2867
769 3775
1432 3307
416 3174
2057 3235
1171 1863
1207 2581
1984 2756
1108 2433
651 2068
1730 3351
938 1864
2201 2817
2200 3347
597 3456
365 994
724 1739
1088 1922
484 1271
70 462
2375 3337
1456 3191
166 1891
1339 1791
1226 3461
1849 3083
499 3831
186 2085
910 1368
61 3537
1667 2453
221 2099
1808 3737
2642 3125
1722 2951
1342 3680
3523 3600
2885 3683
416 1629
406 2981
2717 3858
1709 3447
1211 2357
951 1970
1686 2165
231 1836
827 2147
1657 1901
2031 3972
1662 3905
435 3990
1088 2262
1693 1795
1398 3295
3583 3831
1659 2961
450 1770
580 3295
1569 3309
943 2974
1965 3524
410 644
1218 3982
321 2577
993 2791
886 2013
3318 3714
2021 2064
2178 2990
1027 1431
254 2230
1396 1758
762 3996
856 3935
1592 3469
1574 3329
1190 3352
297 2447
1697 1895
2703 3251
1960 3534
919 1822
278 2695
297 3436
2630 3279
1611 2784
3332 3777
482 2338
1249 2857
100 3925
1288 2438
1711 2106
749 3710
715 1000
71 485
362 1020
3480 3529
1757 1911
107 153
3155 3449
2902 3188
1270 1769
1181 2711
1519 3499
906 2076
1196 3576
94 776
591 2111
400 520
2911 3793
268 1994
1487 3370
120 3202
489 637
596 767
1589 3051
751 1091
718 3561
233 3325
1116 3414
1047 3406
123 1888
2252 3009
554 2650
913 1227
337 3833
1081 1359
2603 3483
300 1912
853 1651
284 3264
14 379
2916 3638
1185 2127
1229 3466
1551 1704
2354 2442
1265 2563
57 802
2756 3721
999 2807
1469 2161
633 3875
2562 2952
289 2562
869 1540
1512 2835
1557 2522
166 2856
698 3413
1460 3928
938 3345
2459 2807
572 3928
2276 3521
1059 2186
1772 2647
2315 2391
668 1212
1600 2715
308 3349
656 2568
1119 1528
2492 2644
251 659
2841 3925
183 2582
784 3337
2394 2640
1161 2131
3315 3896
596 1922
693 740
3226 3277
1378 3003
2249 2760
2702 3548
154 1051
2289 3210
191 1601
2791 3629
1155 3559
2179 2695
783 1164
974 3929
2637 4026
1298 1755
1031 3710
317 3849
3036 3242
1757 3674
1115 1603
627 1803
303 3935
192 1511
2212 3966
658 3726
639 819
1037 3960
3709 3880
583 3771
2618 3616
563 3531
1041 3261
1577 3925
2755 2997
1718 2795
672 1993
3001 3649
264 2259
625 3918
1493 2426
2029 2217
1645 2351
851 3770
40 2244
280 2857
2233 3777
879 2712
2957 3773
2393 3868
901 2872
201 1386
779 3302
491 3308
311 2027
3287 3628
1981 3715
929 3512
2617 3444
3312 3793
925 3871
1453 3874
1507 2552
2226 3576
1196 2275
311 2987
215 2007
743 2436
1758 2030
175 1197
1013 1299
1432 2742
401 404
681 2570
1752 2638
428 2510
2313 3414
547 3425
368 2063
1589 2506
3312 3326
480 2853
3308 3514
296 2698
939 1694
3138 3517
579 2413
132 2914
345 1621
2206 3230
2257 2610
10 1759
19 1751
50 3268
746 2331
1368 2622
611 2283
786 1785
2609 3931
336 3094
1888 2324
1621 2996
1441 3084
1300 1727
959 2857
2631 2933
1415 2599
20 84
1715 4029
2032 3906
1297 2196
271 964
2769 3411
1571 2806
300 1893
1469 2061
237 2417
1147 3792
909 1049
554 1073
3215 3626
301 1225
344 3721
2261 3175
2401 3485
665 4033
165 3018
1289 3586
2029 3844
704 3107
242 477
1396 3534
517 2440
1423 3871
1153 3382
1056 1311
2470 3664
2335 2851
579 3964
105 1242
6 155
729 2739
1157 2211
2160 2226
2008 2381
1654 3111
3422 3916
1235 2842
2162 2660
543 1435
217 1877
3311 3497
258 3068
1698 4020
1867 2014
532 3057
261 470
142 2503
6 2011
984 1922
1955 2317
918 3368
1048 2046
1898 3199
2827 3449
131 3970
974 3810
1553 2070
48 1631
2024 2792
954 2854
1201 3827
1445 1991
587 2639
1190 3386
531 659
116 3830
3639 3832
1131 3918
693 1913
1526 3936
518 2576
383 3578
772 1873
2711 3187
1161 1681
1584 2236
305 2703
149 1299
388 2577
463 2372
543 1979
2948 3911
2098 3705
1674 3549
154 2246
768 3610
1958 3364
93 578
265 2258
651 2308
2266 3018
659 3422
138 1308
2775 3316
1534 1990
3057 3197
1900 2845
901 1722
2070 3212
1235 3263
2332 2387
871 2726
215 1818
583 925
1881 2913
103 2499
1612 3032
1879 3388
1513 3051
2551 2852
1962 3109
2815 3996
436 1204
128 1666
568 2262
838 1928
42 1329
859 3567
1283 2081
1466 3415
28 2986
150 470
2913 3914
2110 3228
631 1525
73 4025
3237 3348
687 706
276 3020
832 2656
350 3799
1304 3320
1272 2956
920 1235
2740 2888
1981 3312
1308 1448
565 2487
599 1069
390 3906
1879 2225
3007 3168
787 2718
1120 1138
1560 1909
2781 3019
1271 3543
