151 185
173 310
67 108
81 117
181 210
35 37
216 296
181 298
149 310
218 232
254 264
165 174
84 96
151 197
140 176
225 260
63 64
44 57
130 169
91 173
123 200
231 300
131 173
100 178
216 306
145 229
111 298
176 300
180 257
111 125
158 292
161 220
231 284
161 251
117 312
129 165
173 217
176 211
66 181
163 181
182 196
165 205
229 234
178 309
117 215
122 166
161 247
291 309
168 260
166 257
232 274
175 309
108 166
205 260
299 300
180 187
64 117
91 178
98 166
139 181
44 141
181 309
161 216
283 310
176 320
141 143
124 146
46 130
252 292
254 272
217 254
117 162
283 305
165 260
229 233
66 70
252 262
111 306
66 111
216 298
42 66
254 270
45 62
66 93
216 239
141 228
146 216
143 273
165 247
28 32
117 196
160 260
200 252
311 312
254 297
196 260
44 61
101 106
178 300
25 46
181 273
158 165
146 161
261 295
90 220
184 200
46 47
254 262
176 200
292 305
143 218
143 200
80 84
90 161
145 201
312 316
216 270
143 167
111 143
66 245
168 200
122 158
149 254
181 194
247 273
64 111
130 305
260 292
130 310
92 160
111 300
200 317
202 257
143 232
65 150
124 151
171 175
261 287
64 165
66 94
188 255
118 305
165 180
146 254
260 309
181 257
161 229
254 259
167 260
146 259
161 218
93 218
180 181
66 232
94 161
122 260
204 212
44 49
130 146
143 171
171 260
117 190
216 218
151 166
161 217
280 282
52 143
146 321
131 151
1 7
90 94
117 300
161 272
151 221
111 304
0 7
143 254
7 64
181 197
173 298
91 161
182 212
176 272
151 182
62 165
161 173
161 165
262 310
298 324
143 161
327 328
61 165
231 310
247 262
320 323
151 169
108 173
160 254
183 292
93 309
84 260
7 66
117 292
168 245
160 166
300 304
256 260
130 309
146 319
117 291
130 173
4 7
108 260
254 296
117 175
146 165
200 298
117 143
130 149
178 298
91 118
100 175
147 181
149 175
6 12
82 247
220 254
5 6
117 145
95 117
260 267
100 117
181 202
216 310
129 144
218 300
145 181
160 247
179 181
200 257
285 298
128 151
222 254
173 320
229 237
222 229
117 260
216 217
320 321
64 82
175 300
181 219
58 64
175 306
117 188
101 119
151 283
228 261
196 247
145 188
119 181
238 261
176 201
105 117
46 247
117 139
160 298
178 231
165 312
149 178
181 218
44 200
151 178
254 258
261 292
218 273
231 254
74 107
215 254
282 292
289 292
7 15
44 60
173 229
73 74
147 157
181 216
108 231
46 175
176 178
76 93
321 324
203 229
220 242
122 171
31 32
182 292
7 111
143 296
145 149
39 143
326 328
66 175
165 181
105 181
108 165
181 255
118 149
158 175
247 315
91 117
108 176
113 117
161 287
161 236
94 178
231 260
94 108
200 227
161 306
64 254
71 146
47 64
216 283
254 294
260 300
286 310
145 236
110 160
91 146
272 321
229 283
200 292
216 255
68 70
130 145
229 285
166 292
175 262
64 218
214 254
79 117
108 149
40 165
105 119
229 310
231 247
146 211
201 216
215 261
46 245
165 182
125 181
158 229
98 175
130 181
93 117
200 218
201 211
176 229
117 283
66 127
58 59
247 254
231 291
106 117
165 298
228 273
146 257
66 196
93 298
151 310
111 231
181 208
132 165
166 200
165 212
7 36
151 298
117 252
71 161
196 249
260 290
122 300
66 118
91 181
119 129
138 176
117 182
161 176
111 160
175 188
238 260
181 296
44 117
158 218
82 85
171 216
148 229
299 306
173 305
117 201
145 217
165 197
181 300
111 136
126 254
171 254
111 291
122 130
146 320
141 292
111 310
130 260
82 200
220 324
137 200
151 211
89 111
46 57
275 295
191 216
231 239
117 216
310 319
117 255
215 224
108 247
221 229
168 257
164 200
132 181
125 136
100 220
151 262
117 129
280 292
49 54
83 111
300 309
75 141
221 254
200 315
173 200
143 252
11 12
146 231
254 298
171 262
158 254
229 236
203 217
252 260
165 218
156 254
124 169
45 49
283 285
254 299
202 245
220 300
68 117
171 298
158 161
283 292
117 296
205 238
200 250
111 257
178 259
117 144
79 175
55 58
202 252
254 285
145 176
95 161
111 135
175 310
298 320
166 291
292 295
142 146
94 220
149 161
117 156
254 310
117 273
93 146
117 127
287 307
181 292
144 181
261 296
254 291
201 254
54 61
46 85
7 117
143 182
202 260
175 216
224 257
151 287
240 260
219 225
151 171
158 166
87 117
151 155
57 64
130 218
200 260
292 298
231 306
84 143
224 261
141 224
146 171
111 151
40 66
111 292
66 300
231 282
167 257
175 257
218 260
97 143
149 305
66 77
130 216
108 145
117 176
145 146
265 270
130 211
125 175
111 124
117 168
107 200
117 257
108 300
104 181
254 309
232 254
91 220
145 171
168 247
132 218
149 298
304 310
142 151
145 304
260 270
196 245
67 146
7 12
117 135
122 298
45 143
0 1
146 229
247 291
151 260
158 260
111 122
7 247
260 274
76 117
161 248
212 262
200 216
181 291
79 146
298 309
117 304
200 202
188 191
229 257
65 115
149 309
108 320
310 323
182 247
117 203
108 130
141 232
29 33
90 118
93 181
93 151
142 309
173 306
259 283
176 259
260 298
66 75
90 108
154 170
85 143
247 312
149 229
305 309
117 130
151 291
12 17
146 260
108 216
46 108
91 229
295 307
132 254
91 145
165 175
221 260
146 181
130 166
220 309
130 292
161 292
286 300
171 224
44 46
175 304
95 151
181 252
34 35
202 250
229 320
188 216
46 310
116 151
149 220
46 151
93 145
173 254
161 257
66 122
295 310
107 115
54 60
67 95
254 271
143 180
232 273
66 143
151 175
117 229
292 308
305 310
52 81
166 301
94 298
217 260
127 181
176 292
168 202
219 260
146 217
118 181
175 201
229 287
202 247
149 166
173 272
255 260
94 151
247 300
198 200
220 304
117 118
176 291
119 165
39 45
145 165
66 202
108 151
326 327
236 254
8 10
117 136
260 265
73 200
95 176
173 292
220 297
111 247
64 66
255 298
165 295
66 254
257 295
151 216
181 215
200 291
215 257
132 292
229 262
214 229
224 260
44 143
75 97
1 3
182 244
212 244
140 156
135 151
151 156
149 181
218 245
297 298
148 151
245 312
94 117
101 181
175 229
218 244
125 151
200 254
91 149
46 182
49 61
127 257
143 244
130 151
146 304
291 300
260 308
117 228
241 250
3 25
64 245
253 275
108 111
7 37
117 262
12 13
82 96
25 28
229 251
165 310
287 296
200 213
79 151
260 269
166 171
146 299
216 291
93 216
171 173
300 305
45 54
311 315
158 216
117 152
232 262
197 231
149 295
146 306
274 295
292 309
201 260
260 305
232 261
57 59
46 257
117 178
66 89
165 300
130 229
149 300
111 173
136 151
218 249
90 178
46 82
151 309
66 119
117 180
66 257
46 315
265 285
117 119
173 304
94 130
143 175
145 309
93 161
64 262
53 59
161 305
143 298
108 310
143 245
249 257
224 292
215 260
151 292
182 200
275 296
130 161
46 218
196 262
96 103
181 245
181 247
165 287
111 188
130 165
197 218
149 247
315 316
80 143
216 231
223 260
260 310
231 298
117 217
145 283
66 81
124 254
142 161
244 257
216 260
181 224
254 260
300 306
122 145
64 86
173 216
168 196
130 298
175 238
108 211
233 254
108 272
149 321
149 218
7 33
145 220
156 176
310 321
117 125
180 260
202 249
160 161
46 181
166 181
261 275
53 58
304 306
260 304
232 247
64 74
9 10
71 145
178 188
228 253
252 257
18 19
161 242
79 108
66 151
142 298
313 316
292 304
93 178
182 252
124 220
165 273
117 272
95 146
298 304
138 160
165 173
253 260
73 115
100 254
108 309
102 151
66 166
152 292
66 229
16 18
93 260
285 300
111 166
200 229
254 282
181 306
200 262
161 309
218 231
81 143
175 220
146 292
315 318
151 165
66 273
176 310
117 128
188 260
271 282
28 46
196 252
254 292
181 195
64 247
111 118
254 287
249 260
244 245
178 220
146 283
148 254
224 295
151 247
81 165
246 260
122 272
93 130
130 178
176 217
142 173
270 280
77 78
283 297
161 260
232 292
173 175
64 260
158 178
66 78
191 221
9 11
165 232
64 182
49 143
295 296
108 202
292 307
171 292
146 291
311 317
168 218
166 216
136 175
218 296
142 305
254 305
130 200
200 204
171 215
89 117
228 232
130 304
90 175
260 291
122 309
229 286
117 224
94 254
120 141
149 176
117 154
56 117
46 244
165 262
200 231
111 145
64 143
255 295
118 310
46 48
90 117
70 72
46 146
91 111
161 200
122 216
45 61
143 249
7 29
64 202
165 254
69 117
151 181
143 247
171 218
81 105
161 231
66 260
146 272
8 9
149 260
310 320
46 73
117 200
229 309
216 257
143 165
229 254
93 200
46 229
260 312
150 200
111 178
243 247
16 19
128 254
98 146
129 257
175 255
91 298
143 149
136 138
254 257
229 292
168 212
117 166
326 329
247 275
117 245
142 169
295 302
146 300
202 292
128 220
216 285
189 201
245 262
165 292
94 173
165 229
146 323
247 310
46 117
151 220
108 257
181 249
122 165
117 295
165 216
167 247
218 252
171 197
66 173
171 181
255 270
199 212
54 62
91 151
166 178
181 220
94 175
248 259
175 260
173 283
77 117
103 143
312 318
191 254
105 165
