22 202
45 80
177 317
263 276
111 278
68 123
122 131
153 273
8 251
13 217
146 287
13 124
174 185
27 185
312 329
7 244
234 239
53 124
145 155
54 105
71 143
130 237
257 271
160 233
71 258
156 191
175 204
83 307
83 318
218 279
83 301
222 251
67 122
22 275
154 211
131 291
178 282
170 264
187 290
17 92
254 323
17 150
244 246
25 292
33 284
74 221
160 324
102 310
0 103
39 198
185 223
2 218
16 125
31 201
57 189
191 282
194 267
162 250
206 287
40 221
176 263
203 254
25 31
208 310
219 300
72 251
3 187
41 196
67 330
18 72
25 158
135 170
20 40
65 70
67 159
16 72
29 36
262 276
240 286
225 238
54 153
201 207
287 328
105 249
300 328
78 321
59 196
10 308
246 326
127 312
259 311
133 266
278 326
30 161
40 75
0 31
35 276
184 244
24 268
39 235
232 290
9 141
182 229
41 177
32 89
90 293
2 295
79 249
62 178
90 256
294 297
147 225
147 259
224 272
236 301
76 155
39 146
17 290
250 298
62 295
148 223
113 124
199 276
132 195
53 67
123 248
165 236
261 298
201 289
65 68
9 329
27 225
1 177
107 225
102 199
169 226
82 153
44 318
36 270
292 303
48 255
61 230
258 279
170 309
256 289
209 276
34 62
136 193
16 47
38 200
240 245
80 204
21 133
7 124
37 255
54 236
100 206
22 249
96 258
40 280
21 211
74 239
81 152
20 153
16 314
83 324
135 229
11 215
17 151
25 177
102 175
92 125
20 48
79 157
161 252
10 197
213 283
285 322
56 290
57 152
89 180
241 254
125 312
29 236
217 228
88 286
193 255
183 271
33 187
22 291
181 265
6 197
1 293
91 236
55 110
224 310
48 263
139 245
93 191
39 327
93 114
25 308
6 325
173 190
55 312
216 228
11 256
134 239
33 110
266 267
9 292
50 89
117 122
28 190
86 280
83 220
137 177
151 303
64 211
162 279
11 330
14 162
104 204
50 225
252 275
89 325
131 309
34 197
9 97
140 326
244 286
75 231
21 194
148 181
235 285
19 280
80 141
281 299
184 217
231 245
90 264
29 52
43 205
97 251
57 302
6 121
134 314
83 201
148 288
59 119
62 171
159 319
20 309
169 259
97 98
167 298
155 195
162 172
69 132
137 310
196 240
47 226
62 285
95 131
158 210
150 152
102 182
66 305
110 276
134 273
273 322
29 309
86 92
22 258
5 209
252 321
30 277
122 267
263 316
197 224
132 291
199 278
91 115
210 232
298 329
0 101
23 290
37 269
72 115
16 306
39 103
179 180
21 330
218 303
156 222
150 258
82 86
263 290
113 224
95 317
98 148
182 286
28 54
29 296
167 224
64 159
64 147
219 220
86 294
252 255
236 239
31 141
7 226
106 148
94 271
87 208
86 109
5 118
87 323
57 115
218 302
2 265
17 89
216 322
75 186
285 325
12 150
31 146
28 47
58 258
17 28
173 178
125 143
34 117
113 233
262 323
41 259
96 102
19 320
73 233
179 180
48 129
123 163
130 222
6 137
190 316
120 279
89 113
61 98
48 98
21 211
6 238
96 180
32 192
111 163
87 304
180 305
269 303
46 222
173 269
182 276
123 156
197 264
113 154
134 257
158 226
232 286
152 315
57 122
76 142
28 60
47 207
31 293
80 181
28 190
15 254
17 229
70 195
94 113
172 302
139 292
7 279
189 304
150 286
87 320
5 251
185 295
176 209
19 308
113 313
221 301
142 296
52 168
198 239
81 89
214 241
101 328
305 313
45 97
31 204
138 215
121 231
89 210
91 98
271 285
3 100
142 182
96 125
188 310
225 236
56 282
18 326
107 175
39 220
29 159
48 159
226 244
83 122
101 107
167 305
46 298
199 210
193 224
144 263
71 275
16 43
35 201
208 303
4 149
147 256
105 238
19 138
26 326
34 254
69 249
236 315
27 212
148 232
22 79
106 321
82 109
192 321
8 207
77 164
165 272
173 323
30 165
13 249
53 96
199 318
134 264
22 282
1 150
171 176
31 310
82 228
27 313
55 282
16 270
86 330
5 280
4 72
261 329
55 249
83 108
40 106
72 88
190 270
30 276
22 142
3 285
256 257
302 308
151 249
258 330
159 314
215 328
168 295
45 75
285 290
225 258
21 57
51 224
62 243
61 160
84 266
50 282
124 253
124 248
7 219
283 318
17 90
183 223
82 107
207 269
122 237
73 314
144 288
163 277
293 318
13 223
26 179
80 278
35 134
24 265
238 323
213 313
4 22
8 14
110 189
104 230
22 25
113 152
102 286
91 98
190 272
279 321
237 255
11 277
6 232
163 293
85 331
35 197
10 258
31 290
198 275
3 11
123 271
142 321
109 315
25 66
277 319
138 329
17 49
24 253
55 272
93 172
238 273
80 249
88 154
90 124
53 199
39 62
88 185
54 230
266 279
33 228
44 269
239 306
195 238
35 88
15 43
198 259
230 271
89 231
154 208
39 259
52 87
207 279
79 130
110 253
70 175
280 326
52 80
305 331
137 252
80 210
128 180
150 165
268 302
109 319
55 309
80 129
61 103
22 70
266 322
298 323
232 328
276 286
213 215
20 168
6 164
167 300
109 320
124 246
299 328
10 48
195 245
159 323
193 222
100 120
35 148
70 113
53 100
21 170
109 186
235 239
170 267
9 261
44 65
13 126
104 221
158 327
192 269
34 111
81 160
104 162
117 134
56 236
79 199
121 253
2 238
180 329
243 249
96 289
7 149
39 199
23 291
100 242
110 202
249 319
134 308
82 202
206 255
120 208
38 198
97 180
19 241
21 258
97 208
30 303
89 167
71 88
206 296
259 331
13 110
40 246
87 138
92 163
50 294
149 155
102 289
6 143
106 110
120 277
101 255
162 204
53 190
38 238
129 243
170 244
5 126
25 202
49 118
27 153
78 120
275 310
79 244
28 210
6 169
152 249
26 225
162 217
86 143
34 74
202 277
277 299
158 271
165 187
42 232
270 291
37 95
183 269
284 323
88 93
1 246
71 306
121 199
271 324
158 225
105 296
83 100
251 276
204 322
176 244
7 79
253 308
110 254
137 201
63 258
35 50
101 218
158 209
131 266
193 208
17 20
98 190
187 296
191 256
108 313
284 298
146 255
85 93
240 320
228 276
40 284
101 231
57 326
272 293
114 122
16 309
153 320
68 189
42 237
289 296
82 90
269 304
85 219
154 203
85 210
87 287
76 147
38 324
38 122
59 156
5 67
63 308
26 67
81 240
119 326
235 296
67 325
16 66
78 299
4 265
129 279
17 177
246 279
118 166
126 207
22 44
18 146
61 322
159 308
83 173
142 165
39 109
88 201
107 317
6 237
178 189
252 307
207 208
191 205
94 155
279 314
12 306
107 114
71 306
8 323
55 88
207 310
39 109
97 213
288 294
183 188
32 112
65 308
141 177
167 217
135 211
38 232
112 322
141 324
5 260
96 183
137 208
45 193
97 229
110 166
2 24
36 150
65 165
164 197
243 322
126 193
154 237
76 243
16 200
104 217
190 220
197 298
119 131
36 40
103 288
223 251
19 164
181 302
14 52
129 273
14 212
37 174
231 286
194 306
44 294
51 53
179 202
244 249
105 329
7 293
94 249
107 319
49 291
153 267
106 283
17 208
151 278
204 206
10 76
31 326
145 174
2 115
108 135
249 304
8 238
229 232
87 89
11 110
56 191
20 229
33 166
46 265
46 170
66 124
7 133
143 255
59 249
176 249
188 274
102 219
35 287
103 168
87 227
63 71
25 195
173 241
8 199
74 194
44 309
51 296
98 268
184 224
58 96
8 300
12 284
53 156
213 281
88 276
61 325
25 119
87 215
75 255
130 237
191 238
245 253
3 96
51 171
95 133
65 88
152 282
130 142
163 295
124 306
190 281
276 306
41 226
110 113
74 181
175 276
84 325
98 300
104 105
290 325
64 118
214 283
63 298
97 176
224 325
239 323
52 172
233 290
34 154
70 132
10 75
92 95
63 126
149 177
65 203
58 315
52 108
14 291
70 314
84 111
107 238
112 271
92 236
131 247
115 200
63 88
25 119
54 213
139 295
144 148
11 186
94 290
2 164
67 258
114 273
127 292
146 264
119 289
76 193
64 89
59 291
85 247
118 240
33 165
30 254
64 228
73 258
15 84
99 313
136 319
0 137
11 121
77 104
241 293
136 329
81 256
98 141
190 199
100 242
63 183
113 315
84 312
4 328
81 325
245 309
50 184
228 313
125 143
85 229
99 202
98 219
95 224
26 38
24 78
73 221
97 309
200 269
50 164
223 296
97 215
193 254
166 289
93 251
21 227
62 249
187 198
50 240
167 326
39 135
29 293
109 221
109 280
18 33
157 328
34 318
1 271
13 74
25 327
23 122
268 281
182 222
17 183
4 112
86 188
3 298
268 278
205 285
201 304
290 300
66 83
142 325
196 325
76 88
160 294
120 311
63 185
24 90
24 153
72 279
3 89
62 92
23 172
244 310
246 284
51 260
287 313
159 282
211 245
11 151
33 162
111 255
2 50
66 102
212 226
86 201
99 181
59 181
134 290
105 128
138 251
2 6
271 306
195 209
43 294
294 318
45 53
92 114
112 189
210 212
6 272
176 235
36 183
297 324
54 179
59 216
147 246
221 235
73 96
191 305
96 204
71 265
86 269
160 240
2 228
112 319
49 67
39 313
240 329
21 144
276 283
274 297
53 182
215 326
58 97
150 244
202 225
43 301
151 246
149 248
33 79
