274 491
109 1123
98 137
1282 1971
104 343
274 1234
550 622
116 238
185 188
1077 1349
219 1991
174 517
31 368
52 507
67 183
182 926
308 736
659 1313
44 482
448 948
517 911
431 1120
333 924
307 394
185 943
189 917
50 308
1626 1958
183 204
273 1360
457 1152
678 1607
932 1320
146 871
57 70
48 511
468 687
351 421
604 1335
1033 1441
97 1109
1710 2251
2244 2245
1601 1938
994 995
155 2017
203 943
1899 2046
1155 1261
1523 1769
28 934
308 843
320 374
1150 1354
374 2128
218 1317
1494 1816
295 679
90 921
536 1829
189 921
119 159
28 111
116 1109
32 648
166 1502
461 588
98 295
198 558
1041 1691
342 1064
1049 1254
1454 2256
113 983
203 953
430 1093
143 516
1011 1275
175 421
185 517
220 1015
7 1029
177 669
304 1539
1083 2011
55 267
1004 1633
1667 1711
182 935
1100 1234
223 593
90 1871
330 1065
1296 1743
60 678
99 152
60 677
245 246
341 679
180 1100
1940 2039
624 625
458 2032
635 1786
401 525
687 1530
80 262
382 1255
572 573
432 2241
1503 1808
2154 2155
1336 1398
928 929
67 412
209 517
191 209
333 939
189 205
1044 1045
66 156
70 422
197 206
31 1438
1515 1648
56 599
1116 1193
2083 2339
1496 2044
1359 1424
605 1292
176 212
51 488
68 69
1216 1217
185 934
203 954
67 1304
51 69
449 1868
266 461
1181 1187
274 912
13 267
760 785
128 1292
232 243
422 936
98 308
448 922
64 963
475 2093
280 313
102 165
566 578
103 1209
931 1658
1192 1912
417 1083
2139 2208
1620 1655
70 455
54 2269
296 368
82 371
204 1707
1010 1532
1174 1186
1349 1350
447 898
1710 1893
119 2329
2219 2241
268 310
431 1498
57 511
1699 1820
1259 1686
932 965
206 940
898 1024
1192 2013
413 1934
28 936
1485 1486
319 320
420 1503
1296 1874
70 173
999 1054
1392 1696
1389 1625
188 517
66 334
363 1895
91 511
26 56
257 1837
381 405
90 891
49 74
328 1185
171 1434
1651 1830
171 366
244 507
1958 1991
203 212
189 1241
1066 1125
919 1898
418 493
1175 1266
515 1326
141 387
44 936
1032 1304
274 963
267 407
1274 1359
1183 2019
1342 2083
1034 1081
287 953
280 1108
68 517
517 942
242 807
447 1606
174 921
1243 1414
128 314
412 484
448 925
204 234
1194 1336
91 149
154 639
917 935
243 2215
543 1877
688 1863
67 334
291 687
1577 1820
365 708
208 605
204 1072
393 1526
52 350
198 703
2241 2243
1061 1501
24 75
366 381
98 387
75 1344
769 1621
151 546
889 969
137 287
465 578
166 931
176 1536
177 1240
3 295
418 519
932 1272
54 58
1061 1417
239 2106
111 112
2001 2083
287 954
899 2083
4 1212
206 959
176 1502
923 938
177 1242
188 205
40 175
74 455
41 111
430 1238
247 1191
1174 1319
564 657
179 520
130 735
1467 1823
68 79
67 1493
1678 1803
211 1532
222 517
581 653
2163 2171
320 427
270 1429
74 301
923 939
952 1156
198 257
62 1071
264 422
859 1359
126 847
320 973
51 350
241 309
640 761
245 472
1473 1579
939 1320
191 937
1061 1445
850 1326
432 2353
545 616
1334 1698
2083 2241
183 206
1049 1193
182 921
385 477
935 954
1041 1042
10 459
284 1057
1542 1691
313 1434
90 1493
224 317
111 911
174 927
1559 1574
1365 1728
115 2326
943 1320
26 1108
70 695
451 710
94 455
144 1445
25 427
150 1424
306 1011
39 1437
208 1139
278 403
1224 1809
1259 1467
1064 2174
99 262
1693 2097
1 266
56 353
244 301
345 361
2102 2212
1958 2054
2166 2263
418 690
542 821
1334 1840
473 515
492 690
814 1052
1282 2024
6 1137
434 975
1732 2214
422 455
55 313
308 385
1109 1352
39 257
733 734
295 861
20 1037
67 206
194 212
175 184
321 913
1909 1912
115 738
111 274
1301 1493
1175 1246
243 1151
308 341
831 2235
45 409
188 431
101 467
1142 2083
41 203
380 1344
421 1871
1282 1564
27 523
50 262
112 274
190 927
1541 1617
49 51
1157 1880
191 1536
91 295
144 509
898 1086
204 1100
59 1607
2105 2373
912 932
670 770
10 460
320 838
2241 2242
1258 1334
173 1006
781 2244
385 736
473 1628
48 1411
1259 1410
254 1716
299 646
45 1413
1 154
20 272
477 679
1 461
94 350
115 2365
1290 1678
406 1247
112 431
471 648
190 939
191 941
175 966
320 1408
295 383
45 206
155 495
25 544
934 1502
302 1514
1498 1577
368 1724
1078 1170
83 301
1125 1160
2 438
174 948
182 932
79 205
603 2100
274 965
143 1956
49 145
189 954
1710 2294
1519 1649
205 206
1723 1840
139 452
2049 2089
912 917
1242 1502
931 952
1035 1571
1162 1193
206 937
421 966
10 12
182 953
320 1526
1282 1324
2259 2371
195 541
1576 1581
210 220
185 194
850 1643
1201 1696
181 923
0 154
1555 1758
190 203
1207 1909
53 56
28 274
62 1886
21 477
365 460
218 271
423 600
769 1481
1264 1321
1495 1994
477 743
1419 1510
90 937
274 1241
913 948
421 1273
117 237
343 822
189 923
1237 1429
209 917
1171 2083
1040 1889
191 920
738 2204
203 1536
191 1121
399 1193
57 525
190 938
1519 1520
90 911
152 244
112 175
1316 1441
49 96
1245 1247
244 262
41 44
918 935
130 372
601 602
1437 1837
1879 1925
342 1065
53 54
989 1034
60 661
41 935
0 48
41 205
48 308
69 74
79 840
205 912
498 1301
206 1241
190 1260
421 922
245 1033
515 1330
28 79
111 1234
51 404
1193 1336
254 1426
191 916
194 203
1414 1996
45 578
881 1952
431 649
1559 1620
1012 1967
254 1125
1019 1020
222 1623
254 1539
6 1029
1224 1867
178 1100
431 515
175 942
308 861
32 471
475 2355
1029 1275
185 1059
270 1167
422 488
28 67
493 519
67 68
90 976
209 1771
491 515
390 1884
423 990
198 912
931 1072
75 149
308 525
348 1352
90 176
1004 1372
19 595
83 264
146 160
192 193
917 922
1176 1934
190 222
294 661
1424 1982
154 663
1100 1253
91 137
1053 1054
67 1234
432 1797
143 1750
405 820
174 534
175 197
269 1352
198 940
1198 1710
175 953
12 58
269 1123
1041 1056
1442 1658
1273 1748
19 540
503 1921
432 2306
562 563
67 1261
333 942
152 488
1123 1300
593 764
850 1574
1326 1327
310 1026
303 1715
1352 1517
145 157
559 1912
287 1162
1376 1487
374 2127
534 922
295 525
1706 1916
316 363
15 73
936 1623
491 1707
0 387
924 936
754 1412
1750 1901
139 2083
162 755
431 1771
100 392
416 1616
40 205
815 1815
50 404
966 1539
184 222
517 1685
257 1843
90 1539
301 488
181 1442
1247 1266
503 1894
50 98
59 368
90 274
517 931
193 322
152 455
436 875
143 311
687 1109
951 1681
174 1059
936 1536
500 1224
112 185
206 976
216 1564
306 1732
406 482
914 915
863 936
179 185
376 1915
429 1094
79 380
418 1516
1523 1786
446 1543
554 575
1054 1195
635 1769
176 939
48 157
90 1155
1188 2244
180 274
966 1260
338 495
203 1100
10 55
636 1237
194 1059
272 1067
1267 1358
1250 1737
234 966
321 911
481 1656
205 422
333 933
200 1378
1243 1466
18 19
1253 1871
206 912
931 943
1172 1691
534 935
3 438
2 295
198 1100
419 608
680 1050
52 155
291 1109
530 1184
995 1424
517 918
2083 2117
91 380
94 511
365 611
13 54
692 1251
1805 1981
931 1241
3 130
295 301
318 1057
660 1313
1301 1678
1160 1163
206 927
1320 1502
1117 1523
1070 1760
1361 1362
372 1560
43 114
465 676
1707 1773
176 274
190 520
206 939
769 1736
917 943
431 637
449 524
181 1100
935 948
188 1242
1625 1626
222 422
189 448
171 434
1160 1359
681 1498
446 1192
287 939
995 2036
156 1128
877 878
115 2133
351 1260
1255 1265
143 1177
179 959
1301 1913
917 926
56 378
1634 1635
1805 1995
666 1407
499 1829
111 976
209 1252
1250 1251
32 1438
1058 1671
1596 2066
47 375
62 1903
241 366
191 921
432 475
183 932
185 918
169 1777
55 263
11 58
407 408
232 1076
28 954
312 468
570 571
919 1976
99 422
428 1516
1100 1304
1605 1606
1359 1915
181 206
176 1260
224 320
1107 1324
243 409
149 527
179 194
185 1320
300 1518
8 974
636 1124
431 1707
840 1301
2083 2336
115 2123
561 1893
50 80
10 599
216 218
287 639
222 926
100 765
1006 1035
79 244
190 941
908 1496
204 943
303 1514
383 679
1 743
1263 1402
911 931
475 656
962 1244
913 1100
644 760
64 2060
1221 1723
27 191
296 677
449 2145
45 334
1463 1577
917 1413
160 444
222 1536
593 1238
644 1627
0 662
1351 1725
690 1516
390 1250
374 2117
1110 1803
363 1181
744 2290
206 931
245 299
218 223
1529 1724
1274 1351
102 315
176 1272
497 1669
71 646
116 495
40 931
585 2363
348 634
374 2108
174 1623
24 1649
923 1241
67 942
1225 2180
399 1330
1019 1619
45 205
437 522
184 936
863 932
1796 1911
517 1244
102 166
68 175
96 173
555 2218
182 938
189 1320
66 681
112 1705
1034 1349
1716 1938
922 932
1252 1253
1191 1606
178 948
204 257
628 1172
116 261
170 476
933 1240
28 941
432 2352
321 916
143 1334
25 715
13 1108
939 1442
374 2130
452 453
1378 1691
1191 1325
517 1304
521 565
203 421
245 1492
193 2023
430 1711
182 1658
218 635
24 597
193 1468
1411 1586
459 509
698 2229
445 709
434 494
1110 1291
935 1242
143 151
257 1689
810 2237
27 174
1874 1937
661 1879
48 79
111 180
27 203
432 2315
99 598
41 462
197 922
277 1101
280 460
1264 1664
275 1618
80 1411
952 1320
942 1240
1125 1479
469 624
84 732
318 1058
39 1413
191 924
185 922
1191 1328
215 975
536 1701
160 161
185 1670
28 1100
191 943
472 1207
451 1503
69 78
2166 2280
301 470
112 1771
261 812
1037 1623
90 935
160 759
141 295
66 1260
227 1831
491 558
320 1257
1191 1395
1224 1550
266 1676
365 381
1083 1096
151 1988
274 953
80 266
374 2120
384 710
101 341
626 735
320 1205
40 203
1164 1165
177 206
271 2027
174 963
111 924
111 257
1335 1912
269 1109
243 292
1026 1275
24 636
1 100
203 913
174 185
179 953
922 954
222 520
300 995
198 932
1021 1022
1276 2098
467 679
12 55
206 938
1544 1802
419 1212
174 178
530 1183
416 1060
98 495
1722 1946
234 923
891 1871
1181 1612
83 295
245 1049
90 922
175 954
932 1059
1218 1823
32 307
16 17
44 64
1311 1998
920 935
401 487
156 1247
948 965
1781 1782
887 2247
473 1214
491 785
203 222
665 830
176 933
154 861
1274 1612
194 1320
134 570
472 2059
52 301
155 287
206 911
67 1848
189 935
244 511
205 1255
3 154
91 1344
454 570
320 1284
1155 1252
1544 1862
67 926
1191 2030
448 923
1414 2070
189 925
111 1272
1099 1414
889 903
784 2210
190 923
185 1442
636 711
922 966
54 267
147 160
124 1396
24 25
1324 1602
446 1191
288 1156
815 816
832 2288
242 1869
48 57
919 1050
517 1241
45 194
913 935
175 186
432 1815
439 1420
333 1244
1100 1894
191 1100
400 634
310 1732
41 484
189 257
644 1276
274 937
50 495
1026 1439
756 1496
417 442
171 365
680 1656
2257 2259
1214 2019
79 470
582 2247
45 250
1127 1246
1703 1724
467 525
204 931
94 98
191 206
1264 1453
994 1924
681 1887
680 1186
249 250
832 1250
1032 1602
1494 1830
1062 1445
2204 2206
40 189
333 926
859 1301
179 918
173 730
764 1974
269 348
174 1241
180 194
396 1750
517 941
924 1502
889 908
