489 1796
1028 1452
433 630
1486 2302
821 2284
380 2257
783 2104
272 2253
221 2157
1357 2224
700 1736
296 1718
764 1695
1147 1946
959 1725
30 850
137 332
1855 2103
760 2255
1625 1656
16 913
1269 1975
403 1469
323 1649
326 1961
964 1435
755 1985
683 1765
1493 2230
635 1009
1327 1613
299 938
1356 2297
1442 1493
297 758
462 1697
1276 1520
1996 2117
81 1471
661 1994
719 2030
441 599
136 1916
1787 2006
82 1725
317 1042
1134 1535
35 2368
1030 1904
1669 1715
1732 1776
918 1683
218 1579
1424 2179
0 1851
300 1232
1779 2074
30 1500
528 2105
934 1000
593 1676
2031 2061
854 2284
1280 1676
566 668
1606 2021
967 1033
1043 1673
89 652
3 868
740 1130
1090 1361
1984 2299
1465 2197
107 933
430 2023
658 1654
649 1741
180 1597
681 1133
500 1791
741 751
1587 1891
1781 1941
922 1964
99 1473
61 1577
341 451
118 1168
1197 1985
1689 1936
1278 1534
1356 1990
668 692
1721 1865
249 474
348 2057
558 2325
393 1710
16 1464
653 1890
1187 2306
548 1496
195 1318
1151 1762
96 2017
623 1252
789 1023
71 1962
853 2262
313 1680
62 2026
126 1821
1559 2033
542 715
522 1310
956 2334
1708 1739
483 1186
9 2154
1578 1765
509 826
1287 1397
195 1893
1331 1494
1288 1480
112 2137
1006 1121
1037 1062
1010 2133
571 1488
449 572
2042 2249
912 1449
1788 1860
1550 1777
95 2054
359 424
1517 2029
392 2232
198 1032
184 1510
1299 2153
1189 2012
123 1063
244 546
658 1767
230 388
794 2280
833 1002
658 2178
71 1318
62 327
1336 1594
178 1302
1374 1583
237 2100
748 1301
710 1763
1371 2288
1418 2252
798 1242
1591 1815
567 583
962 1517
1316 2137
620 928
1154 2187
1009 1305
658 1173
213 1349
1529 2182
286 1615
1612 2100
1755 2228
1256 2060
959 1222
657 1113
1028 1199
1805 2129
295 727
1468 1687
431 1369
1111 1984
136 1717
248 2026
656 2106
471 1244
1070 2324
176 251
1398 2158
351 589
1195 1596
1563 1571
368 1175
676 729
200 590
473 1316
756 990
583 736
19 1226
533 1781
485 1491
2095 2300
609 1670
1475 2121
836 2089
87 2051
1262 1763
570 2141
1240 1996
606 668
623 1586
605 1071
1314 2257
480 1153
239 1041
893 1327
330 1284
935 1391
1278 1998
748 1614
886 1119
869 1394
575 1589
1097 2251
755 818
313 1962
1018 1612
581 984
871 2162
83 2058
1115 2087
60 1138
1519 1791
206 1199
284 2298
741 1789
1398 2145
2087 2357
1765 1870
1170 2166
327 822
1411 1927
1974 2015
141 1651
504 1957
940 1591
45 493
42 1268
643 835
110 1790
86 90
248 1856
1457 1534
2254 2374
803 862
63 1022
2195 2199
1006 1699
5 530
333 398
137 1192
159 592
241 1197
496 2314
278 1659
1248 2253
374 1722
1344 1975
511 1740
1649 1890
1346 2055
25 295
1164 2226
0 1503
257 485
919 1523
188 1142
2 577
604 2026
580 703
1107 1255
1045 1360
1936 2087
588 1166
619 1538
425 570
844 2321
636 1990
469 2264
120 1922
919 1275
67 133
1612 1706
638 1181
664 1488
809 838
810 1591
552 895
154 175
579 1903
795 2310
1038 2330
1209 2302
334 1608
463 662
173 1971
1144 1971
897 1595
739 1396
522 2300
927 1556
885 1962
1319 1901
1624 2324
214 254
352 1568
254 1621
228 1629
336 1019
1440 2029
950 1063
869 2096
924 2324
839 1945
1544 1651
482 2315
20 221
288 1268
99 2371
1451 1971
1699 2292
8 1598
329 643
46 856
1296 1358
1910 1979
47 2281
153 879
27 1654
1482 2063
818 1687
431 1933
33 265
141 1840
213 1720
1112 1434
643 799
239 1873
234 2033
1873 2303
107 1945
226 1429
369 1226
117 436
1407 2031
1469 2041
22 158
1162 1757
332 2190
70 1381
120 220
906 1830
1274 1821
452 1891
496 1926
580 2232
261 1708
600 905
853 1329
442 599
236 2345
744 1286
1087 1820
628 2005
116 2116
1231 2290
57 896
508 1050
1051 1928
490 1641
819 1221
521 2344
698 2293
1573 2264
1538 1594
571 1181
234 2144
1076 2371
638 1031
1761 1792
211 2139
1127 1535
1715 2077
914 1849
344 2210
1036 1981
1895 2024
607 2165
319 1378
507 745
446 1351
1220 2046
1719 2139
945 2040
642 1985
750 1856
461 1961
230 2002
317 2029
1496 1670
161 406
225 1463
1236 1738
1566 1876
1506 1893
1260 1748
606 1647
1836 2244
1210 1553
812 1570
567 922
1192 2111
58 1413
1158 1195
94 649
578 1216
887 1466
52 1609
355 2284
909 997
890 1289
2002 2177
1067 1604
355 1663
804 1182
1477 1961
418 1932
395 1512
559 1194
653 1233
142 2334
526 743
1750 2280
782 2112
219 2302
193 1737
274 815
1273 1863
900 1495
1186 2301
831 1128
646 740
615 2142
446 2170
80 1215
670 1257
1332 2288
1518 1866
110 235
539 2328
1511 2149
865 894
785 2095
87 319
1363 2006
654 2302
1061 1216
17 2110
1740 2165
1316 2208
827 1119
249 287
1877 1996
89 2210
597 2007
574 1918
1105 1504
1085 2074
1441 1873
1404 1770
324 630
255 1499
318 1624
1643 1739
1869 2093
1429 1509
1316 1388
1849 2353
1043 2033
125 1805
966 1936
694 965
366 1990
1277 1983
1168 1747
1049 1529
753 2326
1558 2028
1982 2150
831 2310
309 2284
774 2128
1086 1157
535 2135
1788 1930
1377 1555
239 939
76 1527
56 2262
784 979
1033 2072
465 1920
499 843
172 1288
176 320
1199 1735
292 1277
1353 2046
510 2015
1312 1730
1416 1735
26 198
818 1890
1113 1955
1576 1634
629 1674
1764 1920
199 328
1246 2040
740 1613
1301 1995
1416 2068
821 1732
794 1015
983 1961
1441 1904
1869 2312
251 1793
608 1485
1535 2194
57 857
138 244
1226 1687
323 1551
1093 2128
757 1255
104 1527
409 1948
578 1205
134 1806
754 796
374 652
2 2338
1215 1567
1516 1918
1813 1959
1420 2252
1222 1657
405 2109
613 1737
2119 2183
140 316
223 2188
1004 1194
968 1143
133 1653
1005 2126
1304 1567
287 1966
572 1479
1335 2274
872 2026
27 2186
1048 1636
1037 1727
1517 2332
1095 2250
850 1946
1143 2047
344 1277
635 1443
1058 1928
1164 1415
1566 2053
2139 2187
899 1457
410 578
61 635
316 355
352 1923
1223 1892
197 1475
265 1349
96 1384
651 2135
1417 1542
805 1814
330 2273
1502 1668
2036 2241
276 1260
347 1187
257 294
1239 2018
1793 2176
184 1135
486 1376
376 1870
391 964
658 2153
22 2103
496 1015
630 2010
1731 1897
1328 1519
68 347
744 1940
1382 2368
1517 2190
549 1806
1756 2029
643 1383
1804 2246
359 971
1395 2319
86 1545
1682 1942
1108 1748
1272 1477
96 837
1682 1804
1351 1721
1287 2056
29 1194
378 1034
501 2268
1347 2374
31 105
1178 1566
438 490
80 1062
1575 1593
385 2238
662 2036
1018 2310
648 2104
413 2077
164 1587
398 2358
647 2206
727 1669
220 799
1642 1665
1231 2198
351 2071
736 1998
1047 1520
1015 1944
108 2153
1904 2276
283 1521
1409 1713
785 825
1565 2207
437 2164
1980 2342
199 2258
1398 1816
1179 1706
40 1938
1826 2240
351 795
424 668
1064 2343
1285 1596
2202 2207
1471 1832
966 1635
705 1004
626 1720
1103 1450
211 1719
259 1217
1514 1740
317 2320
1850 2187
1199 1698
736 2283
1503 1838
310 1885
813 2071
1932 2115
1212 1521
224 1453
229 2235
1258 1499
163 290
638 1533
518 1358
120 629
327 1269
221 418
1026 2145
1138 1464
653 2102
116 1916
98 1092
2138 2236
161 1620
740 1352
211 773
779 1062
977 1537
844 1828
1707 1851
133 1795
496 2234
867 1471
1763 1914
1120 1867
1774 1839
1551 1806
216 517
351 476
799 1488
1319 1439
739 1454
875 1637
1465 2087
694 894
2040 2349
870 1898
1385 1888
158 525
1189 1861
223 2319
616 1472
262 2122
885 2108
160 650
620 1087
1312 1838
1676 1826
1273 2028
432 1356
399 1118
1907 2155
911 1368
33 36
285 572
68 350
379 1762
411 2092
1489 1665
214 2231
1298 1432
223 656
403 1308
611 1783
123 1118
855 1898
710 1416
448 1984
302 2151
531 1561
255 1015
1143 1414
1537 2059
1025 1309
181 1212
1647 2041
1257 1908
124 570
1658 2347
1820 2146
1822 1906
603 2371
760 1755
595 643
26 480
503 2075
96 2055
456 2210
1363 1573
606 686
1310 1568
109 566
221 888
799 1600
9 1822
24 1323
905 1704
63 510
1313 1954
213 837
373 2146
1895 1984
1265 2351
1324 1580
507 1205
168 1360
60 515
488 1800
149 2089
1530 1755
1427 1540
2042 2299
289 2021
471 1655
629 778
858 2166
584 2327
2288 2319
1006 1146
532 1587
1532 1689
758 2154
394 988
754 1658
1306 1665
864 1548
167 1337
621 1755
50 2068
53 287
1088 1119
135 1144
244 1178
53 1305
39 1058
609 1231
551 1160
40 996
1418 2373
579 651
1826 2005
432 714
1951 2169
1592 2156
1859 1936
439 1328
1597 1721
844 1282
874 1563
694 809
1321 2111
306 2108
1345 1464
660 2094
1420 2363
450 1271
891 1446
1153 2173
38 1139
969 1033
1154 2052
346 1178
298 1128
7 1094
1754 2150
155 681
567 1072
667 1241
1580 1912
1715 2090
116 1004
2242 2282
452 1828
73 725
475 713
381 1567
456 1334
903 2061
957 2135
454 499
580 1953
966 2291
241 2369
1099 1122
158 1917
1691 2370
1826 1909
1133 1782
423 1337
245 1074
316 2346
895 1982
1577 1977
1596 1915
399 846
637 2257
758 1936
1161 1932
1161 1382
530 2006
513 2294
892 1183
58 1148
277 1790
189 1634
942 2355
971 2067
664 1586
805 1311
1309 1582
974 2043
1373 2223
900 1139
308 2084
613 1083
450 1938
1023 1683
550 1452
794 2012
152 1254
1569 1811
984 1879
253 1725
2008 2018
415 1896
232 953
207 2339
1658 2033
1418 2069
482 834
56 2214
1754 1950
1465 1988
659 2232
850 2328
626 1439
1265 2062
927 1767
1347 2338
124 1680
833 1680
1222 1793
702 1299
758 794
1207 1526
1362 1775
625 1154
797 799
1709 1932
1777 2092
1754 2235
1012 1023
1069 1336
497 1651
621 1772
1540 1593
1511 1739
1415 1746
481 625
1516 2202
33 448
270 1240
403 1578
138 806
1303 2061
298 630
159 1458
646 1891
585 1387
285 764
1546 1756
228 1580
708 1528
361 1242
1278 1982
775 1698
235 1683
287 1344
1109 1940
656 1741
770 2083
1009 2149
908 1428
1220 2262
1129 2080
2150 2300
122 359
1398 1908
764 2237
853 1159
1019 2241
1144 2246
674 1094
1711 2189
1597 2258
1979 2304
2 428
75 186
2242 2263
849 1882
241 565
1659 1878
1726 1985
847 1263
68 1755
677 1238
1139 1723
366 2295
974 2002
1746 2184
1878 1934
807 1322
1166 1299
858 1777
1893 2263
767 912
482 1361
395 1017
536 1230
39 839
1762 1949
395 1000
903 2370
1284 2290
1456 2157
1438 2123
252 1775
324 907
85 2069
182 1301
454 1244
1154 2144
152 1492
793 1110
1026 2075
1986 2225
755 1462
1834 2100
17 2236
599 1024
147 811
848 1779
627 815
684 1450
72 1023
1331 1790
724 1495
1766 2279
405 430
1573 2313
1735 2241
151 1217
68 251
1212 1852
1619 1621
1591 1744
772 944
323 2247
1534 1959
82 306
814 1596
925 2372
598 2186
293 964
612 632
1771 2269
116 1747
136 1885
319 1201
1031 1579
1520 2082
508 817
994 1774
44 822
1003 1321
1284 1696
835 1562
764 1486
669 1563
42 1916
299 996
421 1428
1221 2043
937 999
1770 2221
192 973
1242 1426
1223 1335
1065 1108
322 884
1986 2089
1270 1480
1798 1836
439 2020
57 2371
361 1487
198 559
362 1008
377 2216
116 666
504 548
811 2210
1677 1743
1016 1398
110 986
437 2175
731 1953
404 1234
849 1804
7 1549
1511 1932
20 634
923 1000
1390 1871
715 2233
166 1542
1093 2052
1010 1337
624 1397
1799 2033
393 1395
1718 2342
1731 1774
301 353
588 1493
818 2291
1342 2048
82 1753
17 1903
621 1329
1053 1818
708 2348
1827 2195
759 1185
1731 2280
540 1533
703 836
712 1715
398 1053
2255 2277
441 2171
1081 1436
500 1285
980 1596
536 1088
434 1103
883 1137
1104 1335
1125 1765
293 1460
310 780
293 1982
380 883
896 2061
1645 2298
1210 1720
387 2321
219 1510
1524 1962
119 1299
809 1129
283 518
625 1083
933 1267
1148 2344
188 1782
1114 2067
2021 2042
509 714
1326 2200
60 202
1235 1613
