14232 16856
3683 10290
17189 18247
1276 8244
6240 8659
7614 16243
4927 9422
7610 13977
8332 15578
7373 14395
1847 18391
2540 11940
400 8788
12429 15381
6233 18766
5427 14590
5476 9652
12975 18452
3269 13885
6826 7634
12009 14287
8852 18233
7345 18396
12452 16694
10296 18315
7560 16863
6443 14653
636 17716
2104 6593
4924 16737
10532 18026
9615 13961
6763 10833
10509 16725
8129 10984
5842 14305
1313 16194
4759 15470
3999 11724
7075 8192
3879 5336
1073 1188
3528 14999
5081 13310
15311 17928
3038 9011
6917 11652
12008 18395
2095 4995
2898 7154
1523 17594
3323 7680
2919 3773
2476 6775
2941 9317
10200 11782
11683 18750
7217 18768
16180 16589
5207 14296
4228 5213
1279 8574
6121 9549
138 11621
7073 18494
1461 6185
6565 8833
4306 17247
2787 11079
1757 9119
2739 18165
1801 16037
2922 17745
6070 7335
8415 11053
1341 15730
2561 6443
13494 14885
15025 16217
8988 9884
5282 6506
8464 15134
8067 16893
5319 9150
8212 10601
8124 16509
10049 11268
4884 13571
3680 17937
9155 15700
2703 14314
4275 14754
791 10521
2741 11155
6 13027
654 18166
7466 9831
3523 16155
5055 7999
4752 10791
5515 11995
7712 16801
2168 13203
6612 15286
11389 12137
4327 6390
3865 11726
1700 9210
11677 15725
748 16507
8922 17904
2052 9696
8997 18653
12298 18258
246 14718
5528 12443
12236 18110
1358 12786
8247 18596
13310 16913
6556 13031
2763 7871
7861 17927
7844 13100
768 6232
1664 12683
3774 4272
5572 16089
1767 2301
3545 9614
13132 17690
15322 18168
7327 8678
11985 16598
3673 10959
877 7219
788 6778
4304 15127
15886 16464
1524 9281
10428 14857
2609 10840
1082 12800
4384 6687
7518 10078
12018 15182
15960 17956
9836 13392
16413 17743
5775 9835
2014 13890
5824 14679
10879 18096
8457 9137
1789 9110
376 15670
7012 14803
989 15143
399 10340
4880 12755
18147 18606
4231 16736
1696 14220
2974 9961
10501 16855
1383 6607
17022 18139
4195 15613
8137 11621
311 10545
5905 7439
3126 8919
5971 18539
2476 2915
2820 12295
410 4171
2543 15786
7802 9003
3485 16578
9103 13254
4199 8172
276 14663
1435 2093
3501 8679
11516 15454
3221 13682
7195 12863
68 3164
4597 9099
3866 12488
4086 10832
7902 10999
2295 10514
14400 15677
991 12424
1447 12651
2887 15982
3885 12010
6904 18522
4083 9949
6616 15986
11642 12349
6616 11010
6856 12607
559 16256
16520 17405
3338 3965
1486 15844
9373 18676
5213 10343
127 12355
6431 9879
14897 18014
12734 13159
237 8921
8909 11659
213 2945
6471 15759
16491 16814
353 5122
6209 11588
13136 16837
705 6962
876 15793
6079 17204
2099 12463
3603 16952
15238 17053
2477 4612
6598 15378
10369 15054
11432 12257
5788 14170
6657 16122
4241 5766
17117 17521
4445 10844
3226 6877
11591 17224
6489 11094
3319 10180
7678 13638
6597 11952
15704 16491
777 9771
5324 17019
6146 11257
5977 8033
2710 18614
2326 12286
12897 14801
1199 14517
4588 7011
2096 8398
5413 15602
3195 4175
5405 5988
4207 16325
11273 12641
2186 3111
10364 11243
11247 16570
4938 8196
3247 15790
1965 6471
3859 9223
5850 17787
5255 9620
5717 6972
3199 9451
14838 17222
1485 7551
15320 17066
4880 9390
2492 3039
6491 18620
5895 6968
12284 13256
3263 9728
1965 18116
8103 16225
5843 13230
4307 18672
13362 16328
6599 12364
10938 14506
2494 12474
12008 16166
4763 13700
781 8135
6352 16595
6346 8354
2695 11950
762 10589
6754 13416
2116 9974
7664 15675
8814 11106
15165 18317
53 12164
8756 9474
2055 9325
8038 14267
5494 12164
795 3353
661 17909
6982 7744
2454 10887
3623 6771
7111 8727
6289 15371
7257 8089
8102 12388
1226 17392
8291 17154
8146 18491
87 5611
6528 8480
8220 11341
4424 11792
2694 17198
13857 18481
4837 8397
6942 17347
5250 17209
5474 18164
4586 12269
4742 5540
1010 3310
10655 16093
17470 18756
16576 18190
2647 17352
386 4235
10339 12102
951 12763
8828 15017
10501 10991
12537 18133
2101 7755
3079 13833
12631 14698
7228 8489
625 11748
10540 11660
9539 10011
7236 9981
5148 16705
946 2450
7396 17851
13278 18770
10962 14981
10327 16745
8588 13516
442 1881
12062 16966
6835 15580
13601 16709
11247 17113
2753 7724
576 4187
1447 1917
6291 11419
4973 7389
12649 13740
360 10897
2063 5081
3591 7158
5354 10250
12855 17017
2305 16693
1696 12589
11431 13987
5649 10694
15444 17265
9364 16553
10467 11166
993 7834
1322 15464
7453 15725
3873 18268
6631 12920
2146 2275
7256 8705
5656 10326
11341 13475
1304 6548
6859 6906
10864 14244
5967 9186
11442 15294
6028 11965
6202 18711
3259 6061
2174 16572
13031 14842
11728 16865
13618 18545
862 3993
3711 17628
6580 15370
10228 13350
4284 10195
1985 4883
8741 10634
11719 18603
2384 13214
1093 14813
3839 17895
15027 18487
4355 10244
3468 8655
10337 13246
7126 14790
738 16987
7463 13445
1773 15868
6637 15344
12249 18421
4656 7103
4650 11510
10448 10605
4117 7795
8071 9809
18063 18519
12946 13054
9566 13669
16488 17663
8991 14398
12401 13729
7110 14344
2355 17309
17491 18476
2165 17388
3318 11644
10634 15764
14520 18678
9245 15463
6910 10418
1023 16878
9906 10656
11225 16784
6367 17298
5252 12207
6355 13437
3017 8329
8573 11203
8971 13876
249 7314
4444 15561
6809 10770
5724 12798
6518 13260
6394 12006
3346 4975
2583 8951
5596 12877
9734 11672
7479 18226
3376 6890
504 12370
9855 18106
1416 10814
11238 16448
1909 6562
1743 18764
353 2930
2701 13867
2607 13031
1231 16701
9364 12393
9259 10494
8845 17543
3527 16159
1184 11965
8764 9222
5053 12812
6368 10079
3441 15300
2930 18115
10811 14979
15565 18072
2755 16018
1198 10813
7063 7663
3368 17266
2625 17077
13190 14987
2564 10534
3072 6821
10465 13535
108 11750
7865 12111
10176 16744
9848 13659
17388 17984
6014 13300
9187 14056
11877 14124
5255 18410
989 14425
9 10379
2649 18692
10150 17662
260 1006
604 11591
6859 11134
2484 4050
2252 14994
5833 12407
4421 12511
8978 14747
330 1764
339 5409
1683 16749
13948 17198
1609 12201
9458 10391
2890 5207
14215 14666
4044 4446
5421 7398
3990 17989
862 4843
7765 15523
9747 10212
4349 6287
12234 12236
403 18299
15228 17668
10052 13457
4155 6346
7411 18050
516 17421
5019 18244
1968 14367
10290 12023
2317 9715
13071 14370
717 3227
5805 8450
1975 17036
4356 12593
654 1800
4798 12388
1220 15769
9001 11310
9391 11462
7167 9593
6592 16475
13601 18578
7317 16844
11638 17755
365 975
10166 11071
7346 8711
1481 11449
11403 11833
10550 17411
7221 8611
10750 14048
14740 17816
1178 17423
2278 9802
16290 18435
721 14612
9446 12924
1646 5767
1735 17698
9935 14550
14835 15492
8160 11301
4719 5147
1363 2088
14635 15015
1471 6808
2225 6356
3428 11784
5095 10244
13469 14125
14388 18180
3388 5203
8555 10003
5805 9695
2627 16427
2007 7201
660 12648
6742 17198
1082 6791
3349 8670
2681 3807
9447 17096
11262 16741
6589 8508
8112 8994
3417 4563
10132 12461
2114 18408
8804 12697
3553 13393
2066 5052
13821 17202
15005 17182
7162 14630
10174 18653
6615 6950
15752 16161
5020 7414
2538 5440
8453 18199
7009 17790
1761 14836
2574 3112
2627 10158
8473 17215
8486 15242
1313 5351
5243 17820
8134 18041
5698 11284
6961 16827
8294 13801
4338 16259
1303 7140
6499 11693
12121 14664
2717 5766
4954 5511
10042 14436
5300 13035
15581 18639
8385 9978
8204 14093
3124 11340
3466 5089
3805 17312
755 3053
9534 10349
14251 15248
10475 12389
4838 6104
107 6829
6033 9169
1944 14879
1772 6581
173 3868
9853 16027
873 16830
11019 18615
3737 13314
13196 17196
7852 10154
7108 17972
5807 13532
8426 16780
8049 8522
15017 17661
14647 18215
7089 7270
5284 8673
338 7310
8284 13609
12063 15542
11004 14562
260 2273
4139 9947
7 10852
2290 5286
2313 8246
747 18344
10878 15679
8253 11746
1353 9082
1365 16991
1551 18565
488 3231
1873 2072
6913 12061
213 7019
6144 14180
12792 18556
12825 15343
4265 16730
5438 7560
34 17333
6608 13839
11069 15197
725 7604
11414 12397
8441 18177
3795 14811
4163 14650
1652 10075
4701 13855
3349 3649
3484 9216
10022 13012
2001 11159
2996 13867
8479 14414
8096 9195
7476 10768
517 15788
3766 9197
17785 18617
9184 15875
6405 12707
13012 13052
1046 13164
5483 14187
1579 17819
4156 12936
9222 17239
502 17056
5434 13084
2026 10832
2341 18005
1453 7236
7417 18658
7559 11268
7768 17812
4246 11828
12104 13394
3013 9318
11137 12842
2004 16758
1569 12972
1202 4500
1795 14648
1248 4015
1329 11931
12550 14536
4074 16392
8207 18436
5276 15787
3545 11231
3395 12656
3508 9613
5752 10728
928 17265
9455 12068
12145 14999
1466 10784
2645 4528
13695 17584
9024 9112
7430 10778
7032 8374
4860 16484
5566 12462
199 9702
15042 16623
10308 18170
303 14341
6402 14109
9421 13703
1086 18149
3627 16604
14447 15416
920 3047
13812 14121
2460 7361
9122 15192
12585 18398
4544 9495
1962 14073
17474 17763
3265 17886
3454 12942
5671 14525
3703 17480
3196 11690
17209 18296
9512 15271
12328 13190
551 6921
2027 8098
693 5752
3060 6179
1168 5026
3763 11576
2721 8922
4257 9167
3284 9269
3012 8031
10998 18240
13620 15629
2545 5338
11743 12759
6754 8195
3689 11806
16570 17298
9723 12302
13096 13668
6388 11216
3828 7515
17993 18174
10290 12831
4208 11891
12305 13769
5167 14464
1843 16563
3931 13314
8181 8577
198 15302
1459 5353
8179 17804
4213 18558
5907 15068
6362 16808
12628 14475
3430 12026
1864 4257
5220 12363
933 5121
5059 17985
454 18090
1648 10009
2863 18692
3857 15469
6518 18672
61 3849
2144 10292
468 16961
10068 14367
6289 15902
231 11682
15300 18394
1036 8961
12579 16112
1681 15872
1496 11502
12760 17559
18106 18583
1973 16949
2018 16223
4607 11096
5453 17586
948 3101
1669 14179
6300 13375
2699 18748
4624 5875
4593 12771
3493 8249
1045 10820
11709 13255
97 18237
7959 11471
2511 14490
8605 11486
2002 18086
4723 13350
3538 15374
5931 8686
1554 10399
2916 3451
8312 14746
5748 15323
18059 18234
9411 10217
2975 12144
35 8217
6653 14346
8071 9756
12124 16874
11746 12577
2038 8781
581 2523
6503 15006
12210 12923
2284 13493
16348 16906
757 4189
10089 14236
2502 14927
16085 18511
15539 16917
2469 16718
14769 16603
10165 16493
7870 16242
10563 15867
7181 15943
2639 5792
3047 12449
2366 8775
285 16792
297 1214
6950 17869
3479 10072
2715 11232
10996 11723
4278 5382
1643 10475
2424 18479
67 18053
1115 12175
13275 17222
724 13948
11616 16420
7895 9374
5593 18669
8199 12785
14325 16373
5625 13196
487 13052
2980 4613
11340 12435
2071 2136
5552 9203
4237 10939
10916 15722
15901 17667
852 9461
10221 11192
11462 14518
4071 7678
4385 8347
5210 18251
5291 17768
1292 7522
1233 16763
8246 11104
1956 17044
10200 13314
11370 15766
6256 18306
1566 2557
16773 18697
5525 8608
672 6547
5042 16540
2796 17726
2177 11355
16957 17308
9890 15111
5712 10940
8203 8352
8992 17115
5479 5780
762 16819
13652 15073
7333 8549
16001 18288
2748 16402
1009 7957
10137 13772
1410 5014
15554 18195
6638 8609
138 611
1769 2355
3049 15745
4009 15009
3979 7113
220 17427
13073 18071
17062 18033
15183 18451
6768 16968
8713 12822
618 11868
2431 7597
5221 6224
14505 15957
3433 9457
296 4277
10900 13761
945 18589
1344 9046
10901 11526
7092 16522
515 9669
5511 17862
4124 12527
6951 11784
12233 16245
890 12263
9415 15609
10069 16199
7841 11655
5356 12337
3906 13648
1975 12114
6921 9820
5414 15727
678 15945
3813 11871
7920 14658
4150 11844
12737 15021
15346 15875
8874 10010
3871 13408
12211 15702
7867 10452
7034 14988
14251 18013
12455 14988
2823 16807
9532 11011
3782 14225
2445 18474
5584 6244
7684 11449
1459 7371
5419 9195
12560 16489
7694 17849
254 10891
13617 18663
8593 14048
1202 18302
3844 7604
1489 14418
12509 14912
3270 4201
9829 11048
6354 10486
2137 14922
651 17528
874 7465
3506 14599
2069 12365
13735 14311
9177 12780
169 6348
3829 8406
1657 10195
2717 13928
5584 16143
10259 13982
8616 13366
3844 5519
3262 5084
11860 18738
720 7800
7535 11812
12267 14633
2866 16054
10831 13507
7590 9472
620 3868
6492 7397
8620 9495
12926 17529
93 6439
77 2559
7231 18172
4584 10023
4766 12135
218 16298
7433 18014
377 13073
1999 16979
1769 7957
6656 9388
4755 15835
8336 17178
2044 9349
2277 18525
6548 18032
10496 14256
590 7278
9330 11812
1588 10563
13738 17643
705 14442
9599 17691
7815 8290
2162 7881
5081 10299
6174 16178
7757 11182
8071 13102
8787 8922
10487 17306
5281 6453
8135 16012
10390 13195
9784 18426
4699 17718
3987 17372
30 728
4901 12315
2616 6277
8051 13512
2901 15596
14395 16083
2163 11681
9175 10393
12320 13541
8270 10468
8678 15002
3856 5824
4999 6569
12959 13597
1204 1645
6656 10935
9747 14867
4991 13470
6447 16261
449 9053
7883 16966
4254 5642
2536 11047
779 7103
2209 2872
1452 4135
6515 18463
8226 15292
8779 9095
5812 9020
1916 11666
1238 8203
4377 17273
5725 12106
7860 17517
3941 11491
12019 14226
11397 16461
13198 17857
2674 13040
11412 16785
2806 6108
7998 10634
2482 11826
2159 15073
4311 4500
2584 15237
9101 10670
6552 17384
15856 16655
1712 15397
2891 17174
12944 15319
9697 9701
2556 9335
3189 17409
13553 13917
2281 6944
14094 14653
532 7537
5736 8088
360 9807
6211 6255
14706 16900
6078 18255
342 11316
3387 6142
3035 17531
1068 3805
10361 10647
8421 17478
136 14126
16169 17833
11166 15887
2886 13853
4875 8258
4260 16602
12848 17533
3457 12325
4724 18423
6171 6308
12085 17079
6026 12071
3310 5180
6270 13099
5572 11910
8519 17668
7458 17035
7336 16717
6039 16236
12875 16271
6076 10027
2446 16288
12025 18754
10979 11562
8578 16700
1728 13609
4429 13478
3090 10313
2968 18667
4011 9805
10366 14159
4944 13906
4194 8265
15918 16980
17936 18126
11082 18613
1558 3458
10209 12940
13582 18414
9339 9985
3729 9812
4819 12454
9864 14766
8677 17394
1533 2557
8344 16237
5143 17260
7949 8846
10904 11491
5137 14390
8490 15166
4903 8663
3373 5101
985 11092
4749 14993
16073 17266
261 18755
3695 5556
792 16234
55 5954
15885 16325
7466 16091
9716 15758
3090 15634
12363 18172
11741 12130
1080 7094
12099 13018
2568 4536
8930 12657
5420 9022
11841 11944
6607 16372
134 15182
3815 7086
17752 17797
1182 10835
12375 12757
12082 16695
4059 4115
7501 15303
5044 5765
176 7825
2082 17799
4121 15776
7580 7923
2216 6773
5864 8756
2262 6505
2229 5407
9105 17198
4939 14990
7081 10281
961 12837
16554 17703
8594 18342
2101 16964
10925 11088
3069 18548
2351 4604
5569 9294
11859 13269
5811 15753
3641 12650
9963 11286
11641 18388
1269 2205
907 13767
4820 15911
12835 18397
383 10453
4401 9582
11241 14115
11762 18695
4751 17898
6901 17302
5968 11139
9163 18202
9326 18362
4108 4979
11547 18233
794 15994
15878 17948
1198 6497
13293 17250
7202 11748
1294 14578
6427 8651
10200 16058
3657 8936
3469 5523
2302 2488
5557 6659
7571 18091
7640 9809
11104 14405
17058 18511
11816 16125
13681 17913
9506 13104
13716 18736
11289 15036
737 16650
8431 8983
4514 13746
10032 13357
1256 6566
6243 16533
2380 2563
5662 8743
11657 13640
564 14875
16177 17494
2881 7168
1008 18095
7060 8057
2225 10387
1839 18649
2211 15235
10108 17983
8299 16435
8142 14333
4505 18387
620 3522
9840 14498
3436 14083
9875 14745
6389 17317
5673 6505
12929 14789
8614 10071
8895 16060
8349 16921
5136 8692
15541 17621
4748 8620
11376 17602
3322 10761
5572 8150
5512 9369
4099 9629
7635 10287
3496 10647
7344 17061
6714 7518
1788 5856
4044 16035
11616 12716
5192 11264
5214 6245
7037 8861
2216 5890
8238 15764
5147 16588
186 9270
7517 9743
174 14081
7093 15072
2135 12353
13006 18065
12978 18398
944 9477
3064 5766
4948 7571
1018 17888
8243 17670
9809 12905
1953 4844
902 14824
2336 13626
10809 13797
6356 12199
150 14556
1177 11419
8908 9876
3166 12179
4297 15020
1640 9702
10403 13731
2191 3808
6059 12068
10024 18264
8319 14072
10127 14930
4359 15072
2304 5201
8046 14613
5684 13021
16603 16715
9893 14930
629 1686
12016 18216
1679 11296
7701 15104
6923 9635
7670 10926
5780 14261
4336 4853
4433 4970
6613 11108
6542 16321
1511 12779
107 2993
4104 16940
5388 8213
8511 11903
11879 14020
3052 9442
3306 7220
5845 18747
1506 6062
6476 7904
4711 5829
7342 11159
5821 6309
13884 17222
13593 13961
2056 14828
10490 14204
1540 9475
4339 9939
10364 14538
2987 10628
15686 18432
15894 17640
12360 18704
524 11948
7446 9962
14844 16225
10400 13368
478 12165
5172 15115
3708 14007
11931 17062
4108 17535
4239 15275
12039 16859
4937 14224
814 2515
6684 13562
1010 6818
14434 17466
8899 18530
6505 11329
2683 7805
2592 12499
5845 7128
13774 16358
14333 14722
1295 11665
5418 13238
11541 17359
10191 12648
5970 11044
11304 18402
18342 18742
3187 12410
2632 18103
576 5436
8729 16818
514 10340
3029 12016
1673 5449
14711 16728
9935 15325
1863 3715
7047 7691
2354 5564
8615 12818
14692 16158
1561 16026
8922 16914
6854 9987
6840 16426
11535 15754
6431 14834
11839 17642
2406 9934
5925 15620
5639 6380
3801 6134
4520 10522
910 8735
3733 10909
900 17208
4725 6612
7029 17964
1352 16462
10199 13077
2423 10543
6843 15732
4753 17088
919 6110
13595 17903
4022 8657
12433 14703
10348 17299
5178 11509
1461 4525
14749 15197
969 15292
950 12753
3159 5076
2479 14522
43 14798
10060 17721
736 7868
6936 13644
1560 5497
5263 6351
2062 8383
6335 11854
347 8342
16767 18116
4433 8666
149 6560
1460 3188
5969 17219
14006 14793
146 17401
2295 10406
2299 11751
2103 2463
7021 12443
5073 10968
9942 10392
2864 7402
7944 9923
1411 7649
9028 15717
15062 18520
13657 17159
12832 16771
167 10990
13714 18407
10357 12311
13040 15806
3138 15021
2047 16625
18093 18611
15360 17662
563 16888
7981 10765
3701 3763
13240 15304
3724 16045
9458 18559
271 17585
13601 17318
17025 17450
7953 18705
6780 18373
11065 11144
8405 13061
26 11915
2856 9146
6579 8860
11767 13268
9559 14713
11265 11464
7508 17127
9177 11267
3365 9164
948 16154
9813 14899
1177 11378
15123 16768
11792 14468
88 13378
5228 7148
5939 12667
5688 6573
8069 14932
7013 15749
10552 16451
14463 16314
2407 4297
9965 14983
6082 15427
497 5568
1155 15436
2499 9228
7071 9664
6643 13905
5130 17252
9022 13169
9892 12993
5991 14856
9396 12937
12045 15398
13683 14624
9064 15860
1348 16051
5512 13459
530 18088
6397 16227
3604 17923
10685 15627
4669 12789
2004 16895
4642 12045
12268 14462
7256 12764
9000 16115
1980 11509
5446 14250
4447 16813
13057 18041
12469 13986
11557 15846
3991 8962
2006 5501
2525 14694
12222 15410
6264 11771
7810 12615
2220 7556
3483 6157
3297 15179
8066 12163
8143 14590
15479 16733
670 11312
13906 18458
16062 18215
9599 9916
7289 15328
2285 18338
4912 11256
5886 8563
7927 11729
5999 14254
829 4987
7273 11657
6861 8903
11845 14766
6999 10951
13021 17502
8620 18632
5790 9262
6873 13832
2729 12480
5381 12690
11433 16978
17804 18516
7093 12470
2488 5799
9110 13881
1504 9985
5325 10036
633 3912
1444 14613
3256 4041
4712 16149
11169 17979
565 9629
13504 17898
9936 13537
1349 10348
1189 18704
8599 9914
2640 12923
10376 15801
72 9710
6506 17643
10294 11365
10587 14064
385 18493
4421 16874
1360 14242
9120 16678
8746 10927
4972 14010
5487 18173
7445 14536
3035 7212
11408 17894
3918 10475
11872 12180
4359 12656
865 7272
2956 9297
5194 6675
5965 9649
2433 5305
12279 16916
7103 13739
3669 15627
4754 13701
1456 15341
3004 8762
6822 9436
921 3334
12328 13717
3095 10163
219 1357
208 7451
7952 11727
2069 2677
5844 7333
10471 18227
16901 17921
3759 13495
5174 14802
13945 14280
5490 13521
5643 11255
14659 17792
14793 18133
6664 13115
4226 15353
263 3370
1890 16838
17509 18236
441 11209
12477 16274
685 13605
6552 15041
2538 8182
2824 4135
2651 17773
6550 10334
13084 16043
15879 16973
14455 17119
9618 18732
7973 9512
10071 14570
3664 15175
565 7379
13664 13943
3593 17391
8720 11782
14841 17631
219 1646
16120 16991
7567 17538
14592 14801
9358 15703
4021 17422
8880 10172
11841 18493
2925 7798
2080 9065
553 14788
1006 9328
7083 17164
3536 3793
4103 6515
4286 15835
8743 18411
6633 17783
2447 17890
14108 14544
316 17924
4952 11419
874 5677
10402 14098
2500 17628
7230 16795
1342 12390
10303 11226
3234 13145
2997 14726
2079 11605
1470 4113
1823 4339
14349 15222
10471 17837
5200 9541
7366 12767
10566 13219
2307 3757
66 15598
3313 4006
2118 10656
1914 4180
5305 12622
168 10676
2703 7669
9047 15039
10051 18533
14612 15913
11129 13859
8828 13937
7058 14737
562 3197
1336 12027
6649 9691
6700 10714
6071 10834
3354 13347
4446 10912
3037 3860
4702 12982
1189 14060
4984 13417
11364 17892
13142 13426
3448 9582
3468 17138
221 6968
4754 15192
3284 17022
10255 18473
6584 11456
480 4032
775 17037
2121 15453
8057 14290
1274 5214
11268 13698
90 9226
1971 3201
3671 16062
332 9667
191 14971
12874 16740
7810 18539
8083 17245
3796 15894
8610 17173
12531 14255
2352 3854
2641 10310
14827 16780
2199 10554
4841 16841
4684 11980
13040 17138
838 13362
3421 11005
65 1310
3232 18105
646 8987
8564 13952
3300 17041
4503 18048
3 7663
7452 8489
1291 4723
11438 14563
12570 13709
13726 18175
2126 14775
3494 10208
13700 16903
10580 11180
15860 16548
3521 11828
767 8552
1039 17303
8455 15360
13913 17268
6575 10611
1858 8306
9804 12682
7190 15350
5372 7655
10419 17049
2062 8654
9191 17370
8633 15200
3332 10353
629 1699
5924 15764
10699 17984
2730 5509
12700 15047
2813 14365
4550 8568
13882 15704
5742 6327
1865 4305
13199 18767
3687 17724
6747 7586
9090 14572
12581 15111
6767 14547
17057 18040
681 8994
6177 12344
8957 13992
4101 13831
3314 7382
1982 17620
7679 17918
12889 15686
1619 3379
2768 16617
16583 16886
1357 16111
6307 9267
9338 17635
1583 15631
16691 17009
1189 7181
2455 9644
14655 17567
12249 16474
1282 4731
7696 12832
3216 11657
3403 10171
2282 6835
2608 15267
4929 13468
143 7870
11854 15786
902 12962
8838 15004
14972 16629
3127 13083
12324 17446
2411 5798
4755 18388
2703 15202
2121 11211
532 13927
6639 16158
4004 12732
10462 13050
8586 9961
3314 6542
11905 14437
5962 8097
64 14975
5851 11386
13403 17098
3770 10729
4135 11164
8467 13575
14102 16133
3299 15678
4531 4598
7404 16763
5355 10309
3805 6646
7700 12015
2814 13503
5067 6105
11927 18163
10151 13986
541 7566
7230 14308
3580 10067
9600 12846
3361 5663
1390 4600
5232 12021
11796 14610
5810 8052
7311 17840
15118 16558
1124 11427
9279 10904
10368 12602
7050 11337
1262 13038
7984 9224
10286 15123
9519 14375
10794 14611
1753 16418
15784 18167
3099 15664
1177 7356
11870 13017
147 16997
4025 5027
11760 13748
2146 17708
7774 9824
3564 9189
2671 6480
12807 17217
4500 13986
12078 17044
8281 13776
5439 12288
5526 9487
151 14896
9402 16791
10777 17568
12525 13414
4018 4581
13438 14252
5633 17244
10210 15335
1211 14879
14638 15033
8219 8265
2288 8872
10337 15932
9716 16007
770 11416
8628 13208
955 1336
11255 18347
14689 17574
4080 5880
14847 16002
6742 16896
9582 10986
5305 5361
2197 9905
8013 10357
7505 16931
4766 7144
8245 16248
1370 12103
4603 12961
4633 16171
3715 18405
8711 18685
10581 13413
13807 15953
5341 8260
1611 13558
13748 17460
1688 15831
4288 17795
7280 16414
971 8661
4344 18578
2395 9999
5683 15394
14396 14466
14770 16736
3658 10949
1821 3523
45 15227
724 15270
9324 13065
1818 8677
2192 15871
5103 9713
13622 15132
4848 17065
669 5681
3436 15533
11723 17687
4025 4074
9016 11491
3959 5490
76 5360
7972 9247
2236 10906
6191 8937
8155 8742
484 12970
16313 17569
1208 15459
3451 16865
10334 15363
4964 6874
2638 6774
8741 18290
2623 9041
6554 16547
2315 14172
3310 13420
5034 14820
1336 7534
2327 13150
8535 13700
4094 18467
605 14723
4530 6510
6799 10937
3198 17705
9047 15444
11113 16209
3877 16578
5726 6483
5152 11035
11877 14028
11340 14337
9318 11632
9110 9260
7107 11292
4448 13845
10845 12145
13193 15159
15527 15660
1811 2929
1676 18075
2781 12358
4430 5267
10363 15211
3158 17400
12233 12909
16020 16515
3412 4931
14337 14377
1321 10847
10715 16289
9065 15722
13771 17380
7648 10742
500 3484
9058 11660
4381 10338
3053 15126
10576 12678
4404 10768
5134 13168
2570 10827
8488 9147
2895 3680
5404 15855
6238 6330
9117 10662
8415 8463
1039 11056
13715 16266
1818 10941
11414 18206
6446 6472
13734 16817
7984 17877
2917 4250
976 13070
11349 15787
10032 16007
2697 17735
12009 15485
6923 12504
5617 16939
15414 16206
6270 11829
1805 11507
11779 18765
8100 10162
14309 18096
2837 15875
2675 17985
2088 3293
11981 12999
11096 18157
2441 15768
11792 15092
4752 17185
6080 9607
2022 14101
16647 18577
1147 7456
11244 11966
2508 11026
2045 12072
17231 18641
7401 12144
2608 10419
1897 8711
7458 17434
633 16979
15644 17851
13764 16553
11293 16235
1296 18339
3252 18457
8331 14676
3505 9777
4848 15401
2172 6682
4133 5940
12677 17690
6203 10911
3673 11438
13221 14368
6766 13351
4489 11723
9836 15895
3059 10290
3272 15949
10469 11261
8421 17953
7569 17611
13939 14141
4666 16099
10798 16320
4728 18103
12354 14491
4013 15721
2458 15339
11546 17323
5461 12506
8034 16930
7496 8340
15565 18707
13262 18191
9681 14938
5333 17989
8535 18548
3136 6685
7066 14725
6477 9080
12438 14880
12345 15790
8226 13356
8396 16606
12905 14216
2636 15819
5881 13530
51 6765
4725 12097
3752 9816
3808 11048
1806 10532
8393 14252
3587 13839
6917 9809
463 5047
9218 12474
4473 6471
8152 10176
8256 17179
3443 18756
562 3007
3499 13853
2983 9473
5651 11517
7946 13087
9153 9772
2138 15670
2580 12174
15300 18604
15571 18419
13612 17279
6114 16267
7397 12678
5677 11242
1546 5828
15107 17461
2805 5443
16101 16527
7599 10709
3112 6455
4141 10922
18107 18567
11232 15658
5323 9751
1519 13499
8878 17285
6579 13254
14629 16595
10796 12407
8301 8307
6448 18246
6988 17955
11151 15602
6476 12496
5651 15330
5138 13815
7869 12010
6571 9472
2528 12743
7853 15867
7836 8817
5247 17854
11362 16648
7735 13763
6008 14051
3628 5979
7137 15708
2558 13368
4839 10697
3084 7853
2560 12079
8330 18206
72 10156
7697 11895
5682 10895
13791 14944
1920 15484
1175 15173
5266 11579
1537 3687
13779 18717
5734 11582
9382 11223
5762 16716
18272 18372
7586 16043
4724 11759
2988 4311
13310 13706
13340 18293
2425 11500
5268 16599
11150 14269
3949 10841
1034 18258
6040 10540
3572 15558
2254 5671
2886 15110
426 1291
3582 15410
3102 9837
3129 8186
11046 16140
9899 16669
4633 6155
324 5848
7188 17882
7518 11281
2716 6328
10503 15284
5097 6462
3620 15720
682 13273
2584 7094
10663 14044
9359 11501
7147 15580
9428 13580
6961 11872
3103 7908
10846 17081
440 13712
1235 15456
15132 17356
1690 8487
9709 14698
6898 8730
13667 15815
13651 14731
4710 11335
2052 4179
9718 17243
4584 15594
2803 7888
2202 3421
1595 17688
960 13116
4333 12485
10717 16121
1727 15307
8167 17216
11913 17018
6388 13163
17128 18280
1014 9275
5084 16790
7215 8916
17456 18734
12804 13072
5971 11366
5221 9576
7269 8955
5276 14466
5242 11978
13267 15892
2386 2774
4335 16985
2639 15494
2756 5119
14096 14271
7831 12495
8286 16610
12990 13219
2830 9890
10902 13769
7244 15256
4508 14192
12795 15748
11156 12167
11571 12456
6809 7337
7407 11601
5832 7982
11082 17621
9133 15207
4424 10202
7300 8129
9883 15690
7805 9470
11341 13870
6401 10794
1056 15315
9850 10155
333 7545
8884 10456
2320 14982
10891 15318
13395 14901
1543 18548
5467 5780
654 8098
12033 15334
8137 18315
8376 17740
7953 15464
6977 15995
15934 17794
612 3591
10553 10758
9890 12964
11312 12284
2339 10507
11332 14161
5198 17469
5589 14298
4961 12938
7127 8657
8125 10684
4839 9176
5402 10665
4461 8882
1059 1468
9271 16139
8591 12507
7884 17918
7192 12224
2268 12735
4561 11131
788 9105
14059 14817
135 18055
3327 6852
3209 16400
10374 12124
999 2817
11605 18363
7866 9391
2824 11985
14763 17281
12663 17510
2167 10291
1135 1203
11627 11707
1943 18698
3256 10662
3374 9705
4046 13889
7645 15614
6929 11749
10212 11683
11931 18140
1857 3713
5713 8501
1218 7367
3169 8426
6171 13140
1185 13631
9693 9726
8456 12059
327 17221
5492 12618
1865 4330
2047 13940
1604 16876
12182 17697
8326 13848
605 18072
4516 7561
173 9106
3331 12147
8486 12815
8582 17532
17234 17603
11742 16362
7226 13275
7997 8142
3702 18249
11486 18528
2449 3520
9510 10158
9271 13767
6657 11904
5254 12212
3151 7019
7418 16826
11629 17115
2074 15622
7117 8245
2271 5700
11276 16815
15878 16974
4098 18725
3426 8526
10261 15350
8871 14132
1168 5351
6581 8365
1466 13514
6919 14191
8641 10953
3900 15728
8170 18015
916 9571
1297 14828
8987 17650
352 9203
12130 13011
478 18216
3452 11711
7623 16604
3554 6431
7667 17664
1253 17788
10075 15301
31 17201
