1154 6590
109 2498
420 4490
1796 4513
4737 12509
5941 8993
13840 13842
4128 7475
11761 11763
1581 7263
6311 9145
2604 10401
901 936
2266 3431
8 131
526 532
1330 5913
4276 8379
2717 3168
745 2144
236 6698
14442 14817
5086 10595
216 1146
2927 2930
3502 9831
8815 10756
2252 2310
7969 11508
1122 2123
2165 2989
1396 1441
937 1116
3769 3781
5219 5226
9932 9941
1166 4474
1109 8021
1182 1204
1840 15178
5999 6438
7492 7494
3943 13194
6898 8034
2123 9500
152 2283
57 164
2272 2275
69 1905
2105 6130
8011 8035
1082 1097
10764 14385
236 391
4323 4328
3752 10876
106 144
4313 4929
5213 11305
4497 10468
925 1886
11654 11985
2629 3960
1554 7904
8797 13589
7436 10401
2040 2055
3014 7120
112 418
987 1003
13396 16194
2866 3901
1433 1458
2711 5426
44 6807
882 1669
2604 2607
9038 13478
1000 7907
5066 17556
948 4709
3015 17186
9922 9936
336 1641
8724 8731
2560 5009
4973 5100
3398 6936
11167 11168
638 4430
945 949
255 1266
2298 4966
6922 6929
853 888
2062 3173
118 6458
2488 6933
2111 7476
1091 7447
2279 2304
1955 3423
323 2619
3407 7056
3320 3706
13279 13976
2015 6732
555 560
614 637
11844 15521
598 1200
2357 2381
504 4432
2580 3348
2029 11264
7987 13410
2861 4266
1088 7849
3901 3972
1989 2051
3451 3564
2093 4888
5814 5819
745 6912
3347 4061
15291 15296
7143 9203
464 1408
11972 11973
1762 7753
6146 6156
4064 5377
4486 6506
1608 3885
461 5289
4688 4693
2657 8950
9872 10552
955 7400
5316 14304
5254 8235
9943 9944
2916 4886
4596 7417
474 17110
2073 2146
12310 12327
127 157
6304 11601
12270 12282
3447 5444
3128 4224
9269 11235
4438 4451
2710 3568
3113 9706
4566 4607
898 1911
2551 8602
29 347
7406 7413
112 5137
1736 8641
2593 9209
2202 2213
2720 2732
15469 15473
5001 8604
8022 8039
4489 13031
4675 9913
14541 14546
3420 3427
629 631
1958 2078
2007 6898
78 11102
421 6548
13473 13481
342 404
889 906
2013 2043
12145 12288
3082 3637
2035 11263
6602 9327
336 5300
1428 3243
829 883
16755 16756
120 154
1460 5346
13043 15126
9034 12007
844 5332
9964 9965
75 9417
837 1670
2707 5851
1555 6948
5502 5516
2103 2113
2045 2050
988 5193
5451 8927
2611 4023
466 467
1615 3170
1963 8960
358 981
10832 10834
4725 13409
1736 4307
4301 6282
1404 2494
7702 8461
1214 1599
3726 5235
9941 10937
888 4416
1108 1132
29 1670
3944 11434
3064 3442
1320 1610
2107 4675
2545 3805
4007 4020
4806 9311
1978 1983
4207 6653
2189 6619
6860 13288
391 8450
1276 1279
4775 17159
848 4921
2659 2675
1414 4026
4572 4594
610 8428
1959 1979
390 440
2870 6269
6250 10891
14543 14545
12298 12320
5700 15072
3543 3552
140 9385
346 5770
3373 4381
17831 17833
4660 7643
920 935
4166 17629
1662 14110
16504 16987
7554 16948
2648 3094
12715 16892
284 6933
235 3157
557 576
965 6361
11748 11754
4393 4432
303 2587
4684 9498
12221 12228
16285 16288
13046 13051
3099 9385
2705 3552
588 7224
1313 1370
1506 6692
859 1645
5827 9553
5225 5226
888 6059
13377 13389
265 356
1226 11801
1081 4360
978 1118
2091 2101
3074 6653
2521 10919
15436 15441
1276 1346
4281 4920
6131 6156
222 1629
12403 16660
413 1578
1408 12549
5148 6308
703 750
833 11343
925 3399
1813 2674
3959 3972
236 8065
1956 1981
9960 14334
53 1211
11118 11124
1615 1626
6920 6939
1732 1760
9499 11770
190 1835
2112 7476
412 6030
3678 10303
2880 3902
3990 7861
13375 13383
112 154
6445 10783
4744 5762
6766 8053
7987 13285
2823 2827
1252 1263
4774 6604
10065 14130
1048 6470
3137 12235
361 391
4702 4704
1066 1067
582 583
6427 11729
2883 9968
1952 4611
4106 13469
123 11145
13373 13394
298 4694
1595 1597
7930 7932
1090 1187
5624 5626
9576 12669
4972 13461
12 5160
1738 7518
4821 12505
4797 8224
2664 13635
8511 8516
3349 8617
11888 11895
266 2621
982 5974
86 3337
1095 1096
3616 18560
9915 9922
3126 11635
12310 12317
1879 1888
3235 6253
2877 6691
4755 17160
1193 4343
7546 8208
4858 11601
11748 16565
288 8042
382 6901
123 7278
2250 16837
4475 4504
12314 15593
13158 13160
598 616
1748 1752
4041 5535
2222 16474
4007 4785
3422 12135
281 283
5176 5196
2076 7479
16003 16005
1128 3952
4779 9692
1092 1460
5176 5187
4709 5018
978 8027
2482 2511
101 4896
1233 9556
2125 4891
7760 7775
5705 6747
1951 1986
2608 4029
5672 5673
2276 12730
2544 2591
1430 4618
7548 13646
7827 13257
11184 12093
4750 8952
2521 11960
5877 15013
1383 1549
4876 5740
7931 10837
2996 7843
274 357
13277 17417
1260 4042
112 6872
7231 10263
5059 12112
13669 15572
10308 10311
1199 3479
4576 4607
13855 13857
2705 2706
1127 11820
10816 14335
11378 11390
3243 4007
2972 3338
4021 8948
7689 13163
269 10600
5813 6007
1662 8342
387 9636
2949 2953
4618 5461
253 424
12124 12127
402 3264
4860 12507
5409 5413
11512 11528
151 1750
7469 13968
4207 4986
11512 12332
2089 5158
6904 6931
286 375
1875 3916
581 1086
115 303
2250 16838
4092 6688
4310 13279
13286 13400
647 1538
302 2123
884 954
11104 11111
314 13013
606 621
3243 6045
11733 11734
13109 13111
988 11836
1740 5088
436 12992
1718 3349
4324 4829
5487 8858
383 3855
556 568
6969 17063
9911 9912
6897 6924
1129 6922
11118 11123
3129 6718
6972 16479
1856 4377
4792 7464
1133 7429
1664 4644
3257 4929
1651 4548
14174 14178
2436 2438
1448 1466
7237 7238
6988 8940
2902 3446
3442 3809
3447 4207
7666 7667
14232 16856
3683 10290
17189 18247
1276 8244
6240 8659
7614 16243
4927 9422
7610 13977
8332 15578
7373 14395
1847 18391
2540 11940
400 8788
12429 15381
6233 18766
5427 14590
5476 9652
12975 18452
3269 13885
6826 7634
12009 14287
8852 18233
7345 18396
12452 16694
10296 18315
7560 16863
6443 14653
636 17716
2104 6593
4924 16737
10532 18026
9615 13961
6763 10833
10509 16725
8129 10984
5842 14305
1313 16194
4759 15470
3999 11724
7075 8192
3879 5336
1073 1188
3528 14999
5081 13310
15311 17928
3038 9011
6917 11652
12008 18395
2095 4995
2898 7154
1523 17594
3323 7680
2919 3773
2476 6775
2941 9317
10200 11782
11683 18750
7217 18768
16180 16589
5207 14296
4228 5213
1279 8574
6121 9549
138 11621
7073 18494
1461 6185
6565 8833
4306 17247
2787 11079
1757 9119
2739 18165
1801 16037
2922 17745
6070 7335
8415 11053
1341 15730
2561 6443
13494 14885
15025 16217
8988 9884
5282 6506
8464 15134
8067 16893
5319 9150
8212 10601
8124 16509
10049 11268
4884 13571
3680 17937
9155 15700
2703 14314
4275 14754
791 10521
2741 11155
6 13027
654 18166
7466 9831
3523 16155
5055 7999
4752 10791
5515 11995
7712 16801
2168 13203
6612 15286
11389 12137
4327 6390
3865 11726
1700 9210
11677 15725
748 16507
8922 17904
2052 9696
8997 18653
12298 18258
246 14718
5528 12443
12236 18110
1358 12786
8247 18596
13310 16913
6556 13031
2763 7871
7861 17927
7844 13100
768 6232
1664 12683
3774 4272
5572 16089
1767 2301
3545 9614
13132 17690
15322 18168
7327 8678
11985 16598
3673 10959
877 7219
788 6778
4304 15127
15886 16464
1524 9281
10428 14857
2609 10840
1082 12800
4384 6687
7518 10078
12018 15182
15960 17956
9836 13392
16413 17743
5775 9835
2014 13890
5824 14679
10879 18096
8457 9137
1789 9110
376 15670
7012 14803
989 15143
399 10340
4880 12755
18147 18606
4231 16736
1696 14220
2974 9961
10501 16855
1383 6607
17022 18139
4195 15613
8137 11621
311 10545
5905 7439
3126 8919
5971 18539
2476 2915
2820 12295
410 4171
2543 15786
7802 9003
3485 16578
9103 13254
4199 8172
276 14663
1435 2093
3501 8679
11516 15454
3221 13682
7195 12863
68 3164
4597 9099
3866 12488
4086 10832
7902 10999
2295 10514
14400 15677
991 12424
1447 12651
2887 15982
3885 12010
6904 18522
4083 9949
6616 15986
11642 12349
6616 11010
6856 12607
559 16256
16520 17405
3338 3965
1486 15844
9373 18676
5213 10343
127 12355
6431 9879
14897 18014
12734 13159
237 8921
8909 11659
213 2945
6471 15759
16491 16814
353 5122
6209 11588
13136 16837
705 6962
876 15793
6079 17204
2099 12463
3603 16952
15238 17053
2477 4612
6598 15378
10369 15054
11432 12257
5788 14170
6657 16122
4241 5766
17117 17521
4445 10844
3226 6877
11591 17224
6489 11094
3319 10180
7678 13638
6597 11952
15704 16491
777 9771
5324 17019
6146 11257
5977 8033
2710 18614
2326 12286
12897 14801
1199 14517
4588 7011
2096 8398
5413 15602
3195 4175
5405 5988
4207 16325
11273 12641
2186 3111
10364 11243
11247 16570
4938 8196
3247 15790
1965 6471
3859 9223
5850 17787
5255 9620
5717 6972
3199 9451
14838 17222
1485 7551
15320 17066
4880 9390
2492 3039
6491 18620
5895 6968
12284 13256
3263 9728
1965 18116
8103 16225
5843 13230
4307 18672
13362 16328
6599 12364
10938 14506
2494 12474
12008 16166
4763 13700
781 8135
6352 16595
6346 8354
2695 11950
762 10589
6754 13416
2116 9974
7664 15675
8814 11106
15165 18317
53 12164
8756 9474
2055 9325
8038 14267
5494 12164
795 3353
661 17909
6982 7744
2454 10887
3623 6771
7111 8727
6289 15371
7257 8089
8102 12388
1226 17392
8291 17154
8146 18491
87 5611
6528 8480
8220 11341
4424 11792
2694 17198
13857 18481
4837 8397
6942 17347
5250 17209
5474 18164
4586 12269
4742 5540
1010 3310
10655 16093
17470 18756
16576 18190
2647 17352
386 4235
10339 12102
951 12763
8828 15017
10501 10991
12537 18133
2101 7755
3079 13833
12631 14698
7228 8489
625 11748
10540 11660
9539 10011
7236 9981
5148 16705
946 2450
7396 17851
13278 18770
10962 14981
10327 16745
8588 13516
442 1881
12062 16966
6835 15580
13601 16709
11247 17113
2753 7724
576 4187
1447 1917
6291 11419
4973 7389
12649 13740
360 10897
2063 5081
3591 7158
5354 10250
12855 17017
2305 16693
1696 12589
11431 13987
5649 10694
15444 17265
9364 16553
10467 11166
993 7834
1322 15464
7453 15725
3873 18268
6631 12920
2146 2275
7256 8705
5656 10326
11341 13475
1304 6548
6859 6906
10864 14244
5967 9186
11442 15294
6028 11965
6202 18711
3259 6061
2174 16572
13031 14842
11728 16865
13618 18545
862 3993
3711 17628
6580 15370
10228 13350
4284 10195
1985 4883
8741 10634
11719 18603
2384 13214
1093 14813
3839 17895
15027 18487
4355 10244
3468 8655
10337 13246
7126 14790
738 16987
7463 13445
1773 15868
6637 15344
12249 18421
4656 7103
4650 11510
10448 10605
4117 7795
8071 9809
18063 18519
12946 13054
9566 13669
16488 17663
8991 14398
12401 13729
7110 14344
2355 17309
17491 18476
2165 17388
3318 11644
10634 15764
14520 18678
9245 15463
6910 10418
1023 16878
9906 10656
11225 16784
6367 17298
5252 12207
6355 13437
3017 8329
8573 11203
8971 13876
249 7314
4444 15561
6809 10770
5724 12798
6518 13260
6394 12006
3346 4975
2583 8951
5596 12877
9734 11672
7479 18226
3376 6890
504 12370
9855 18106
1416 10814
11238 16448
1909 6562
1743 18764
353 2930
2701 13867
2607 13031
1231 16701
9364 12393
9259 10494
8845 17543
3527 16159
1184 11965
8764 9222
5053 12812
6368 10079
3441 15300
2930 18115
10811 14979
15565 18072
2755 16018
1198 10813
7063 7663
3368 17266
2625 17077
13190 14987
2564 10534
3072 6821
10465 13535
108 11750
7865 12111
10176 16744
9848 13659
17388 17984
6014 13300
9187 14056
11877 14124
5255 18410
