1154 6590
109 2498
420 4490
1796 4513
4737 12509
5941 8993
13840 13842
4128 7475
11761 11763
1581 7263
6311 9145
2604 10401
901 936
2266 3431
8 131
526 532
1330 5913
4276 8379
2717 3168
745 2144
236 6698
14442 14817
5086 10595
216 1146
2927 2930
3502 9831
8815 10756
2252 2310
7969 11508
1122 2123
2165 2989
1396 1441
937 1116
3769 3781
5219 5226
9932 9941
1166 4474
1109 8021
1182 1204
1840 15178
5999 6438
7492 7494
3943 13194
6898 8034
2123 9500
152 2283
57 164
2272 2275
69 1905
2105 6130
8011 8035
1082 1097
10764 14385
236 391
4323 4328
3752 10876
106 144
4313 4929
5213 11305
4497 10468
925 1886
11654 11985
2629 3960
1554 7904
8797 13589
7436 10401
2040 2055
3014 7120
112 418
987 1003
13396 16194
2866 3901
1433 1458
2711 5426
44 6807
882 1669
2604 2607
9038 13478
1000 7907
5066 17556
948 4709
3015 17186
9922 9936
336 1641
8724 8731
2560 5009
4973 5100
3398 6936
11167 11168
638 4430
945 949
255 1266
2298 4966
6922 6929
853 888
2062 3173
118 6458
2488 6933
2111 7476
1091 7447
2279 2304
1955 3423
323 2619
3407 7056
3320 3706
13279 13976
2015 6732
555 560
614 637
11844 15521
598 1200
2357 2381
504 4432
2580 3348
2029 11264
7987 13410
2861 4266
1088 7849
3901 3972
1989 2051
3451 3564
2093 4888
5814 5819
745 6912
3347 4061
15291 15296
7143 9203
464 1408
11972 11973
1762 7753
6146 6156
4064 5377
4486 6506
1608 3885
461 5289
4688 4693
2657 8950
9872 10552
955 7400
5316 14304
5254 8235
9943 9944
2916 4886
4596 7417
474 17110
2073 2146
12310 12327
127 157
6304 11601
12270 12282
3447 5444
3128 4224
9269 11235
4438 4451
2710 3568
3113 9706
4566 4607
898 1911
2551 8602
29 347
7406 7413
112 5137
1736 8641
2593 9209
2202 2213
2720 2732
15469 15473
5001 8604
8022 8039
4489 13031
4675 9913
14541 14546
3420 3427
629 631
1958 2078
2007 6898
78 11102
421 6548
13473 13481
342 404
889 906
2013 2043
12145 12288
3082 3637
2035 11263
6602 9327
336 5300
1428 3243
829 883
16755 16756
120 154
1460 5346
13043 15126
9034 12007
844 5332
9964 9965
75 9417
837 1670
2707 5851
1555 6948
5502 5516
2103 2113
2045 2050
988 5193
5451 8927
2611 4023
466 467
1615 3170
1963 8960
358 981
10832 10834
4725 13409
1736 4307
4301 6282
1404 2494
7702 8461
1214 1599
3726 5235
9941 10937
888 4416
1108 1132
29 1670
3944 11434
3064 3442
1320 1610
2107 4675
2545 3805
4007 4020
4806 9311
1978 1983
4207 6653
2189 6619
6860 13288
391 8450
1276 1279
4775 17159
848 4921
2659 2675
1414 4026
4572 4594
610 8428
1959 1979
390 440
2870 6269
6250 10891
14543 14545
12298 12320
5700 15072
3543 3552
140 9385
346 5770
3373 4381
17831 17833
4660 7643
920 935
4166 17629
1662 14110
16504 16987
7554 16948
2648 3094
12715 16892
284 6933
235 3157
557 576
965 6361
11748 11754
4393 4432
303 2587
4684 9498
12221 12228
16285 16288
13046 13051
3099 9385
2705 3552
588 7224
1313 1370
1506 6692
859 1645
5827 9553
5225 5226
888 6059
13377 13389
265 356
1226 11801
1081 4360
978 1118
2091 2101
3074 6653
2521 10919
15436 15441
1276 1346
4281 4920
6131 6156
222 1629
12403 16660
413 1578
1408 12549
5148 6308
703 750
833 11343
925 3399
1813 2674
3959 3972
236 8065
1956 1981
9960 14334
53 1211
11118 11124
1615 1626
6920 6939
1732 1760
9499 11770
190 1835
2112 7476
412 6030
3678 10303
2880 3902
3990 7861
13375 13383
112 154
6445 10783
4744 5762
6766 8053
7987 13285
2823 2827
1252 1263
4774 6604
10065 14130
1048 6470
3137 12235
361 391
4702 4704
1066 1067
582 583
6427 11729
2883 9968
1952 4611
4106 13469
123 11145
13373 13394
298 4694
1595 1597
7930 7932
1090 1187
5624 5626
9576 12669
4972 13461
12 5160
1738 7518
4821 12505
4797 8224
2664 13635
8511 8516
3349 8617
11888 11895
266 2621
982 5974
86 3337
1095 1096
3616 18560
9915 9922
3126 11635
12310 12317
1879 1888
3235 6253
2877 6691
4755 17160
1193 4343
7546 8208
4858 11601
11748 16565
288 8042
382 6901
123 7278
2250 16837
4475 4504
12314 15593
13158 13160
598 616
1748 1752
4041 5535
2222 16474
4007 4785
3422 12135
281 283
5176 5196
2076 7479
16003 16005
1128 3952
4779 9692
1092 1460
5176 5187
4709 5018
978 8027
2482 2511
101 4896
1233 9556
2125 4891
7760 7775
5705 6747
1951 1986
2608 4029
5672 5673
2276 12730
2544 2591
1430 4618
7548 13646
7827 13257
11184 12093
4750 8952
2521 11960
5877 15013
1383 1549
4876 5740
7931 10837
2996 7843
274 357
13277 17417
1260 4042
112 6872
7231 10263
5059 12112
13669 15572
10308 10311
1199 3479
4576 4607
13855 13857
2705 2706
1127 11820
10816 14335
11378 11390
3243 4007
2972 3338
4021 8948
7689 13163
269 10600
5813 6007
1662 8342
387 9636
2949 2953
4618 5461
253 424
12124 12127
402 3264
4860 12507
5409 5413
11512 11528
151 1750
7469 13968
4207 4986
11512 12332
2089 5158
6904 6931
286 375
1875 3916
581 1086
115 303
2250 16838
4092 6688
4310 13279
13286 13400
647 1538
302 2123
884 954
11104 11111
314 13013
606 621
3243 6045
11733 11734
13109 13111
988 11836
1740 5088
436 12992
1718 3349
4324 4829
5487 8858
383 3855
556 568
6969 17063
9911 9912
6897 6924
1129 6922
11118 11123
3129 6718
6972 16479
1856 4377
4792 7464
1133 7429
1664 4644
3257 4929
1651 4548
14174 14178
2436 2438
1448 1466
7237 7238
6988 8940
2902 3446
3442 3809
3447 4207
7666 7667
