14232 16856
3683 10290
17189 18247
1276 8244
6240 8659
7614 16243
4927 9422
7610 13977
8332 15578
7373 14395
1847 18391
2540 11940
400 8788
12429 15381
6233 18766
5427 14590
5476 9652
12975 18452
3269 13885
6826 7634
12009 14287
8852 18233
7345 18396
12452 16694
10296 18315
7560 16863
6443 14653
636 17716
2104 6593
4924 16737
10532 18026
9615 13961
6763 10833
10509 16725
8129 10984
5842 14305
1313 16194
4759 15470
3999 11724
7075 8192
3879 5336
1073 1188
3528 14999
5081 13310
15311 17928
3038 9011
6917 11652
12008 18395
2095 4995
2898 7154
1523 17594
3323 7680
2919 3773
2476 6775
2941 9317
10200 11782
11683 18750
7217 18768
16180 16589
5207 14296
4228 5213
1279 8574
6121 9549
138 11621
7073 18494
1461 6185
6565 8833
4306 17247
2787 11079
1757 9119
2739 18165
1801 16037
2922 17745
6070 7335
8415 11053
1341 15730
2561 6443
13494 14885
15025 16217
8988 9884
5282 6506
8464 15134
8067 16893
5319 9150
8212 10601
8124 16509
10049 11268
4884 13571
3680 17937
9155 15700
2703 14314
4275 14754
791 10521
2741 11155
6 13027
654 18166
7466 9831
3523 16155
5055 7999
4752 10791
5515 11995
7712 16801
2168 13203
6612 15286
11389 12137
4327 6390
3865 11726
1700 9210
11677 15725
748 16507
8922 17904
2052 9696
8997 18653
12298 18258
246 14718
5528 12443
12236 18110
1358 12786
8247 18596
13310 16913
6556 13031
2763 7871
7861 17927
7844 13100
768 6232
1664 12683
3774 4272
5572 16089
1767 2301
3545 9614
13132 17690
15322 18168
7327 8678
11985 16598
3673 10959
877 7219
788 6778
4304 15127
15886 16464
1524 9281
10428 14857
2609 10840
1082 12800
4384 6687
7518 10078
12018 15182
15960 17956
9836 13392
16413 17743
5775 9835
2014 13890
5824 14679
10879 18096
8457 9137
1789 9110
376 15670
7012 14803
989 15143
399 10340
4880 12755
18147 18606
4231 16736
1696 14220
2974 9961
10501 16855
1383 6607
17022 18139
4195 15613
8137 11621
311 10545
5905 7439
3126 8919
5971 18539
2476 2915
2820 12295
410 4171
2543 15786
7802 9003
3485 16578
9103 13254
4199 8172
276 14663
1435 2093
3501 8679
11516 15454
3221 13682
7195 12863
68 3164
4597 9099
3866 12488
4086 10832
7902 10999
2295 10514
14400 15677
991 12424
1447 12651
2887 15982
3885 12010
6904 18522
4083 9949
6616 15986
11642 12349
6616 11010
6856 12607
559 16256
16520 17405
3338 3965
1486 15844
9373 18676
5213 10343
127 12355
6431 9879
14897 18014
12734 13159
237 8921
8909 11659
213 2945
6471 15759
16491 16814
353 5122
6209 11588
13136 16837
705 6962
876 15793
6079 17204
2099 12463
3603 16952
15238 17053
2477 4612
6598 15378
10369 15054
11432 12257
5788 14170
6657 16122
4241 5766
17117 17521
4445 10844
3226 6877
11591 17224
6489 11094
3319 10180
7678 13638
6597 11952
15704 16491
777 9771
5324 17019
6146 11257
5977 8033
2710 18614
2326 12286
12897 14801
1199 14517
4588 7011
2096 8398
5413 15602
3195 4175
5405 5988
4207 16325
11273 12641
2186 3111
10364 11243
11247 16570
4938 8196
3247 15790
1965 6471
3859 9223
5850 17787
5255 9620
5717 6972
3199 9451
14838 17222
1485 7551
15320 17066
4880 9390
2492 3039
6491 18620
5895 6968
12284 13256
3263 9728
1965 18116
8103 16225
5843 13230
4307 18672
13362 16328
6599 12364
10938 14506
2494 12474
12008 16166
4763 13700
781 8135
6352 16595
6346 8354
2695 11950
762 10589
6754 13416
2116 9974
7664 15675
8814 11106
15165 18317
53 12164
8756 9474
2055 9325
8038 14267
5494 12164
795 3353
661 17909
6982 7744
2454 10887
3623 6771
7111 8727
6289 15371
7257 8089
8102 12388
1226 17392
8291 17154
8146 18491
87 5611
6528 8480
8220 11341
4424 11792
2694 17198
13857 18481
4837 8397
6942 17347
5250 17209
5474 18164
4586 12269
4742 5540
1010 3310
10655 16093
17470 18756
16576 18190
2647 17352
386 4235
10339 12102
951 12763
8828 15017
10501 10991
12537 18133
2101 7755
3079 13833
12631 14698
7228 8489
625 11748
10540 11660
9539 10011
7236 9981
5148 16705
946 2450
7396 17851
13278 18770
10962 14981
10327 16745
8588 13516
442 1881
12062 16966
6835 15580
13601 16709
11247 17113
2753 7724
576 4187
1447 1917
6291 11419
4973 7389
12649 13740
360 10897
2063 5081
3591 7158
5354 10250
12855 17017
2305 16693
1696 12589
11431 13987
5649 10694
15444 17265
9364 16553
10467 11166
993 7834
1322 15464
7453 15725
3873 18268
6631 12920
2146 2275
7256 8705
5656 10326
11341 13475
1304 6548
6859 6906
10864 14244
5967 9186
11442 15294
6028 11965
6202 18711
3259 6061
2174 16572
13031 14842
11728 16865
13618 18545
862 3993
3711 17628
6580 15370
10228 13350
4284 10195
1985 4883
8741 10634
11719 18603
2384 13214
1093 14813
3839 17895
15027 18487
4355 10244
3468 8655
10337 13246
7126 14790
738 16987
7463 13445
1773 15868
6637 15344
12249 18421
4656 7103
4650 11510
10448 10605
4117 7795
8071 9809
18063 18519
12946 13054
9566 13669
16488 17663
8991 14398
12401 13729
7110 14344
2355 17309
17491 18476
2165 17388
3318 11644
10634 15764
14520 18678
9245 15463
6910 10418
1023 16878
9906 10656
11225 16784
6367 17298
5252 12207
6355 13437
3017 8329
8573 11203
8971 13876
249 7314
4444 15561
6809 10770
5724 12798
6518 13260
6394 12006
3346 4975
2583 8951
5596 12877
9734 11672
7479 18226
3376 6890
504 12370
9855 18106
1416 10814
11238 16448
1909 6562
1743 18764
353 2930
2701 13867
2607 13031
1231 16701
9364 12393
9259 10494
8845 17543
3527 16159
1184 11965
8764 9222
5053 12812
6368 10079
3441 15300
2930 18115
10811 14979
15565 18072
2755 16018
1198 10813
7063 7663
3368 17266
2625 17077
13190 14987
2564 10534
3072 6821
10465 13535
108 11750
7865 12111
10176 16744
9848 13659
17388 17984
6014 13300
9187 14056
11877 14124
5255 18410
989 14425
9 10379
2649 18692
10150 17662
260 1006
604 11591
6859 11134
2484 4050
2252 14994
5833 12407
4421 12511
8978 14747
330 1764
339 5409
1683 16749
13948 17198
1609 12201
9458 10391
2890 5207
14215 14666
4044 4446
5421 7398
3990 17989
862 4843
7765 15523
9747 10212
4349 6287
12234 12236
403 18299
15228 17668
10052 13457
4155 6346
7411 18050
516 17421
5019 18244
1968 14367
10290 12023
2317 9715
13071 14370
717 3227
5805 8450
1975 17036
4356 12593
654 1800
4798 12388
1220 15769
9001 11310
9391 11462
7167 9593
6592 16475
13601 18578
7317 16844
11638 17755
365 975
10166 11071
7346 8711
1481 11449
11403 11833
10550 17411
7221 8611
10750 14048
14740 17816
1178 17423
2278 9802
16290 18435
721 14612
9446 12924
1646 5767
1735 17698
9935 14550
14835 15492
8160 11301
4719 5147
1363 2088
14635 15015
1471 6808
2225 6356
3428 11784
5095 10244
13469 14125
14388 18180
3388 5203
8555 10003
5805 9695
2627 16427
2007 7201
660 12648
6742 17198
1082 6791
3349 8670
2681 3807
9447 17096
11262 16741
6589 8508
8112 8994
3417 4563
10132 12461
2114 18408
8804 12697
3553 13393
2066 5052
13821 17202
15005 17182
7162 14630
10174 18653
6615 6950
15752 16161
5020 7414
2538 5440
8453 18199
7009 17790
1761 14836
2574 3112
2627 10158
8473 17215
8486 15242
1313 5351
5243 17820
8134 18041
5698 11284
6961 16827
8294 13801
4338 16259
1303 7140
6499 11693
12121 14664
2717 5766
4954 5511
10042 14436
5300 13035
15581 18639
8385 9978
8204 14093
3124 11340
3466 5089
3805 17312
755 3053
9534 10349
14251 15248
10475 12389
4838 6104
107 6829
6033 9169
1944 14879
1772 6581
173 3868
9853 16027
873 16830
11019 18615
3737 13314
13196 17196
7852 10154
7108 17972
5807 13532
8426 16780
8049 8522
15017 17661
14647 18215
7089 7270
5284 8673
338 7310
8284 13609
12063 15542
11004 14562
260 2273
4139 9947
7 10852
2290 5286
2313 8246
747 18344
10878 15679
8253 11746
1353 9082
1365 16991
1551 18565
488 3231
1873 2072
6913 12061
213 7019
6144 14180
12792 18556
12825 15343
4265 16730
5438 7560
34 17333
6608 13839
11069 15197
725 7604
11414 12397
8441 18177
3795 14811
4163 14650
1652 10075
4701 13855
3349 3649
3484 9216
10022 13012
2001 11159
2996 13867
8479 14414
8096 9195
7476 10768
517 15788
3766 9197
17785 18617
9184 15875
6405 12707
13012 13052
1046 13164
5483 14187
1579 17819
4156 12936
9222 17239
502 17056
5434 13084
2026 10832
2341 18005
1453 7236
7417 18658
7559 11268
7768 17812
4246 11828
12104 13394
3013 9318
11137 12842
2004 16758
1569 12972
1202 4500
1795 14648
1248 4015
1329 11931
12550 14536
4074 16392
8207 18436
5276 15787
3545 11231
3395 12656
3508 9613
5752 10728
928 17265
9455 12068
12145 14999
1466 10784
2645 4528
13695 17584
9024 9112
7430 10778
7032 8374
4860 16484
5566 12462
199 9702
15042 16623
10308 18170
303 14341
6402 14109
9421 13703
1086 18149
3627 16604
14447 15416
920 3047
13812 14121
2460 7361
9122 15192
12585 18398
4544 9495
1962 14073
17474 17763
3265 17886
3454 12942
5671 14525
3703 17480
3196 11690
17209 18296
9512 15271
12328 13190
551 6921
2027 8098
693 5752
3060 6179
1168 5026
3763 11576
2721 8922
4257 9167
3284 9269
3012 8031
10998 18240
13620 15629
2545 5338
11743 12759
6754 8195
3689 11806
16570 17298
9723 12302
13096 13668
6388 11216
3828 7515
17993 18174
10290 12831
4208 11891
12305 13769
5167 14464
1843 16563
3931 13314
8181 8577
198 15302
1459 5353
8179 17804
4213 18558
5907 15068
6362 16808
12628 14475
3430 12026
1864 4257
5220 12363
933 5121
5059 17985
454 18090
1648 10009
2863 18692
3857 15469
6518 18672
61 3849
2144 10292
468 16961
10068 14367
6289 15902
231 11682
15300 18394
1036 8961
12579 16112
1681 15872
1496 11502
12760 17559
18106 18583
1973 16949
2018 16223
4607 11096
5453 17586
948 3101
1669 14179
6300 13375
2699 18748
4624 5875
4593 12771
3493 8249
1045 10820
11709 13255
97 18237
7959 11471
2511 14490
8605 11486
2002 18086
4723 13350
3538 15374
5931 8686
1554 10399
2916 3451
8312 14746
5748 15323
18059 18234
9411 10217
2975 12144
35 8217
6653 14346
8071 9756
12124 16874
11746 12577
2038 8781
581 2523
6503 15006
12210 12923
2284 13493
16348 16906
757 4189
10089 14236
2502 14927
16085 18511
15539 16917
2469 16718
14769 16603
10165 16493
7870 16242
10563 15867
7181 15943
2639 5792
3047 12449
2366 8775
285 16792
297 1214
6950 17869
3479 10072
2715 11232
10996 11723
4278 5382
1643 10475
2424 18479
67 18053
1115 12175
13275 17222
724 13948
11616 16420
7895 9374
5593 18669
8199 12785
14325 16373
5625 13196
487 13052
2980 4613
11340 12435
2071 2136
5552 9203
4237 10939
10916 15722
15901 17667
852 9461
10221 11192
11462 14518
4071 7678
4385 8347
5210 18251
5291 17768
1292 7522
1233 16763
8246 11104
1956 17044
10200 13314
11370 15766
6256 18306
1566 2557
16773 18697
5525 8608
672 6547
5042 16540
2796 17726
2177 11355
16957 17308
9890 15111
5712 10940
8203 8352
8992 17115
5479 5780
762 16819
13652 15073
7333 8549
16001 18288
2748 16402
1009 7957
10137 13772
1410 5014
15554 18195
6638 8609
138 611
1769 2355
3049 15745
4009 15009
3979 7113
220 17427
13073 18071
17062 18033
15183 18451
6768 16968
8713 12822
618 11868
2431 7597
5221 6224
14505 15957
3433 9457
296 4277
10900 13761
945 18589
1344 9046
10901 11526
7092 16522
515 9669
5511 17862
4124 12527
6951 11784
12233 16245
890 12263
9415 15609
10069 16199
7841 11655
5356 12337
3906 13648
1975 12114
6921 9820
5414 15727
678 15945
3813 11871
7920 14658
4150 11844
12737 15021
15346 15875
8874 10010
3871 13408
12211 15702
7867 10452
7034 14988
14251 18013
12455 14988
2823 16807
9532 11011
3782 14225
2445 18474
5584 6244
7684 11449
1459 7371
5419 9195
12560 16489
7694 17849
254 10891
13617 18663
8593 14048
1202 18302
3844 7604
1489 14418
12509 14912
3270 4201
9829 11048
6354 10486
2137 14922
651 17528
874 7465
3506 14599
2069 12365
13735 14311
9177 12780
169 6348
3829 8406
1657 10195
2717 13928
5584 16143
10259 13982
8616 13366
3844 5519
3262 5084
11860 18738
720 7800
7535 11812
12267 14633
2866 16054
10831 13507
7590 9472
620 3868
6492 7397
8620 9495
12926 17529
93 6439
77 2559
7231 18172
4584 10023
4766 12135
218 16298
7433 18014
377 13073
1999 16979
1769 7957
6656 9388
4755 15835
8336 17178
2044 9349
2277 18525
6548 18032
10496 14256
590 7278
9330 11812
1588 10563
13738 17643
705 14442
9599 17691
7815 8290
2162 7881
5081 10299
6174 16178
7757 11182
8071 13102
8787 8922
10487 17306
5281 6453
8135 16012
10390 13195
9784 18426
4699 17718
3987 17372
30 728
4901 12315
2616 6277
8051 13512
2901 15596
14395 16083
2163 11681
9175 10393
12320 13541
8270 10468
8678 15002
3856 5824
4999 6569
12959 13597
1204 1645
6656 10935
9747 14867
4991 13470
6447 16261
449 9053
7883 16966
4254 5642
2536 11047
779 7103
2209 2872
1452 4135
6515 18463
8226 15292
8779 9095
5812 9020
1916 11666
1238 8203
4377 17273
5725 12106
7860 17517
3941 11491
12019 14226
11397 16461
13198 17857
2674 13040
11412 16785
2806 6108
7998 10634
2482 11826
2159 15073
4311 4500
2584 15237
9101 10670
6552 17384
15856 16655
1712 15397
2891 17174
12944 15319
9697 9701
2556 9335
3189 17409
13553 13917
2281 6944
14094 14653
532 7537
5736 8088
360 9807
6211 6255
14706 16900
6078 18255
342 11316
3387 6142
3035 17531
1068 3805
10361 10647
8421 17478
136 14126
16169 17833
11166 15887
2886 13853
4875 8258
4260 16602
12848 17533
3457 12325
4724 18423
6171 6308
12085 17079
6026 12071
3310 5180
6270 13099
5572 11910
8519 17668
7458 17035
7336 16717
6039 16236
12875 16271
6076 10027
2446 16288
12025 18754
10979 11562
8578 16700
1728 13609
4429 13478
3090 10313
2968 18667
4011 9805
10366 14159
4944 13906
4194 8265
15918 16980
17936 18126
11082 18613
1558 3458
10209 12940
13582 18414
9339 9985
3729 9812
4819 12454
9864 14766
8677 17394
1533 2557
8344 16237
5143 17260
7949 8846
10904 11491
5137 14390
8490 15166
4903 8663
3373 5101
985 11092
4749 14993
16073 17266
261 18755
3695 5556
792 16234
55 5954
15885 16325
7466 16091
9716 15758
3090 15634
12363 18172
11741 12130
1080 7094
12099 13018
2568 4536
8930 12657
5420 9022
11841 11944
6607 16372
134 15182
3815 7086
17752 17797
1182 10835
12375 12757
12082 16695
4059 4115
7501 15303
5044 5765
176 7825
2082 17799
4121 15776
7580 7923
2216 6773
5864 8756
2262 6505
2229 5407
9105 17198
4939 14990
7081 10281
961 12837
16554 17703
8594 18342
2101 16964
10925 11088
3069 18548
2351 4604
5569 9294
11859 13269
5811 15753
3641 12650
9963 11286
11641 18388
1269 2205
907 13767
4820 15911
12835 18397
383 10453
4401 9582
11241 14115
11762 18695
4751 17898
6901 17302
5968 11139
9163 18202
9326 18362
4108 4979
11547 18233
794 15994
15878 17948
1198 6497
13293 17250
7202 11748
1294 14578
6427 8651
10200 16058
3657 8936
3469 5523
2302 2488
5557 6659
7571 18091
7640 9809
11104 14405
17058 18511
11816 16125
13681 17913
9506 13104
13716 18736
11289 15036
737 16650
8431 8983
4514 13746
10032 13357
1256 6566
6243 16533
2380 2563
5662 8743
11657 13640
564 14875
16177 17494
2881 7168
1008 18095
7060 8057
2225 10387
1839 18649
2211 15235
10108 17983
8299 16435
8142 14333
4505 18387
620 3522
9840 14498
3436 14083
9875 14745
6389 17317
5673 6505
12929 14789
8614 10071
8895 16060
8349 16921
5136 8692
15541 17621
4748 8620
11376 17602
3322 10761
5572 8150
5512 9369
4099 9629
7635 10287
3496 10647
7344 17061
6714 7518
1788 5856
4044 16035
11616 12716
5192 11264
5214 6245
7037 8861
2216 5890
8238 15764
5147 16588
186 9270
7517 9743
174 14081
7093 15072
2135 12353
13006 18065
12978 18398
944 9477
3064 5766
4948 7571
1018 17888
8243 17670
9809 12905
1953 4844
902 14824
2336 13626
10809 13797
6356 12199
150 14556
1177 11419
8908 9876
3166 12179
4297 15020
1640 9702
10403 13731
2191 3808
6059 12068
10024 18264
8319 14072
10127 14930
4359 15072
2304 5201
8046 14613
5684 13021
16603 16715
9893 14930
629 1686
12016 18216
1679 11296
7701 15104
6923 9635
7670 10926
5780 14261
4336 4853
4433 4970
6613 11108
6542 16321
1511 12779
107 2993
4104 16940
5388 8213
8511 11903
11879 14020
3052 9442
3306 7220
5845 18747
1506 6062
6476 7904
4711 5829
7342 11159
5821 6309
13884 17222
13593 13961
2056 14828
10490 14204
1540 9475
4339 9939
10364 14538
2987 10628
15686 18432
15894 17640
12360 18704
524 11948
7446 9962
14844 16225
10400 13368
478 12165
5172 15115
3708 14007
11931 17062
4108 17535
4239 15275
12039 16859
4937 14224
814 2515
6684 13562
1010 6818
14434 17466
8899 18530
6505 11329
2683 7805
2592 12499
5845 7128
13774 16358
14333 14722
1295 11665
5418 13238
11541 17359
10191 12648
5970 11044
11304 18402
18342 18742
3187 12410
2632 18103
576 5436
8729 16818
514 10340
3029 12016
1673 5449
14711 16728
9935 15325
1863 3715
7047 7691
2354 5564
8615 12818
14692 16158
1561 16026
8922 16914
6854 9987
6840 16426
11535 15754
6431 14834
11839 17642
2406 9934
5925 15620
5639 6380
3801 6134
4520 10522
910 8735
3733 10909
900 17208
4725 6612
7029 17964
1352 16462
10199 13077
2423 10543
6843 15732
4753 17088
919 6110
13595 17903
4022 8657
12433 14703
10348 17299
5178 11509
1461 4525
14749 15197
969 15292
950 12753
3159 5076
2479 14522
43 14798
10060 17721
736 7868
6936 13644
1560 5497
5263 6351
2062 8383
6335 11854
347 8342
16767 18116
4433 8666
149 6560
1460 3188
5969 17219
14006 14793
146 17401
2295 10406
2299 11751
2103 2463
7021 12443
5073 10968
9942 10392
2864 7402
7944 9923
1411 7649
9028 15717
15062 18520
13657 17159
12832 16771
167 10990
13714 18407
10357 12311
13040 15806
3138 15021
2047 16625
18093 18611
15360 17662
563 16888
7981 10765
3701 3763
13240 15304
3724 16045
9458 18559
271 17585
13601 17318
17025 17450
7953 18705
6780 18373
11065 11144
8405 13061
26 11915
2856 9146
6579 8860
11767 13268
9559 14713
11265 11464
7508 17127
9177 11267
3365 9164
948 16154
9813 14899
1177 11378
15123 16768
11792 14468
88 13378
5228 7148
5939 12667
5688 6573
8069 14932
7013 15749
10552 16451
14463 16314
2407 4297
9965 14983
6082 15427
497 5568
1155 15436
2499 9228
7071 9664
6643 13905
5130 17252
9022 13169
9892 12993
5991 14856
9396 12937
12045 15398
13683 14624
9064 15860
1348 16051
5512 13459
530 18088
6397 16227
3604 17923
10685 15627
4669 12789
2004 16895
4642 12045
12268 14462
7256 12764
9000 16115
1980 11509
5446 14250
4447 16813
13057 18041
12469 13986
11557 15846
3991 8962
2006 5501
2525 14694
12222 15410
6264 11771
7810 12615
2220 7556
3483 6157
3297 15179
8066 12163
8143 14590
15479 16733
670 11312
13906 18458
16062 18215
9599 9916
7289 15328
2285 18338
4912 11256
5886 8563
7927 11729
5999 14254
829 4987
7273 11657
6861 8903
11845 14766
6999 10951
13021 17502
8620 18632
5790 9262
6873 13832
2729 12480
5381 12690
11433 16978
17804 18516
7093 12470
2488 5799
9110 13881
1504 9985
5325 10036
633 3912
1444 14613
3256 4041
4712 16149
11169 17979
565 9629
13504 17898
9936 13537
1349 10348
1189 18704
8599 9914
2640 12923
10376 15801
72 9710
6506 17643
10294 11365
10587 14064
385 18493
4421 16874
1360 14242
9120 16678
8746 10927
4972 14010
5487 18173
7445 14536
3035 7212
11408 17894
3918 10475
11872 12180
4359 12656
865 7272
2956 9297
5194 6675
5965 9649
2433 5305
12279 16916
7103 13739
3669 15627
4754 13701
1456 15341
3004 8762
6822 9436
921 3334
12328 13717
3095 10163
219 1357
208 7451
7952 11727
2069 2677
5844 7333
10471 18227
16901 17921
3759 13495
5174 14802
13945 14280
5490 13521
5643 11255
14659 17792
14793 18133
6664 13115
4226 15353
263 3370
1890 16838
17509 18236
441 11209
12477 16274
685 13605
6552 15041
2538 8182
2824 4135
2651 17773
6550 10334
13084 16043
15879 16973
14455 17119
9618 18732
7973 9512
10071 14570
3664 15175
565 7379
13664 13943
3593 17391
8720 11782
14841 17631
219 1646
16120 16991
7567 17538
14592 14801
9358 15703
4021 17422
8880 10172
11841 18493
2925 7798
2080 9065
553 14788
1006 9328
7083 17164
3536 3793
4103 6515
4286 15835
8743 18411
6633 17783
2447 17890
14108 14544
316 17924
4952 11419
874 5677
10402 14098
2500 17628
7230 16795
1342 12390
10303 11226
3234 13145
2997 14726
2079 11605
1470 4113
1823 4339
14349 15222
10471 17837
5200 9541
7366 12767
10566 13219
2307 3757
66 15598
3313 4006
2118 10656
1914 4180
5305 12622
168 10676
2703 7669
9047 15039
10051 18533
14612 15913
11129 13859
8828 13937
7058 14737
562 3197
1336 12027
6649 9691
6700 10714
6071 10834
3354 13347
4446 10912
3037 3860
4702 12982
1189 14060
4984 13417
11364 17892
13142 13426
3448 9582
3468 17138
221 6968
4754 15192
3284 17022
10255 18473
6584 11456
480 4032
775 17037
2121 15453
8057 14290
1274 5214
11268 13698
90 9226
1971 3201
3671 16062
332 9667
191 14971
12874 16740
7810 18539
8083 17245
3796 15894
8610 17173
12531 14255
2352 3854
2641 10310
14827 16780
2199 10554
4841 16841
4684 11980
13040 17138
838 13362
3421 11005
65 1310
3232 18105
646 8987
8564 13952
3300 17041
4503 18048
3 7663
7452 8489
1291 4723
11438 14563
12570 13709
13726 18175
2126 14775
3494 10208
13700 16903
10580 11180
15860 16548
3521 11828
767 8552
1039 17303
8455 15360
13913 17268
6575 10611
1858 8306
9804 12682
7190 15350
5372 7655
10419 17049
2062 8654
9191 17370
8633 15200
3332 10353
629 1699
5924 15764
10699 17984
2730 5509
12700 15047
2813 14365
4550 8568
13882 15704
5742 6327
1865 4305
13199 18767
3687 17724
6747 7586
9090 14572
12581 15111
6767 14547
17057 18040
681 8994
6177 12344
8957 13992
4101 13831
3314 7382
1982 17620
7679 17918
12889 15686
1619 3379
2768 16617
16583 16886
1357 16111
6307 9267
9338 17635
1583 15631
16691 17009
1189 7181
2455 9644
14655 17567
12249 16474
1282 4731
7696 12832
3216 11657
3403 10171
2282 6835
2608 15267
4929 13468
143 7870
11854 15786
902 12962
8838 15004
14972 16629
3127 13083
12324 17446
2411 5798
4755 18388
2703 15202
2121 11211
532 13927
6639 16158
4004 12732
10462 13050
8586 9961
3314 6542
11905 14437
5962 8097
64 14975
5851 11386
13403 17098
3770 10729
4135 11164
8467 13575
14102 16133
3299 15678
4531 4598
7404 16763
5355 10309
3805 6646
7700 12015
2814 13503
5067 6105
11927 18163
10151 13986
541 7566
7230 14308
3580 10067
9600 12846
3361 5663
1390 4600
5232 12021
11796 14610
5810 8052
7311 17840
15118 16558
1124 11427
9279 10904
10368 12602
7050 11337
1262 13038
7984 9224
10286 15123
9519 14375
10794 14611
1753 16418
15784 18167
3099 15664
1177 7356
11870 13017
147 16997
4025 5027
11760 13748
2146 17708
7774 9824
3564 9189
2671 6480
12807 17217
4500 13986
12078 17044
8281 13776
5439 12288
5526 9487
151 14896
9402 16791
10777 17568
12525 13414
4018 4581
13438 14252
5633 17244
10210 15335
1211 14879
14638 15033
8219 8265
2288 8872
10337 15932
9716 16007
770 11416
8628 13208
955 1336
11255 18347
14689 17574
4080 5880
14847 16002
6742 16896
9582 10986
5305 5361
2197 9905
8013 10357
7505 16931
4766 7144
8245 16248
1370 12103
4603 12961
4633 16171
3715 18405
8711 18685
10581 13413
13807 15953
5341 8260
1611 13558
13748 17460
1688 15831
4288 17795
7280 16414
971 8661
4344 18578
2395 9999
5683 15394
14396 14466
14770 16736
3658 10949
1821 3523
45 15227
724 15270
9324 13065
1818 8677
2192 15871
5103 9713
13622 15132
4848 17065
669 5681
3436 15533
11723 17687
4025 4074
9016 11491
3959 5490
76 5360
7972 9247
2236 10906
6191 8937
8155 8742
484 12970
16313 17569
1208 15459
3451 16865
10334 15363
4964 6874
2638 6774
8741 18290
2623 9041
6554 16547
2315 14172
3310 13420
5034 14820
1336 7534
2327 13150
8535 13700
4094 18467
605 14723
4530 6510
6799 10937
3198 17705
9047 15444
11113 16209
3877 16578
5726 6483
5152 11035
11877 14028
11340 14337
9318 11632
9110 9260
7107 11292
4448 13845
10845 12145
13193 15159
15527 15660
1811 2929
1676 18075
2781 12358
4430 5267
10363 15211
3158 17400
12233 12909
16020 16515
3412 4931
14337 14377
1321 10847
10715 16289
9065 15722
13771 17380
7648 10742
500 3484
9058 11660
4381 10338
3053 15126
10576 12678
4404 10768
5134 13168
2570 10827
8488 9147
2895 3680
5404 15855
6238 6330
9117 10662
8415 8463
1039 11056
13715 16266
1818 10941
11414 18206
6446 6472
13734 16817
7984 17877
2917 4250
976 13070
11349 15787
10032 16007
2697 17735
12009 15485
6923 12504
5617 16939
15414 16206
6270 11829
1805 11507
11779 18765
8100 10162
14309 18096
2837 15875
2675 17985
2088 3293
11981 12999
11096 18157
2441 15768
11792 15092
4752 17185
6080 9607
2022 14101
16647 18577
1147 7456
11244 11966
2508 11026
2045 12072
17231 18641
7401 12144
2608 10419
1897 8711
7458 17434
633 16979
15644 17851
13764 16553
11293 16235
1296 18339
3252 18457
8331 14676
3505 9777
4848 15401
2172 6682
4133 5940
12677 17690
6203 10911
3673 11438
13221 14368
6766 13351
4489 11723
9836 15895
3059 10290
3272 15949
10469 11261
8421 17953
7569 17611
13939 14141
4666 16099
10798 16320
4728 18103
12354 14491
4013 15721
2458 15339
11546 17323
5461 12506
8034 16930
7496 8340
15565 18707
13262 18191
9681 14938
5333 17989
8535 18548
3136 6685
7066 14725
6477 9080
12438 14880
12345 15790
8226 13356
8396 16606
12905 14216
2636 15819
5881 13530
51 6765
4725 12097
3752 9816
3808 11048
1806 10532
8393 14252
3587 13839
6917 9809
463 5047
9218 12474
4473 6471
8152 10176
8256 17179
3443 18756
562 3007
3499 13853
2983 9473
5651 11517
7946 13087
9153 9772
2138 15670
2580 12174
15300 18604
15571 18419
13612 17279
6114 16267
7397 12678
5677 11242
1546 5828
15107 17461
2805 5443
16101 16527
7599 10709
3112 6455
4141 10922
18107 18567
11232 15658
5323 9751
1519 13499
8878 17285
6579 13254
14629 16595
10796 12407
8301 8307
6448 18246
6988 17955
11151 15602
6476 12496
5651 15330
5138 13815
7869 12010
6571 9472
2528 12743
7853 15867
7836 8817
5247 17854
11362 16648
7735 13763
6008 14051
3628 5979
7137 15708
2558 13368
4839 10697
3084 7853
2560 12079
8330 18206
72 10156
7697 11895
5682 10895
13791 14944
1920 15484
1175 15173
5266 11579
1537 3687
13779 18717
5734 11582
9382 11223
5762 16716
18272 18372
7586 16043
4724 11759
2988 4311
13310 13706
13340 18293
2425 11500
5268 16599
11150 14269
3949 10841
1034 18258
6040 10540
3572 15558
2254 5671
2886 15110
426 1291
3582 15410
3102 9837
3129 8186
11046 16140
9899 16669
4633 6155
324 5848
7188 17882
7518 11281
2716 6328
10503 15284
5097 6462
3620 15720
682 13273
2584 7094
10663 14044
9359 11501
7147 15580
9428 13580
6961 11872
3103 7908
10846 17081
440 13712
1235 15456
15132 17356
1690 8487
9709 14698
6898 8730
13667 15815
13651 14731
4710 11335
2052 4179
9718 17243
4584 15594
2803 7888
2202 3421
1595 17688
960 13116
4333 12485
10717 16121
1727 15307
8167 17216
11913 17018
6388 13163
17128 18280
1014 9275
5084 16790
7215 8916
17456 18734
12804 13072
5971 11366
5221 9576
7269 8955
5276 14466
5242 11978
13267 15892
2386 2774
4335 16985
2639 15494
2756 5119
14096 14271
7831 12495
8286 16610
12990 13219
2830 9890
10902 13769
7244 15256
4508 14192
12795 15748
11156 12167
11571 12456
6809 7337
7407 11601
5832 7982
11082 17621
9133 15207
4424 10202
7300 8129
9883 15690
7805 9470
11341 13870
6401 10794
1056 15315
9850 10155
333 7545
8884 10456
2320 14982
10891 15318
13395 14901
1543 18548
5467 5780
654 8098
12033 15334
8137 18315
8376 17740
7953 15464
6977 15995
15934 17794
612 3591
10553 10758
9890 12964
11312 12284
2339 10507
11332 14161
5198 17469
5589 14298
4961 12938
7127 8657
8125 10684
4839 9176
5402 10665
4461 8882
1059 1468
9271 16139
8591 12507
7884 17918
7192 12224
2268 12735
4561 11131
788 9105
14059 14817
135 18055
3327 6852
3209 16400
10374 12124
999 2817
11605 18363
7866 9391
2824 11985
14763 17281
12663 17510
2167 10291
1135 1203
11627 11707
1943 18698
3256 10662
3374 9705
4046 13889
7645 15614
6929 11749
10212 11683
11931 18140
1857 3713
5713 8501
1218 7367
3169 8426
6171 13140
1185 13631
9693 9726
8456 12059
327 17221
5492 12618
1865 4330
2047 13940
1604 16876
12182 17697
8326 13848
605 18072
4516 7561
173 9106
3331 12147
8486 12815
8582 17532
17234 17603
11742 16362
7226 13275
7997 8142
3702 18249
11486 18528
2449 3520
9510 10158
9271 13767
6657 11904
5254 12212
3151 7019
7418 16826
11629 17115
2074 15622
7117 8245
2271 5700
11276 16815
15878 16974
4098 18725
3426 8526
10261 15350
8871 14132
1168 5351
6581 8365
1466 13514
6919 14191
8641 10953
3900 15728
8170 18015
916 9571
1297 14828
8987 17650
352 9203
12130 13011
478 18216
3452 11711
7623 16604
3554 6431
7667 17664
1253 17788
10075 15301
31 17201
1763 1999
13066 13894
7165 14444
788 17288
2081 6313
3881 9894
12405 14227
500 2524
5483 13243
8197 16422
7785 11387
9199 16276
1777 7615
1590 8396
3291 17161
2937 11768
1768 3835
10118 10866
13103 15036
2375 8078
6468 14223
4831 17004
10216 17355
7956 8675
9545 9686
3386 12342
5300 13807
10814 11229
8788 10254
1111 15806
4803 10664
3812 9326
1242 9409
13157 15247
4712 16178
4677 18449
8303 12580
13566 18689
619 18195
3081 7564
16395 17732
1055 2098
7021 16059
3531 9059
10670 13613
11700 13450
12190 16858
4799 8945
6191 7785
5136 16656
9859 11422
12279 15433
8163 10932
14060 16617
7772 10885
636 4545
4509 14141
3550 15833
5130 12340
11558 14230
5026 12262
11743 17369
1779 14257
10023 15803
14344 16636
2751 17493
13937 14411
4988 16071
1774 6111
2321 17739
3561 15910
15065 15247
7857 12079
4793 9598
13079 16979
8952 9564
117 15219
1815 3658
2297 18714
592 18097
17501 17729
1551 11147
3608 6213
12907 17642
276 9299
2149 9629
10398 17301
16511 17923
1651 14417
3350 5024
3792 6585
2080 15714
2007 4470
791 5900
3789 6195
3733 12697
6212 16767
5302 8781
13882 16794
3352 17021
6318 6747
4670 5261
3948 4554
10639 12668
3108 14307
3867 9940
9927 13009
424 4638
15619 17525
7213 17208
8471 11542
2500 14013
10722 11323
1103 15000
15638 17733
9107 10386
8372 13273
1233 8870
3958 13835
1755 4852
8182 18026
7613 9985
1130 13951
13218 14942
14920 14927
2277 3102
6692 11453
7986 18334
1779 10414
4066 12068
182 1308
6068 12419
6589 11679
1338 12594
11416 13913
4414 8681
7157 15119
3593 12126
10321 11962
3583 9001
14926 15388
650 8457
2384 18008
6730 7784
10567 17506
4495 14503
6680 12287
8094 11230
2992 4112
15871 17358
11500 18771
8011 10997
432 8184
1958 5307
11348 15188
201 18338
8193 17772
3492 14945
11204 14144
13806 14157
6949 8475
12318 15421
15145 17254
1299 14158
9942 15262
3538 3865
7855 8901
14723 16820
2210 18685
4652 7349
10574 12910
8863 12852
5502 6795
728 15909
13155 17566
4109 4554
12307 15238
9292 13301
4496 10794
14907 15953
4774 10683
4833 12855
5579 10429
1258 16332
3037 11724
6371 8709
563 14786
15976 18056
7784 11999
14462 14690
7127 7359
1589 6464
7923 10402
4522 4869
2398 8698
8978 12482
3510 16826
13454 15269
14108 18119
3770 9906
7920 12225
4805 9252
9599 12470
10234 15641
14802 16546
3245 17889
1174 5780
3197 12382
3700 15978
1940 11234
6069 13333
5191 12050
961 16301
1133 16414
4787 14543
4158 15550
12734 17840
1332 11996
9594 18761
4496 12403
5072 6237
6001 6696
6190 11944
8246 15768
1741 3687
1198 15578
12283 12882
868 12164
1569 17574
13224 14376
7632 12210
7162 14277
7428 12491
250 17423
9801 13004
5929 10726
161 11847
5203 10750
12669 16486
15770 16347
3967 6890
4376 4698
5182 11882
2080 14256
5630 11604
1095 12571
9282 17818
8567 8999
3860 15597
8216 13589
1614 3450
3970 4564
12934 17396
13533 18186
5655 14950
844 11621
8415 14311
8979 14138
5495 9684
890 2684
52 11871
5861 18426
1423 11320
989 13794
2165 4172
536 1720
5911 11140
10644 14163
1683 4592
6111 17478
4315 10098
1327 12457
9215 12248
6596 18213
12431 13375
8346 8931
16750 17503
1369 9644
5803 6895
13509 16537
6669 16875
4632 14607
4132 15181
9840 11668
8934 10648
5332 10281
9123 10101
2836 3073
55 4201
5145 6494
1541 6858
14990 15364
10068 18461
10390 16508
10303 12832
2521 11863
10230 13289
6073 6530
7137 9554
6203 6594
3970 15989
12307 17877
12470 16152
14508 16300
3784 17580
16489 17040
3365 9333
6229 15631
6510 18271
1868 16188
12156 14441
15988 17671
9879 11462
5730 11319
2539 16071
10962 11035
2769 9935
573 6735
6346 8991
10471 17540
762 16983
1986 3612
8104 14782
7592 13860
8190 18743
7695 17653
5208 10843
3234 5943
9024 9503
7135 14798
12386 15001
13282 15977
9006 11306
11452 16553
11081 18133
2579 6858
4278 16149
2084 3625
2667 16013
15581 18434
2894 9998
4718 12233
821 8524
5198 18483
3419 12105
1305 3017
8337 15087
2294 15493
5488 8108
800 15256
2629 10342
9371 12401
1177 14997
4782 7451
2609 14037
320 16830
914 13878
2198 3469
2884 3375
4813 16366
1471 17845
7895 13552
14560 16490
4381 7777
12068 18707
5848 10388
5324 12352
6996 12881
8795 17182
2553 17306
511 16374
14775 16654
14835 18587
2816 8254
800 14195
1632 11208
6467 13160
11662 14469
2768 15184
1809 13482
1367 15633
313 12626
9065 9585
126 2295
11688 15607
4782 12919
1804 2616
309 9016
13 17880
4946 6924
105 11184
6146 12630
4157 16929
3487 15303
2032 2819
8539 18506
3874 15841
13197 14810
16936 18212
218 9266
15459 15563
3068 11639
1098 5713
13119 17807
9609 11971
14853 18255
5634 16988
4049 16568
3817 7969
7700 11985
1415 6558
9708 12333
11004 16256
554 18396
13120 13913
8987 13610
1330 2246
2957 7136
12452 16293
4961 5628
10354 17117
4705 12483
2205 11801
6204 10671
4446 18539
12123 16979
4196 17076
4049 10722
1870 8780
4692 16291
669 10503
16480 17036
11070 14167
8061 9071
6871 11689
6212 17721
17337 18641
16141 18193
2335 2838
2142 3655
11873 16549
4696 7618
16173 18421
7229 12237
11866 17072
11827 12079
14623 16870
4149 12634
8471 12016
6818 16615
9480 17444
10397 15036
4558 17735
10141 17413
15526 17119
12872 16435
71 7221
3826 11387
1747 7202
16358 18668
1887 12187
6752 6936
17068 18507
4903 10271
70 15046
2183 8364
8545 9428
6795 14683
2248 12747
506 6149
7602 9990
11776 13103
5676 15645
4322 5900
2119 3751
3308 14193
6422 12444
7856 10068
9245 13396
1561 10745
15721 18147
42 8833
11894 13225
12967 14730
5144 18090
3804 15092
341 5348
4576 6993
8778 17679
3975 9480
10253 13731
16414 17932
1638 17869
3366 11193
6275 8076
1427 18051
6439 18163
16042 16509
4455 12836
6165 10006
205 15133
1520 9268
8505 17923
4795 13462
13195 16096
9686 11390
2536 12735
5491 6835
10428 16285
8055 16707
5995 13302
7603 15159
6256 17227
5056 9790
4060 11203
1976 7766
4554 6905
5507 12413
11968 13523
7150 15112
5707 10854
2540 7631
2639 8442
3956 5644
7789 8667
2879 14973
2079 10844
9294 15073
8070 10523
7533 10662
1069 8802
7530 9163
717 9438
1722 12913
8041 14756
12990 18161
13318 17437
10383 14639
289 1901
9200 17990
10580 18191
14321 17672
6036 6199
3885 18394
13204 14571
3902 18019
1049 2930
3286 17719
8992 14313
9266 17938
11016 18299
2936 5747
8148 9153
2418 7185
4599 5053
15341 15465
6524 11129
1108 13282
4241 16022
9882 14315
11969 14075
9972 14919
429 17032
13675 14258
465 18191
960 17501
7438 8118
7285 14647
3102 17386
15239 18425
11524 12064
9074 14076
4791 6926
2408 7183
2854 5894
14588 17961
7089 18418
12292 14589
16320 17345
2689 3305
6796 15634
4688 16753
13202 17414
6308 16270
6492 8555
7225 11207
3937 4390
2298 14361
2153 3294
9230 11421
836 13999
1891 4454
5221 8781
5915 8086
6345 12114
7331 13678
10778 12363
9092 14919
1272 16603
5521 8336
9219 16590
7170 11219
1261 13847
2626 15035
10548 13001
8055 13325
12070 17107
35 15417
1633 16327
15956 16343
5195 15742
3502 8357
9416 16228
6789 14680
5329 15325
935 10302
7197 7832
9305 11779
3897 7983
4725 7097
12048 15312
2161 3544
1844 5217
4154 17248
9681 10946
5762 18006
10947 14501
4162 12090
9816 11255
8054 17452
4041 9754
4331 6486
13751 18162
3618 14568
1111 14633
5229 12461
3948 11757
1478 8394
6106 16124
2064 11012
2320 3039
3222 12149
472 8375
356 17371
5893 9074
12859 18238
5826 12600
7616 12990
8020 9228
6936 16062
2780 7480
4535 14632
4226 4936
1365 1841
525 18111
4123 7390
3403 6228
7886 16339
5045 6377
5569 9836
420 938
239 8613
4427 10271
15489 16777
4033 13018
5551 8402
8069 10355
7696 12280
522 6846
5698 17951
9313 11953
1098 4901
5530 6880
9117 18075
3474 18692
2060 8672
6325 9508
1428 7148
4265 4501
18283 18329
4861 5793
4301 11239
366 458
6429 16740
2255 6940
8124 15810
2406 17440
3559 13386
10704 14901
759 2380
9732 10409
12171 13007
3922 11425
11320 14047
9700 14000
10117 16426
1227 10561
1839 9020
6786 16327
2678 12648
2324 14405
5050 9361
12093 18331
7316 11277
1321 12040
15887 16616
7058 18661
6029 13085
163 11428
11116 12553
15057 15209
12776 16225
1943 17372
6872 8513
1510 1801
7534 13616
3359 9435
12767 15649
3776 12913
3442 5391
600 7783
2886 4481
2902 14834
3034 8825
15799 17450
1329 11571
4441 7189
6825 16731
1113 1192
2359 6937
6026 16050
2101 11511
6186 14881
1987 18697
3457 13098
10554 13661
5421 16001
6378 13023
13318 17253
6863 16791
14166 18574
4740 9424
2061 2302
6906 10242
8965 11449
2352 17329
10950 17029
323 1472
4257 5931
1916 12114
4160 9833
5144 12587
6315 10836
6149 13825
536 2387
1127 12045
7175 12813
5090 9947
8322 16612
1149 13738
9273 11723
276 18248
9194 9836
7830 18620
4765 16337
12297 15721
10515 13615
350 4446
543 986
9329 16691
2640 4209
15515 18527
15096 18358
0 1263
1783 5567
7891 17138
6737 13749
6208 15744
10228 17849
3823 9832
2322 5039
365 16730
2252 16306
4985 12436
9944 13645
4171 18541
113 819
324 3460
9363 16910
10483 12436
1877 2647
11103 13756
10902 13458
82 1588
1735 11151
7836 14873
10576 17204
2364 11582
3328 16010
4404 14876
10332 13203
11388 15607
1795 17869
6504 11688
5766 14540
10193 13116
799 7643
3684 11844
8999 18417
4597 17325
4843 18055
112 4447
9465 15093
9394 16073
1829 4130
681 3158
15004 18170
10240 15824
5569 5936
11727 15833
8286 14553
9626 15525
6650 18208
1631 5242
856 5450
9354 9996
12342 13766
4639 10089
4230 5807
8874 11824
6385 14286
176 3503
3590 7880
3006 3233
7129 11953
1424 16478
2093 16377
6194 8411
378 2149
3518 15999
4698 9724
2906 4125
3978 17815
14797 16595
1233 6479
12194 12251
2133 4553
12880 18351
1064 12516
8338 12259
8603 12374
1591 9092
6197 12392
2932 11013
3104 5853
810 12610
17856 17936
4467 16613
11810 13634
5429 6340
588 9584
1832 3757
1799 12606
15228 17248
9043 14891
11245 15071
2813 6032
9703 9716
2623 8788
10411 12812
1327 7114
3324 7354
7026 8602
6223 11535
6813 7106
1620 11806
2204 10018
14140 15651
12880 13217
11458 17333
2032 2270
16084 16399
10498 13335
6631 7532
5720 13109
7747 11661
9573 16156
2159 3290
2509 3204
582 4957
818 5932
12050 13855
5431 18617
5245 10474
4326 15363
8 3385
7431 14231
1392 15582
4478 15712
10638 11782
9440 16873
11520 13864
3179 8356
11264 18327
41 16540
2484 13253
2291 6076
9541 10314
8553 11596
16148 18246
1082 5245
4226 7282
15801 17696
5264 16494
6774 14910
5838 17922
5467 17484
9644 18404
5727 12617
723 12026
15156 18225
8467 11706
7365 10372
15354 16405
9159 12302
2451 7957
8913 10778
2580 14595
1282 6643
11163 14305
7775 13055
585 4981
5014 15277
16114 18033
16497 17176
5999 6033
11260 18424
2308 6517
12382 16066
7535 16033
12375 18729
8252 16825
49 1713
7143 10589
7801 10939
6693 7384
7107 9869
3594 10638
1845 9649
6590 12022
2667 7571
13592 17566
3804 16646
7099 7432
6578 9721
6629 7560
5647 8099
2495 9767
14268 16724
3992 13896
13058 13458
7616 16624
1514 5610
10698 18283
15543 16590
2074 13139
798 13497
15989 18429
5419 18569
3203 10000
1371 14960
578 4098
2138 14079
5756 6001
4387 16718
13555 16419
1944 11193
539 7832
11676 17703
7473 14745
2043 16423
3278 12677
16739 18471
8879 17583
9153 10815
4165 15205
10661 14663
13787 16925
3067 12932
6627 9379
8056 9456
10368 14286
5610 15719
1604 18745
16632 17457
3555 9707
8663 9881
8537 9878
4315 14930
749 12467
1103 17471
11922 18502
4570 7839
7434 14971
5104 16742
6392 14690
11021 15655
1475 1725
3831 18407
3284 15429
9336 15152
7957 14892
3865 10409
1721 12425
7910 15905
5871 13401
4961 9300
1198 13401
16216 16584
1815 2811
768 5117
14413 17393
3876 12707
1523 7705
1246 14184
3990 11895
12496 16307
1774 16944
12997 17815
5315 14322
14648 16286
86 6091
11726 13540
1398 10590
6444 8978
177 9175
4709 13232
649 5654
8357 8832
14429 16320
8125 11581
6707 18450
10791 14430
2721 12948
8470 13797
11427 18404
5578 5947
4711 17734
2662 9604
13883 18049
4819 16919
8235 18121
10277 17017
1838 14399
8381 15751
12655 14111
865 1305
4140 6248
7424 13114
2769 17415
8789 10782
13440 14640
10639 13935
542 11244
9804 11529
6362 9829
1365 5177
8751 11493
12553 17822
1620 3621
14847 16566
5744 11762
1287 16549
2944 4606
17002 17113
1970 2643
1592 16986
14169 17023
7853 17487
3254 7818
7924 17009
8028 9803
5487 8599
2064 3119
1749 9090
883 1733
10001 11484
8050 14604
2440 12504
6422 13660
3027 10061
13744 16996
13861 14661
2913 5825
12017 15090
7372 15960
4150 8481
8576 17276
812 16971
5641 18344
11760 16477
4074 18257
7472 12625
2099 10414
107 8893
1350 7450
5546 11439
2763 16579
10125 10851
6644 16855
10379 13609
4144 4851
8599 14369
245 13893
309 9341
8414 9472
5333 8172
11176 15506
1791 7691
7484 9819
4836 17228
5566 7312
13926 18323
6422 6718
4085 15342
2617 18696
10430 11246
1298 16792
2421 18513
1905 16138
1449 10999
8984 11145
10690 17558
889 1956
11352 12962
14524 17553
9466 11476
10332 16925
15574 18634
11015 18260
9336 13618
8301 14488
14736 17869
7950 9261
3101 10337
691 6095
1204 10161
8124 17420
1037 12674
7935 16876
10273 14299
2082 17245
17255 17730
5282 13352
806 8660
5017 14800
6102 6965
3994 10052
9493 14286
1144 16986
3581 14722
5974 6702
1172 16129
13757 16641
208 7178
10143 15683
7178 9937
5933 10927
15614 16893
311 14943
7053 15745
10407 11563
1341 15617
8130 17006
3686 12925
6577 8911
3305 10725
1763 16083
11 12676
1224 5978
2721 5884
12871 15330
2901 8546
12587 15997
3789 17316
4317 14740
12972 13322
12646 18535
14402 15826
13284 16754
14819 16081
2038 17351
4672 8291
12256 14672
2236 9230
8325 11335
3060 10402
8993 17800
14773 16387
9618 9992
7177 11717
5510 18005
8001 17202
7563 7603
6008 16187
1339 2714
14607 17810
1936 15877
8575 11917
1774 16428
1919 5529
3738 6980
350 15562
10105 13586
15297 18205
7112 17160
3454 7519
5148 11707
1057 12514
3305 9137
1902 5830
2188 2713
4783 14930
9409 10073
5315 12485
761 6623
12826 14931
3178 16950
302 15258
3369 18285
15476 16821
8910 17392
6256 11033
10434 15104
2424 15141
5793 17222
11849 14689
1978 9051
10318 17856
4650 9769
12617 18636
6177 9596
8466 13057
2056 3440
13730 18174
12815 16490
12639 18023
5984 13576
14 5891
7042 13513
3732 9506
10719 18483
14578 15211
2305 13110
1007 15088
3015 6217
5824 15175
3866 8241
3442 8562
2010 3518
5251 16615
13023 13807
10196 18113
14175 16839
13488 18472
3488 13514
1395 18385
3497 17803
16914 18706
13579 15831
5028 6535
600 12431
5024 17926
1554 4659
8511 16762
9383 17847
7312 8799
994 6327
10780 15326
12879 13237
11263 12571
2472 12536
9145 17977
7147 15343
1399 8950
5394 6017
4642 13425
2494 15150
14399 16140
1071 16134
1509 9089
1263 10872
2024 9270
16136 17463
6269 17309
15079 18533
2703 3112
13231 17565
6561 18088
15110 18151
1303 9710
4653 11057
5347 10260
575 1984
265 17718
5720 6360
1139 16428
14063 17063
996 17355
966 16425
4166 18183
7364 16681
1763 16896
6484 8775
8941 16649
690 14419
11938 13695
7094 16663
6337 12664
4856 15894
44 6653
260 2843
2659 2932
299 4414
1327 9384
340 18765
1921 18087
1165 18276
6067 15879
13793 15180
7306 8977
7584 17407
8432 10067
5393 13528
9379 12890
10573 11975
6159 12887
5127 12138
7933 10499
11243 14168
10717 11887
6775 11861
1928 14574
2282 4702
11685 14659
1291 17600
16722 16786
7556 16160
10034 10784
5714 17309
2800 13548
10037 18320
6913 10418
10612 17557
9518 15419
1155 10183
5586 16780
2155 7101
8582 10430
2970 13216
2407 17484
6789 18697
11724 17637
9098 10101
6857 13813
2040 2476
2970 4884
6389 18173
10212 15161
4627 16049
780 10702
12784 15691
8487 14348
4927 5236
2741 5430
2229 8061
4671 11780
17687 18505
9263 16124
8398 17755
7593 12750
5890 18179
7100 15911
13860 17595
6721 13868
6084 14038
6675 17866
4531 17272
1299 13619
1406 4422
1209 2266
16023 17390
3624 13833
3254 9111
4187 15103
10075 14443
6984 10638
12107 16442
11654 13174
13511 18642
13982 15578
13794 17254
3939 10825
15478 16197
9682 16458
5935 15114
6645 12749
3268 5694
10583 18611
9221 13328
1683 13449
3404 13106
381 5340
3394 6182
7149 9227
8159 17328
105 14195
359 11402
15666 18237
2652 11144
7877 16558
1678 4369
4072 8530
5670 8864
6332 18057
13572 14398
10528 13279
10839 15849
3518 13525
13678 18361
8087 12262
13074 13177
3638 4865
4793 10537
3453 8061
4142 12378
5820 10491
5906 18246
5078 10618
5522 7270
6778 8762
8288 8544
11738 18134
5860 11722
1634 1733
5574 17867
2538 3819
2934 16700
7142 18253
11234 13861
1721 3971
9240 11539
6076 18184
3902 7868
9708 10729
8671 11188
7310 14016
7838 16909
13706 13934
2119 3036
3525 9960
3424 17462
329 1889
7640 15725
6915 16308
8077 12669
4962 8254
3281 15644
6712 18296
1826 12179
1327 10213
2969 15418
13493 14891
9900 9960
35 3458
8825 8891
1083 5854
15659 16913
3578 4231
1809 2379
6302 11886
2379 9071
16064 17359
12222 17447
9366 16109
11426 13324
3357 18494
1361 2387
5985 8596
10525 11219
5113 18313
4232 7009
2184 17259
344 704
6947 11973
959 13937
8254 17111
3023 12443
2578 7523
3223 16674
13169 17057
9456 13140
10499 16871
42 14679
4917 7642
3955 10878
12292 12392
8342 16423
2009 18252
14117 14437
6214 11359
2377 15527
2309 18025
14405 15614
2150 6124
5898 17986
6551 12582
12640 15793
5960 8920
852 17855
16875 18032
11467 16158
5889 12420
1597 6706
6653 16814
11397 12579
1233 2641
17709 17711
12398 14875
2887 9643
5071 11954
4301 14733
866 7670
6545 9880
2815 6492
2821 14352
1234 4445
7799 16567
6071 9882
10986 11932
253 7326
4995 11101
2588 8406
2753 6570
14049 16145
15328 15711
1535 17382
13567 14390
1888 6670
6968 8648
4631 7342
1499 1967
2746 18349
9247 12118
16130 17540
8451 11706
2433 9458
12556 12558
5303 16192
3743 9457
5878 14559
4782 17377
5969 15772
3077 14492
1579 12697
6155 16028
5762 17040
336 11014
2697 9629
8228 11091
1335 8098
149 17109
1523 17523
9630 12877
13453 16451
497 3174
275 1225
3068 13141
2552 8445
14712 17327
4388 15226
213 15899
3234 14152
11900 16220
6842 8418
3173 16771
2439 3195
4615 5162
2927 5174
11227 13990
3585 15988
7329 13836
2028 17635
3646 9318
10149 14442
873 9123
4817 18214
581 13770
2535 14809
2334 13272
4369 11353
2886 11160
2548 4129
6492 18635
12012 13237
2834 7014
4775 5105
7463 14344
2710 7009
6026 14233
1382 9942
1654 18540
13219 14664
14499 18275
16967 17488
3872 10662
5970 7092
10476 18250
3702 16206
1570 18594
9522 16589
6288 7179
5185 10906
16010 18215
4120 13302
3486 17886
2122 8374
9678 13598
12477 12513
5526 5912
10928 18600
5304 6636
224 4793
4404 10188
5710 7759
34 2016
7568 10167
4564 11329
4777 9683
6068 17915
846 12336
4437 12407
4099 16517
1057 12028
7026 14272
9574 11696
50 4595
2986 10290
16333 17204
9456 11899
1267 13301
2998 5576
18475 18706
16704 17667
3257 7531
3349 3748
10454 11186
5524 6438
9667 10288
12631 15118
4280 9685
1252 6215
13277 16624
4375 5671
4321 4870
1209 4882
4725 6234
1912 13492
11432 15796
14795 17315
11082 18481
9450 15351
858 14454
11669 15104
8130 17426
2829 11710
5473 14528
10700 12597
159 1911
7815 14625
7153 16344
820 10178
11390 12107
926 6672
7706 10183
170 1057
14470 15988
772 11809
8091 16149
2439 10187
4187 17731
8139 12365
462 2714
12441 15304
439 2782
173 9592
2852 13972
4072 12384
16679 17608
13083 16720
1318 5308
3531 17051
3798 13289
218 2549
3018 14713
14681 17307
9591 15155
8165 12950
9386 9873
10745 14556
1240 16573
15608 16488
16775 18029
3454 17480
9688 14137
5363 12990
5975 6932
8923 18366
8124 15468
6014 17992
5325 14341
1694 2677
565 7077
14621 16990
1129 18081
1694 2365
4464 14990
9659 17368
2962 5648
5552 10641
6282 12735
6992 18733
7803 13843
5655 18501
480 11699
1781 14754
4155 13484
1745 18482
561 3102
268 9732
3624 4499
5571 5823
2918 14189
3819 17432
687 15461
1728 8013
9700 16382
7602 10059
996 3356
936 3164
5080 10458
13361 18701
2605 6293
8211 17145
1596 16475
3361 16273
16000 17743
2588 14386
12935 13700
10672 11681
6361 10754
7142 7701
1462 13083
7886 18305
2631 11630
9991 15749
9420 13155
1606 4261
2942 7804
1408 11259
2004 12440
2513 18501
852 14909
4881 7461
1947 13880
3456 5318
12406 12853
128 18310
2326 9841
8599 10965
13832 15783
4248 12322
7290 13539
1890 6614
6519 18449
1976 14726
6648 12131
8714 17751
11604 17538
11417 16487
7910 16956
5584 5830
11108 17993
1458 13940
1677 2904
667 17171
7257 7772
12278 12660
3816 15286
2603 13896
5710 10112
40 3922
777 1212
10450 15844
832 4487
11093 17782
1875 16778
4626 17936
5548 10126
1640 5670
1190 6994
373 13035
4036 5924
2080 16331
11644 13838
1730 16395
10903 16283
11230 15647
933 15929
2637 8640
1712 15505
8121 14372
4153 9872
15055 17268
7083 14220
2940 7199
2384 15242
10518 17401
15553 17679
6252 12024
3555 6758
14914 17263
2307 7496
71 4795
803 16410
4280 7604
2187 5089
7275 7839
1687 14231
2507 9115
6804 10997
2959 11469
12241 15758
1745 14114
13831 16458
12587 13839
313 3041
1439 2108
6048 17300
5654 10449
8561 11823
1182 13521
2888 14654
5665 10057
2341 5756
8613 11360
8070 9853
8097 15616
9007 14621
5985 9396
5809 6862
3864 16225
8777 15764
3788 6008
71 10448
8513 16925
11905 12306
4034 4637
1101 14120
11323 18259
17154 18437
962 3336
3874 6699
12738 14605
4221 15184
2614 6448
9219 13326
13346 15515
13817 14486
302 9695
822 3664
3595 16793
2537 4952
16190 17944
4440 13563
1503 15549
6458 8799
14580 15946
12301 14224
5363 13894
1298 9899
6925 11557
2367 10774
2118 5901
5373 7300
8522 13221
8494 15383
4010 4950
3206 3656
15526 17929
2549 14969
15270 15767
5636 6408
251 7440
9094 9971
9371 13975
474 8598
1337 9578
3730 12990
2852 10152
1631 12629
7873 17177
6154 12006
13033 13864
5696 12485
12745 18548
4649 14726
12230 14720
1134 5895
8609 15610
14091 15322
13187 15610
1839 16862
5515 16350
5653 14502
5024 16195
14520 16784
12090 18028
10848 13852
804 10420
6802 11327
12815 17120
3871 7619
6574 9715
2155 8584
2011 2736
4295 7633
3195 7564
7311 8857
1954 8134
14661 18765
12269 16256
10885 14248
5627 11842
5430 6665
5474 7115
4279 6151
3430 6658
4281 10183
17279 18394
10880 14381
4255 18502
16075 18422
6270 16226
17058 18478
2334 8953
15525 18087
5645 18473
5854 16553
4031 10150
1537 6596
13550 16280
1424 3641
9218 11787
903 2798
2959 5180
4927 10679
8795 9632
8838 16278
15056 16329
5640 8171
692 11299
4143 13030
8083 17770
1694 7295
1873 1951
11881 16487
6346 11186
4937 12899
2295 10348
5064 16005
1665 3661
5867 15600
1409 13007
4158 9788
4003 13335
5149 15733
5456 9543
12853 14884
5050 6148
2822 3195
2253 3005
5451 10328
6780 15056
3034 6158
2568 5449
8586 11161
5625 11733
15546 16384
2061 6656
1093 13089
14985 16700
5478 10925
15728 17156
12967 16433
12588 16406
103 4022
4567 16602
2198 9191
1081 18483
2642 3634
996 18201
5959 6480
10392 13018
6897 8766
1794 16626
4380 7351
3813 13634
5064 6542
9662 14794
3871 18356
3896 18701
6904 9363
9810 14547
9894 10039
3856 7527
6082 12811
1171 11075
12269 13674
4621 15646
4536 8454
9528 10092
9620 10984
4305 15165
15562 18758
494 1333
9252 15528
10958 15713
1903 15397
4541 16362
223 18234
748 16677
6134 18248
1564 4404
8442 9399
12388 16797
4833 17563
1307 14413
9452 14094
7525 13568
13512 18716
10370 13915
7726 18382
3395 12212
6451 13942
5616 15207
420 15435
3289 10391
4442 16875
4913 11396
9570 15563
9345 18703
4731 10401
1091 9640
10814 12741
4244 4926
3391 12985
6990 10294
8441 11058
11366 18412
14162 16625
12568 14361
15806 15960
7259 12347
887 4832
2031 2093
4255 13392
5733 10349
274 5401
16146 17895
6813 11654
5929 10081
1259 17064
15657 16140
1670 3249
9298 18587
7266 17044
2504 16801
10994 17660
233 5743
6424 12573
9586 13145
4596 4831
8111 13593
4722 16144
6556 14607
262 1288
2783 18037
10382 13547
6890 8716
11149 14853
3286 13815
1592 18108
9814 17094
12861 14767
11488 18395
6310 11180
11650 16704
5700 12325
4862 10047
10738 11031
384 15764
11073 13412
5277 9553
14803 17388
4964 7943
3814 17132
7011 13151
16776 17410
3109 14922
3627 18021
1277 13445
8660 17067
1777 11011
10191 16263
39 13680
5298 6221
11859 12918
4315 13966
14416 15454
727 3776
11238 16493
227 18362
2215 13618
179 13706
4953 11662
3596 3646
6477 13752
3659 3862
13823 17341
10139 10721
12076 17588
5705 7088
839 10918
8142 13190
2282 14797
148 4959
5462 18439
4662 8025
2473 11491
7546 11134
3290 4984
7644 15501
9907 11473
13392 14141
118 664
1858 16762
7819 8988
11196 12668
1347 7686
14235 17374
8624 16689
3654 13331
9945 18025
10564 18721
1248 13911
6763 8667
187 3460
6565 6618
12267 14663
891 6965
674 16165
792 2169
10826 15890
450 3953
2155 17300
5567 12555
8693 8998
9239 9479
1271 4716
6081 16555
4927 15419
10244 12344
1785 2176
4822 6318
1083 17608
4224 10669
1716 5239
2259 6739
9460 18710
6871 12811
12294 14913
1640 10757
5988 15207
6677 10584
6647 9291
1006 16521
2334 10955
780 16958
6955 14246
10270 12043
8631 9708
6868 14932
13645 15268
12853 15597
1018 2421
47 2672
7679 12057
6716 13044
2828 7613
7466 12681
8336 12185
8818 17801
45 18675
3248 6248
9123 18326
1595 17516
5721 12152
4271 10046
10356 18335
12181 16426
6172 11501
11891 17996
4749 9892
4629 10650
354 11918
10723 14183
187 8808
2204 13247
788 5172
15248 18249
10879 16101
5053 11375
3088 8235
5278 14901
3022 12393
931 1266
11973 13146
551 15540
657 15825
1471 17844
9682 18086
3232 15903
16976 18513
10526 12994
5440 11921
3504 4991
4038 5362
3 15723
12744 17638
9731 10710
15414 16566
4424 16464
11234 16230
10955 12232
8839 9510
1311 5816
17810 18230
8912 11115
7852 10327
234 7346
9759 13314
416 8520
4220 9342
6898 9067
6090 16719
7420 17918
5349 11462
1643 3241
831 15341
1640 5666
9332 10741
267 5858
11553 13555
11140 17191
14201 15806
2371 13317
5038 7975
12126 16873
3399 7577
2790 18537
5062 17848
7007 7302
753 4492
16261 18527
5513 8433
3961 7493
6279 13662
7947 9412
3750 16672
9449 12015
2126 2411
11076 16792
7510 16646
9103 15088
67 1572
4482 10818
9742 14307
12056 15014
3582 8633
12245 12889
4975 14359
4097 15281
7441 13147
12697 14802
9061 13848
2096 13198
12711 17732
8768 10096
5650 16270
6058 17826
3265 8119
5279 8423
5875 14554
2008 18119
8438 12383
14333 18458
12629 13434
14945 15629
3110 4422
5324 9976
2112 17591
1936 11178
7062 13142
502 11222
9065 12683
1182 14054
2963 6086
3019 14937
1025 8586
8228 17274
13310 14049
1132 6671
11730 14538
264 2494
1674 7422
349 14266
12216 15308
15364 16912
6929 8895
3476 4349
4600 10847
835 18673
4725 10818
764 15586
11104 12021
797 15295
8071 18379
9197 13628
76 9426
3995 8954
6315 10091
9174 17646
2091 3078
374 13307
4238 11533
5545 15930
148 14133
2681 8949
12827 17937
16370 17238
6720 13897
1826 4616
8942 13583
5015 16032
13076 15482
1025 5477
6147 16464
1633 11918
797 16738
17943 17955
574 908
2973 16045
12357 16527
4411 11136
6345 16997
6032 10039
7479 8028
3415 18637
1499 5943
3150 14047
9530 17282
3741 17915
665 6132
1123 10990
3431 13454
11405 17627
9143 17634
12909 13270
2840 10065
1457 7987
4182 10389
4593 14804
6532 17411
9847 16610
3894 14860
7526 10802
1648 14385
8815 17114
3615 14517
1226 14252
2023 16033
8755 17519
12403 13067
3813 6265
1322 11091
7131 16012
9118 11000
303 10710
6497 12423
10052 16045
5542 13637
3473 13692
13456 14840
5447 8407
2856 3191
617 17899
10272 13687
2163 18581
3609 3635
5500 9106
9035 13872
2553 6475
7112 14130
11160 12562
2177 15442
8954 12613
16509 18389
7739 12087
1659 2791
3296 17480
12236 13432
6753 15738
6137 13410
16459 17813
11878 17314
1270 2756
4065 13114
5452 11859
3144 8814
4079 8980
6852 8883
13210 18539
9003 18157
2384 14188
10156 12275
4393 5268
1634 16618
8142 11257
8740 17017
1215 10669
14172 16429
1022 8524
3242 4535
1825 15258
1116 16168
5774 13617
578 7212
6208 13276
3564 13218
8866 13849
14133 18126
8039 18147
9166 12362
326 14621
14546 16133
5015 17610
1187 15604
1255 3049
8340 10552
2495 9666
10059 10697
11306 14192
3095 3357
2643 13651
6118 18313
6624 17183
8030 17320
2139 15524
6595 12086
5154 18332
4246 18306
4399 8520
3749 10704
7413 13303
2596 14194
940 8632
7108 9294
7895 12992
3071 5817
8734 9225
6017 6190
2965 14126
13779 14747
1829 5568
7766 14779
957 7483
4679 14441
6955 16267
4456 17234
