1154 6590
109 2498
420 4490
1796 4513
4737 12509
5941 8993
13840 13842
4128 7475
11761 11763
1581 7263
6311 9145
2604 10401
901 936
2266 3431
8 131
526 532
1330 5913
4276 8379
2717 3168
745 2144
236 6698
14442 14817
5086 10595
216 1146
2927 2930
3502 9831
8815 10756
2252 2310
7969 11508
1122 2123
2165 2989
1396 1441
937 1116
3769 3781
5219 5226
9932 9941
1166 4474
1109 8021
1182 1204
1840 15178
5999 6438
7492 7494
3943 13194
6898 8034
2123 9500
152 2283
57 164
2272 2275
69 1905
2105 6130
8011 8035
1082 1097
10764 14385
236 391
4323 4328
3752 10876
106 144
4313 4929
5213 11305
4497 10468
925 1886
11654 11985
2629 3960
1554 7904
8797 13589
7436 10401
2040 2055
3014 7120
112 418
987 1003
13396 16194
2866 3901
1433 1458
2711 5426
44 6807
882 1669
2604 2607
9038 13478
1000 7907
5066 17556
948 4709
3015 17186
9922 9936
336 1641
8724 8731
2560 5009
4973 5100
3398 6936
11167 11168
638 4430
945 949
255 1266
2298 4966
6922 6929
853 888
2062 3173
118 6458
2488 6933
2111 7476
1091 7447
2279 2304
1955 3423
323 2619
3407 7056
3320 3706
13279 13976
2015 6732
555 560
614 637
11844 15521
598 1200
2357 2381
504 4432
2580 3348
2029 11264
7987 13410
2861 4266
1088 7849
3901 3972
1989 2051
3451 3564
2093 4888
5814 5819
745 6912
3347 4061
15291 15296
7143 9203
464 1408
11972 11973
1762 7753
6146 6156
4064 5377
4486 6506
1608 3885
461 5289
4688 4693
2657 8950
9872 10552
955 7400
5316 14304
5254 8235
9943 9944
2916 4886
4596 7417
474 17110
2073 2146
12310 12327
127 157
6304 11601
12270 12282
3447 5444
3128 4224
9269 11235
4438 4451
2710 3568
3113 9706
4566 4607
898 1911
2551 8602
29 347
7406 7413
112 5137
1736 8641
2593 9209
2202 2213
2720 2732
15469 15473
5001 8604
8022 8039
4489 13031
4675 9913
14541 14546
3420 3427
629 631
1958 2078
2007 6898
78 11102
421 6548
13473 13481
342 404
889 906
2013 2043
12145 12288
3082 3637
2035 11263
6602 9327
336 5300
1428 3243
829 883
16755 16756
120 154
1460 5346
13043 15126
9034 12007
844 5332
9964 9965
75 9417
837 1670
2707 5851
1555 6948
5502 5516
2103 2113
2045 2050
988 5193
5451 8927
2611 4023
466 467
1615 3170
1963 8960
358 981
10832 10834
4725 13409
1736 4307
4301 6282
1404 2494
7702 8461
1214 1599
3726 5235
9941 10937
888 4416
1108 1132
29 1670
3944 11434
3064 3442
1320 1610
2107 4675
2545 3805
4007 4020
4806 9311
1978 1983
4207 6653
2189 6619
6860 13288
391 8450
1276 1279
4775 17159
848 4921
2659 2675
1414 4026
4572 4594
610 8428
1959 1979
390 440
2870 6269
6250 10891
14543 14545
12298 12320
5700 15072
3543 3552
140 9385
346 5770
3373 4381
17831 17833
4660 7643
920 935
4166 17629
1662 14110
16504 16987
7554 16948
2648 3094
12715 16892
284 6933
235 3157
557 576
965 6361
11748 11754
4393 4432
303 2587
4684 9498
12221 12228
16285 16288
13046 13051
3099 9385
2705 3552
588 7224
1313 1370
1506 6692
859 1645
5827 9553
5225 5226
888 6059
13377 13389
265 356
1226 11801
1081 4360
978 1118
2091 2101
3074 6653
2521 10919
15436 15441
1276 1346
4281 4920
6131 6156
222 1629
12403 16660
413 1578
1408 12549
5148 6308
703 750
833 11343
925 3399
1813 2674
3959 3972
236 8065
1956 1981
9960 14334
53 1211
11118 11124
1615 1626
6920 6939
1732 1760
9499 11770
190 1835
2112 7476
412 6030
3678 10303
2880 3902
3990 7861
13375 13383
112 154
6445 10783
4744 5762
6766 8053
7987 13285
2823 2827
1252 1263
4774 6604
10065 14130
1048 6470
3137 12235
361 391
4702 4704
1066 1067
582 583
6427 11729
2883 9968
1952 4611
4106 13469
123 11145
13373 13394
298 4694
1595 1597
7930 7932
1090 1187
5624 5626
9576 12669
4972 13461
12 5160
1738 7518
4821 12505
4797 8224
2664 13635
8511 8516
3349 8617
11888 11895
266 2621
982 5974
86 3337
1095 1096
3616 18560
9915 9922
3126 11635
12310 12317
1879 1888
3235 6253
2877 6691
4755 17160
1193 4343
7546 8208
4858 11601
11748 16565
288 8042
382 6901
123 7278
2250 16837
4475 4504
12314 15593
13158 13160
598 616
1748 1752
4041 5535
2222 16474
4007 4785
3422 12135
281 283
5176 5196
2076 7479
16003 16005
1128 3952
4779 9692
1092 1460
5176 5187
4709 5018
978 8027
2482 2511
101 4896
1233 9556
2125 4891
7760 7775
5705 6747
1951 1986
2608 4029
5672 5673
2276 12730
2544 2591
1430 4618
7548 13646
7827 13257
11184 12093
4750 8952
2521 11960
5877 15013
1383 1549
4876 5740
7931 10837
2996 7843
274 357
13277 17417
1260 4042
112 6872
7231 10263
5059 12112
13669 15572
10308 10311
1199 3479
4576 4607
13855 13857
2705 2706
1127 11820
10816 14335
11378 11390
3243 4007
2972 3338
4021 8948
7689 13163
269 10600
5813 6007
1662 8342
387 9636
2949 2953
4618 5461
253 424
12124 12127
402 3264
4860 12507
5409 5413
11512 11528
151 1750
7469 13968
4207 4986
11512 12332
2089 5158
6904 6931
286 375
1875 3916
581 1086
115 303
2250 16838
4092 6688
4310 13279
13286 13400
647 1538
302 2123
884 954
11104 11111
314 13013
606 621
3243 6045
11733 11734
13109 13111
988 11836
1740 5088
436 12992
1718 3349
4324 4829
5487 8858
383 3855
556 568
6969 17063
9911 9912
6897 6924
1129 6922
11118 11123
3129 6718
6972 16479
1856 4377
4792 7464
1133 7429
1664 4644
3257 4929
1651 4548
14174 14178
2436 2438
1448 1466
7237 7238
6988 8940
2902 3446
3442 3809
3447 4207
7666 7667
6908 6945
1408 3103
865 1656
5121 6450
5961 5966
9912 9931
9926 10162
11457 12441
307 5137
1212 9819
1421 11376
2999 4727
7753 7767
5424 7893
2474 2524
7582 9983
1016 6054
7548 12379
1100 1470
242 6083
1246 5439
8224 8231
1258 5635
132 312
3395 3984
7987 13403
4491 11128
7922 12035
65 300
2259 13257
12504 12507
402 16259
6885 6898
9322 9975
155 4546
3635 17184
957 963
1286 1326
2538 8071
2639 7506
5158 5197
4860 4869
2278 2296
4995 5006
347 6684
2259 14231
342 409
963 5273
13380 13389
142 14934
988 5177
3912 4299
1017 3287
12315 12333
11312 11313
8567 8571
548 3320
616 7724
563 3150
8 9154
4686 11250
2926 3363
6239 15817
4758 6048
4594 7464
3212 3217
5187 5196
390 15288
3282 4235
2549 8144
26 11304
331 14790
3099 3685
458 2294
5094 7614
6034 8665
2086 2163
323 6584
6020 15320
3233 6079
3433 10668
1419 3112
1404 12037
4429 7550
23 5346
5214 6008
7471 9330
2007 12321
270 14637
125 4783
3904 4345
1769 6558
1338 1346
364 401
1641 2632
11888 11892
8669 8671
10262 14168
14533 14534
5612 8441
1414 1475
2086 2169
3007 9071
115 1109
20 4235
629 4667
2806 2814
15504 15508
17715 17716
3644 3669
1418 10737
287 376
6408 6427
8312 8314
6907 6921
1150 3890
5364 11954
14022 14028
2679 9105
5286 9732
11818 11821
7809 7816
9045 9048
6513 9865
4416 8037
4207 4221
1217 2674
3242 15079
2605 9512
2702 3267
2480 13981
1742 2480
6900 6932
468 883
965 2259
111 7283
1222 3931
6033 14159
16870 17951
1661 1677
3167 11312
7841 8810
15526 16009
15931 15936
460 10710
2628 2813
25 6923
899 993
619 7470
7233 7247
2005 2019
967 971
1109 8010
4122 4314
53 6032
9477 15110
14808 14810
4915 4969
625 4459
109 8212
1234 3846
2603 2670
1741 2797
936 943
2084 2505
17 6433
11191 12092
5153 11503
295 3447
14676 16130
255 4820
1661 4818
11547 11548
13777 13782
4586 4590
2159 2166
2867 14136
290 407
3050 8749
4352 14512
2995 3392
5305 8330
23 6331
2132 9498
6250 6897
4301 4317
4003 5443
2437 2441
129 4016
1509 8219
1151 1736
3614 7281
2865 3909
441 450
211 9794
167 2619
7409 7430
10562 15777
238 3748
3570 5153
3667 8066
319 376
2063 2133
4965 15478
1117 3954
837 4393
2937 6282
2188 2190
3751 9167
2661 13484
14403 14545
826 2294
1986 8028
1464 1485
4233 4986
1216 1600
3066 10626
7490 7503
10006 10024
153 1648
839 3998
2299 10933
4114 5273
2861 6828
13547 13551
1243 4348
2666 3739
7373 7403
1992 2133
6065 8672
1599 5372
2420 4476
10446 10683
2471 13986
11954 14145
13142 16255
11376 11402
4707 11071
5899 13097
1974 2030
152 395
2123 4105
13817 13819
829 5436
2152 9062
5782 5783
349 406
539 994
972 12383
10970 10980
7919 10878
2755 4318
2611 4013
2546 10419
18392 18395
5158 6313
5315 5326
2664 6272
4992 11839
783 16171
5148 15905
2628 8473
2392 4581
7231 8543
8658 8659
3532 3568
2359 12183
14327 14345
2316 8114
106 9753
210 6519
1554 4152
1742 2485
6086 6306
4691 6985
339 4112
2380 8682
1416 14368
4025 5965
3191 8419
10360 10362
2097 2556
298 6317
1091 6427
8211 9417
1303 1873
9476 12493
1094 1413
305 4312
301 823
3865 5869
9968 15560
1913 6879
3099 3671
941 2182
8880 11216
1750 8317
2317 3703
2145 3375
6885 6886
4501 6005
1117 9132
10279 18218
836 3768
13370 13402
1983 4582
155 6344
8355 9077
826 3405
2715 3705
825 1379
124 1166
1243 3920
311 4394
6 1841
8796 13671
1219 5912
867 1649
2089 2099
820 3271
2075 2109
2171 2174
358 6548
1150 1670
623 2024
18583 18585
2143 4028
5917 5976
298 370
13388 13406
5146 6331
4792 11603
4022 8078
2945 2957
210 6525
2331 8174
4313 6082
2143 7373
1202 3465
9314 9323
2631 4328
3463 3467
2131 7842
16347 16349
4207 12176
3148 8441
1606 1623
11435 11591
1083 13290
1996 2068
495 990
1853 1894
3890 5962
2690 2704
2994 4924
4452 5745
2801 5368
1651 4471
14215 16731
2341 12704
15182 15189
1657 5944
18526 18528
436 9527
5736 5746
3259 12111
3101 6437
793 1556
1734 8789
3076 3178
1966 2056
5036 5056
11108 11113
275 310
1741 8613
3030 3790
1184 6638
839 6429
743 807
7603 10414
927 997
850 1145
1728 1755
856 2521
1909 7548
1337 2797
8 4105
11824 12359
1754 2326
2946 2957
10955 11866
4571 4577
3148 5089
1949 2093
4868 7180
325 852
10688 17286
6546 14352
314 376
4726 8776
5931 12217
5118 7506
2392 7399
2315 4454
2163 9147
14547 14550
3678 9021
323 401
3560 3563
1716 1747
1948 2067
2673 4899
1191 1377
1497 1510
8078 11858
157 12382
1854 1861
2383 7754
466 1038
27 2223
5804 13035
2630 6115
1969 1978
12358 14282
1636 2016
5086 9493
3537 3842
15868 17533
4309 4312
1438 5219
6025 12130
1602 8190
765 776
2198 5236
8286 8300
10300 10329
10818 10960
1381 4633
8071 12208
2686 5050
6427 9937
3760 9975
1245 10311
2025 2593
3412 3716
6065 11153
1644 4070
13286 13370
4983 5458
3259 6630
1713 1753
2882 3447
7619 8616
11114 11122
5764 11117
9747 11166
3751 6427
3932 4183
3093 4399
8801 11123
1482 2751
581 4897
9146 9149
2625 3349
287 319
1077 1078
7576 7666
42 2883
2801 5450
4574 10146
3039 18008
1090 1185
2665 7281
2283 14084
3222 3230
17341 17342
6804 10221
10281 10688
5378 10525
1953 4672
1672 3345
12334 15589
7209 11863
1739 12671
1161 4441
883 1222
5548 7095
995 5382
9324 9332
2479 5757
7401 7408
6918 6927
609 6838
16846 16849
8378 9758
2296 7540
2637 7887
471 1042
9272 9273
4219 5316
2526 5365
4167 10597
965 1217
2253 2505
1278 1871
709 4569
9960 14325
2471 2492
5299 8383
3478 7546
284 10751
892 990
1147 7843
341 413
1734 1742
55 2093
2093 2125
8948 11350
1886 5146
53 4547
16282 16285
2660 8332
16199 16203
258 412
897 920
2051 2053
4004 5812
2717 6267
461 6049
929 969
7548 12378
971 1109
7175 7176
1445 1474
3748 4894
15402 16236
17524 17525
2499 2513
7933 15512
13380 13414
14539 14544
1414 8038
3494 16018
6034 6042
5324 16605
2705 3477
2078 7481
1418 11202
36 46
2123 2304
2019 11019
10156 10160
2072 2130
1929 4650
359 11821
136 7665
3544 3568
3343 3356
625 639
4391 10010
5686 15087
10084 12153
8095 9180
4132 17315
1468 11752
4968 6759
12298 12328
5189 5201
347 429
63 372
7084 8295
9097 10342
8626 10635
2796 4485
1099 1468
298 5262
6351 6357
4236 9374
325 7621
439 1024
4118 5013
2687 2860
7831 7842
85 939
3387 5954
13386 13393
6736 6743
2143 9475
8728 8733
275 9868
1476 13033
2478 2480
2090 7466
4840 13870
876 6933
611 10275
1985 10139
11653 11656
7407 7408
1848 1863
17 3738
1756 6454
7104 7927
10723 12858
6064 10897
7486 9130
1833 1837
9479 12490
12301 12322
380 3902
7580 7603
966 1126
2426 2432
938 4797
155 1507
16473 17734
5183 5185
834 4437
1266 7020
7829 13999
2903 8372
2258 2265
11192 12082
1276 1352
7750 8392
4212 9747
2565 2660
5360 8897
2296 7607
502 5446
1187 3556
2291 2320
5168 6678
4872 11104
5813 6008
951 7818
435 6539
11696 14876
3902 4369
2651 11409
1263 5607
12304 12313
3625 13046
1963 7918
1668 6741
2662 2923
311 8537
5175 11457
914 968
4578 4605
1033 14572
7362 7916
4024 5168
627 636
2958 7654
123 5137
5378 11356
2488 2513
5352 8897
1270 1308
4943 9666
125 8992
2148 3390
297 341
7534 14081
3748 13683
1004 13208
12206 12208
7486 7842
7915 8640
13382 15842
4923 6613
1016 3547
847 8618
5448 6285
530 10842
486 4268
1976 4362
11653 11985
6359 9322
118 5224
51 87
6439 6443
905 983
1732 6756
4129 11072
5001 8063
9593 15305
2020 12502
479 486
1958 8099
4129 11401
918 941
3376 3393
6749 15534
5000 8463
4441 6621
8212 10743
4792 11597
9919 9933
3141 7033
2555 3445
728 7089
237 3840
772 1282
475 8342
11104 11117
7420 7430
3581 6110
554 3075
390 2852
87 103
1222 5436
9098 9341
934 972
312 6656
2628 6784
4582 7464
3447 4004
2940 4025
3520 9675
1131 7373
1949 7228
398 2600
6021 14448
8734 8736
2524 3427
139 154
2695 5289
2078 2666
2686 7447
2007 11405
808 1147
6425 9002
4749 4823
2526 9511
2501 2526
7926 7933
945 960
2276 7620
4050 12586
4129 13004
2861 6818
6192 6193
1784 7383
367 3968
772 781
3982 4305
3412 6042
4016 6325
11509 11528
12922 12928
14506 14507
964 993
1737 3419
3422 4797
2085 2140
106 164
1344 1347
2558 2586
3390 7749
5456 5765
3236 3270
92 97
1021 3478
3725 13782
997 11821
283 6883
7586 8841
507 3797
447 1167
617 5852
2294 6242
2995 9221
1369 5481
616 2549
4382 5777
636 1234
3904 3909
1952 4590
445 1998
966 8087
1784 7427
2623 8423
2261 11423
6771 7813
4382 7514
1441 1474
3126 7832
6707 16615
8674 11562
18548 18549
6677 7511
1415 3717
6280 13034
3419 3640
1959 8792
922 3145
670 1921
1226 16884
1086 1095
12322 12330
3671 10293
2662 2666
1951 8099
7205 14900
13254 14131
2476 7525
2707 8931
883 5837
3214 9228
1502 10254
119 2917
2252 2315
1748 5784
4010 8078
322 4452
2297 9574
2662 5259
3723 11381
275 342
4487 4678
914 2251
4375 8105
5332 7549
6888 6910
434 3941
4814 5289
442 457
3064 8473
2283 5144
894 985
2666 2681
7519 14073
2291 8777
1288 3520
3890 7455
4078 4266
3805 4399
1243 1492
1651 3260
123 13673
3038 6149
3663 4275
5459 5476
414 3112
429 6512
9306 9307
2302 4212
5295 8339
1554 4279
2918 2930
800 1361
1436 3175
1955 11105
1721 4901
955 1116
6332 6340
2579 8344
590 1209
1974 2009
966 977
3706 3853
382 6900
14024 14038
2284 4798
7918 10832
10783 11166
9219 9241
3799 3863
762 3410
3911 10884
255 4830
1953 8100
2016 2163
1296 1335
6904 6925
3015 9662
2481 2971
3177 4271
12330 15597
2307 2313
5764 10131
1274 1521
127 5482
475 5332
1735 5519
4782 4802
1718 8620
271 377
8801 11122
3074 3101
3911 3917
2547 2594
71 13114
2108 2125
2150 3482
6348 9825
7415 7418
4957 5359
5907 5914
504 13424
374 875
82 7700
938 943
876 6930
432 10455
7466 7474
6334 6341
2298 4334
1599 1900
42 57
14934 14937
74 2765
2657 3721
2649 6801
1957 13967
6873 6938
3358 3381
7330 11042
2586 6218
298 3060
302 341
2442 2459
6609 7926
2198 7011
1993 11264
8687 8704
3420 4129
9036 12438
1055 6475
4628 14216
5120 5140
3311 8509
857 1011
4895 10082
42 5364
371 2555
10583 10584
5351 14164
9607 9609
7987 7989
7871 13460
10351 17721
1271 3763
10764 14387
325 8025
10583 10588
303 3729
2225 7335
14865 14867
6449 11853
1087 1456
1077 1095
922 10048
320 5742
398 2971
2043 11019
63 10116
2078 4897
4191 10066
4666 12709
16246 16255
8776 11124
1484 7258
119 303
1366 4244
511 2270
398 9876
1023 9550
13377 13412
871 5262
329 12576
3815 3817
637 8421
2996 3060
3941 3945
1087 4662
7902 8793
901 911
3072 9508
5303 6025
823 9436
585 4857
4667 4679
148 3799
125 3233
15390 15398
3739 8617
988 994
9184 9747
497 5964
1202 3776
379 6695
5474 6059
10597 16480
887 5265
5157 5161
190 1863
2287 2304
876 5311
949 972
1741 2294
4593 4606
256 3994
2666 7112
4837 4844
2804 2815
13936 13948
1600 2581
4235 11560
101 2318
3457 4357
4201 10308
8688 8748
8027 11126
4967 6760
6060 11365
8048 8049
3945 3977
8195 14577
848 2475
4667 10270
2635 5219
2416 4206
1158 4067
18037 18265
3063 3529
3506 7021
406 4291
5310 5764
15438 18413
2105 6160
264 384
75 389
918 3192
435 1068
7366 11696
396 1118
6517 10528
5002 5266
2665 14608
9317 9982
3442 6663
2074 8019
8299 8302
2115 2121
4007 5289
7575 16596
2884 15515
3108 3120
1010 15268
4689 6620
5241 6167
2020 2063
3524 16136
2568 2674
1574 5785
2275 2306
11748 16570
7223 7241
2302 2390
4733 6124
4011 4965
4327 7518
914 2247
2505 2519
12308 12314
5169 12176
18649 18655
2998 4743
7610 10542
2995 9229
2125 4690
5732 5744
2311 7609
900 4411
1081 1101
10896 14349
11619 11622
8169 9214
137 190
3390 3999
3264 4232
2327 4234
7932 8564
6105 8498
649 802
1301 1353
2592 3399
6633 6635
1085 10701
14420 14423
54 3093
7249 7261
4746 7462
131 324
5235 12492
1090 2674
1407 1493
10275 10277
1398 1433
1980 13971
1993 11263
725 13809
3014 4235
1287 5916
1475 12417
1947 2112
17988 17989
1721 2592
13379 13412
1090 4004
75 9146
834 875
4588 4606
3748 10215
2327 6344
1656 7573
1083 2276
2808 2824
2883 15560
3462 3478
5076 5133
365 2199
291 726
2150 4667
2095 2660
275 376
5933 5936
7260 15020
9689 11254
1329 1346
10843 10847
5503 5504
1851 14038
8904 9941
1410 5073
7624 16323
857 1260
7290 9890
3180 8574
8774 10943
125 1858
4887 9491
2811 8053
8438 10540
9675 12677
1169 4170
876 1507
3363 3984
12139 12142
3908 6683
3243 6063
1232 3267
9311 9345
3101 3809
10472 12377
1609 6058
434 3934
12850 12855
9425 10151
358 3130
1590 1603
2276 7624
119 371
7753 7757
1996 2005
4394 6889
142 6313
7224 14436
6904 6930
1428 3738
435 468
12072 12079
7787 14092
865 9790
2270 2282
2299 10929
6756 11351
7961 7980
5685 13351
2590 2626
293 412
1027 4278
465 1998
1599 3179
298 9597
3061 3390
1961 8019
873 2338
5014 6671
3382 6604
538 7080
1987 4820
8071 8091
2160 2180
6963 6965
747 2380
3911 4072
2637 2666
361 1883
904 5992
4936 13021
328 13559
301 1737
982 4414
836 6405
12366 16533
2275 2290
2863 4542
11874 11877
4315 8800
551 555
9618 16614
439 4266
917 990
23 2155
13022 15995
48 597
6422 6443
1948 2025
5118 8816
932 998
147 745
1829 8835
5214 6000
381 530
125 269
7223 7226
4542 6711
8467 8468
8451 17385
724 737
1927 3579
155 255
970 13963
17284 17285
2298 4897
4021 9476
2674 6280
375 988
1272 1883
7902 10262
91 4107
10588 10590
2497 9428
1260 4426
781 1330
1951 8015
21 1109
5123 12018
3294 5432
839 4945
1697 1760
7827 16882
23 2972
5002 5265
10906 10930
12312 13790
7596 7667
8695 8747
1953 1986
876 2135
16994 16995
287 298
1292 1295
920 968
4307 8906
2298 7443
6872 6916
3015 3107
1303 1352
754 1335
3233 3256
580 612
1493 2155
2072 2167
15053 15623
3168 9792
1991 2046
4233 15629
336 390
4110 8384
5972 5975
539 912
5816 14747
728 13810
5436 15940
1742 1745
5792 7833
9479 9768
2086 2172
2093 3376
2296 7508
890 975
4276 8048
9713 11844
3694 13188
3993 12969
13277 13573
11192 12074
380 4231
592 603
2590 2661
15512 15515
2294 6905
2490 7608
13181 17086
10844 10845
3478 5490
1666 6687
2601 7477
4007 4016
2751 9596
34 3164
1286 1338
1926 2865
1236 3250
1599 3911
1595 6815
3188 5983
937 1119
1595 6796
2986 6141
3364 7722
3188 10042
119 6889
20 11343
18202 18208
756 2853
4323 6076
848 6277
1830 9256
3938 10806
7502 10932
7590 9345
6103 10262
10005 10006
1260 4395
17782 17783
9123 16438
1194 3749
18438 18441
5300 8324
222 1284
25 6894
2103 9925
4229 9234
2067 7812
1205 13984
3137 12232
9436 13735
13700 18571
308 848
11706 15369
3935 3946
805 1360
9148 9153
283 10667
3381 7786
941 11834
6019 11975
1640 2441
6469 13408
5347 5968
3124 9014
898 994
8394 8406
935 962
825 1292
10947 12294
943 954
834 1145
2311 3363
387 6845
342 6558
1186 1218
3639 13669
108 359
856 1158
4243 5298
697 704
244 6172
2676 3721
846 4446
3799 4337
2757 11062
2713 10115
3715 12495
6282 12196
232 240
441 3823
123 5241
838 881
5286 11659
4740 8079
9932 14252
2447 3816
4430 10521
15865 15866
1595 7708
14328 14341
901 930
5185 5189
4886 4887
7502 15098
6673 6674
4772 5450
2141 2604
619 2131
5200 16512
3556 11026
170 8595
4 1078
1370 1372
10900 14352
4605 7397
4465 5941
2182 7380
1266 1282
115 6002
439 5074
1248 1265
7775 12061
6813 6823
1297 10484
8606 11241
7417 7424
888 6632
4143 6036
13142 13144
17696 17697
16411 16414
7515 7517
454 9037
12417 14952
823 9447
3585 3591
3374 3389
12515 12522
288 5435
597 619
546 8073
2081 2133
4015 6030
5991 6845
13254 17240
4301 6857
636 9247
7871 13463
12832 12845
3358 6672
1473 5440
1666 4505
2257 2280
809 7330
5175 5845
905 1116
13572 13573
2705 3527
18632 18634
595 609
1970 8095
4122 4895
7688 13160
856 1771
926 971
923 4899
6308 8931
3485 9817
267 6580
2702 3715
2923 11489
3706 3824
255 1154
3522 3526
11105 11107
1086 8641
19 21
7228 7260
982 4395
823 1748
7355 9912
455 1965
2469 4064
1259 13571
7050 16978
5145 8115
38 7443
18515 18516
8023 8058
12039 12048
8833 9589
1469 8541
1204 6752
959 990
4848 14383
12310 12330
4410 4439
1589 1628
2119 2171
1086 2652
1321 1371
4327 9235
2083 2118
14352 14354
1260 2634
11508 11511
256 2635
1178 3760
594 1234
856 4451
1591 1607
3095 3337
2009 2031
1167 1659
12470 13448
6457 9389
437 461
9788 9789
6116 8364
142 4265
1969 7456
6513 9632
6421 10607
4302 4312
3267 5969
2516 4143
1111 2084
981 1008
2469 2866
3650 18407
7253 7257
243 878
2078 4674
2610 5450
15415 15416
14298 14428
3447 5433
939 971
6759 6760
8703 8709
3184 6175
7409 7411
17558 17560
2922 2931
8194 8197
1972 7072
7932 10597
1321 8663
6425 13639
1647 1666
6025 12076
724 728
6517 16330
391 6277
18228 18229
4915 7185
211 11674
10300 10337
4905 15146
709 4610
10323 10331
6759 6770
3875 3992
1672 3356
5182 5189
1401 3265
462 4426
467 5975
14341 14342
3715 11858
1622 8622
17 7041
2342 5822
6790 6796
660 671
7451 7454
303 3974
985 6972
1735 4041
4601 8018
1965 7464
1246 6277
2063 2069
4999 5008
1581 11296
13391 13405
2227 4047
1405 6570
2515 14171
4017 6080
3699 12956
2974 3099
5396 5409
8783 13992
1995 2061
331 357
877 4152
6417 8934
13 61
2665 10121
1012 12147
588 4540
18319 18322
3393 3406
412 9105
8774 10940
4496 16873
955 1134
876 2316
7992 13169
4824 4841
5103 13577
1214 1222
2282 6046
2276 2284
3268 3274
16412 16414
2416 3874
1419 4701
8040 11342
385 3363
8440 8443
1948 2005
1620 4347
996 8020
64 1127
2297 2694
2611 5214
918 999
904 10037
1950 2145
1868 1891
856 4445
10448 10748
9323 9329
325 6602
914 949
2863 6554
9665 10108
2282 7607
858 1667
824 867
3285 7304
6469 16208
9316 9332
2679 5367
437 12692
1395 1487
10869 17015
305 3400
9712 9716
6467 6970
2041 2063
6873 6927
8511 10616
8668 13469
1479 5999
372 458
5116 13249
12069 12082
4305 4542
5357 6203
11271 11274
12 2253
1179 1319
6933 6934
21 1987
4214 6166
2989 6137
984 4915
2882 6208
841 1666
966 6510
2213 11706
2618 5598
8712 8747
4701 6462
1967 13964
2284 4298
899 936
1957 7469
926 5917
5905 5906
1864 6393
1167 6516
1777 2509
1206 1214
285 3947
8747 8751
2469 4061
2125 2269
7014 10224
8771 13991
4800 4840
12326 15593
3242 3628
2087 2100
1689 6103
799 12385
47 85
3908 6294
442 14868
2105 6134
3078 9026
791 1319
4582 4595
4545 12225
2549 2558
1212 4023
1844 3751
4191 4548
13447 13451
2175 10165
1732 4897
13624 16845
931 7672
7674 7678
253 390
1745 7015
9491 10082
11362 13338
7362 15031
3478 7517
3768 4441
3297 4322
5655 5664
398 3964
1264 6387
3387 12658
222 10485
9082 12444
3744 15553
3117 12218
3168 11673
906 1421
584 6757
3133 12097
3442 14899
10326 13323
10915 10922
6210 10962
6290 8629
6513 6525
8 25
2651 8206
3597 5846
4598 4610
2853 13898
1976 4599
10810 10818
87 9676
3405 8633
1649 4423
1241 6267
12027 13680
4856 4869
6231 7667
15749 15751
7968 7981
3363 4092
2147 9230
4784 7237
866 15810
3069 11206
2872 16484
8774 10925
905 1136
253 407
12011 13893
1827 12844
339 3382
1410 6451
4007 6633
9491 12565
255 2801
800 1241
10798 11307
78 5271
1158 1168
1286 10490
1571 6372
4170 6762
255 476
1018 1021
1161 4427
987 5481
325 7615
7467 9229
4736 11919
14038 14047
253 284
490 3959
36 4785
12318 12333
456 11654
901 925
8691 8712
6105 16261
1144 14793
10086 12709
4766 4887
1053 3823
1431 7447
7341 16480
912 927
2671 4221
883 2590
2145 2603
293 5372
2886 4288
3671 9008
7954 15006
9307 9308
2299 7408
7461 7941
6566 8070
970 1979
6888 10899
299 372
3238 13446
1241 14559
9319 9321
4825 4845
13946 13947
5789 15505
2273 2971
1469 6435
13807 13814
3239 5981
1095 10641
303 4394
942 1108
2193 3282
1955 8776
18049 18052
3123 3671
4805 4833
1886 8604
6411 11614
6693 10050
3420 5231
4412 4445
1514 6596
3303 4474
1643 12855
1004 9709
9772 9776
10022 14256
1316 8661
2087 2163
3385 4326
4066 6561
459 9817
17073 17078
16606 16610
3062 5013
4739 11116
7855 15467
1642 3823
2103 9938
1005 6592
228 2756
2614 14968
6795 8067
6048 6317
5107 5161
4423 4438
907 5110
6918 6922
9143 9156
5148 9023
937 7382
5018 9142
406 6677
11926 11927
585 1450
1245 6345
3095 3264
7643 13316
3994 10281
8385 12694
3341 3377
2715 8066
3117 12237
1681 5190
1256 2650
2922 6813
2651 4758
4004 10880
15461 15467
2204 12995
985 7920
10913 10929
4793 4816
1317 1371
1519 1615
1119 3196
3617 18560
5772 13572
13376 13405
247 4055
3712 7037
751 6065
8441 15940
4545 9716
614 873
1987 6004
11385 11395
2303 8401
1660 5921
903 6891
1218 5812
6113 18271
3991 3996
913 984
314 1658
796 817
317 5459
3984 5175
13388 13394
17033 17035
3030 3574
888 4061
164 4891
1425 6604
2031 3337
860 10280
7649 7664
4442 8604
406 7609
1183 1191
240 5885
1260 4464
2271 4325
2619 3864
2671 5444
2546 10409
1038 6031
1784 7394
14403 14547
10915 10933
17029 17030
86 492
1452 1481
5458 6920
7274 10952
1460 3750
1664 3712
12837 12838
391 5448
12379 18548
1327 8670
928 989
11386 11399
1149 3455
2985 5050
5602 9257
10652 13238
17436 17438
2294 4125
294 298
9146 9159
6554 6695
889 2063
8195 8201
5374 14777
1507 3927
2639 6713
6079 8835
3695 5257
6309 10693
1884 6851
6918 6933
1504 11403
823 1731
890 964
389 1721
4109 6267
375 411
6127 6154
17588 17591
10900 10902
911 4390
9804 9809
8386 8392
4224 12251
5195 5755
508 7644
67 6979
2280 2316
2883 6606
1419 2145
3279 13572
2564 2665
5006 5021
9648 15022
2131 6338
14232 16856
3683 10290
17189 18247
1276 8244
6240 8659
7614 16243
4927 9422
7610 13977
8332 15578
7373 14395
1847 18391
2540 11940
400 8788
12429 15381
6233 18766
5427 14590
5476 9652
12975 18452
3269 13885
6826 7634
12009 14287
8852 18233
7345 18396
12452 16694
10296 18315
7560 16863
6443 14653
636 17716
2104 6593
4924 16737
10532 18026
9615 13961
6763 10833
10509 16725
8129 10984
5842 14305
1313 16194
4759 15470
3999 11724
7075 8192
3879 5336
1073 1188
3528 14999
5081 13310
15311 17928
3038 9011
6917 11652
12008 18395
2095 4995
2898 7154
1523 17594
3323 7680
2919 3773
2476 6775
2941 9317
10200 11782
11683 18750
7217 18768
16180 16589
5207 14296
4228 5213
1279 8574
6121 9549
138 11621
7073 18494
1461 6185
6565 8833
4306 17247
2787 11079
1757 9119
2739 18165
1801 16037
2922 17745
6070 7335
8415 11053
1341 15730
2561 6443
13494 14885
15025 16217
8988 9884
5282 6506
8464 15134
8067 16893
5319 9150
8212 10601
8124 16509
10049 11268
4884 13571
3680 17937
9155 15700
2703 14314
4275 14754
791 10521
2741 11155
6 13027
654 18166
7466 9831
3523 16155
5055 7999
4752 10791
5515 11995
7712 16801
2168 13203
6612 15286
11389 12137
4327 6390
3865 11726
1700 9210
11677 15725
748 16507
8922 17904
2052 9696
8997 18653
12298 18258
246 14718
5528 12443
12236 18110
1358 12786
8247 18596
13310 16913
6556 13031
2763 7871
7861 17927
7844 13100
768 6232
1664 12683
3774 4272
5572 16089
1767 2301
3545 9614
13132 17690
15322 18168
7327 8678
11985 16598
3673 10959
877 7219
788 6778
4304 15127
15886 16464
1524 9281
10428 14857
2609 10840
1082 12800
4384 6687
7518 10078
12018 15182
15960 17956
9836 13392
16413 17743
5775 9835
2014 13890
5824 14679
10879 18096
8457 9137
1789 9110
376 15670
7012 14803
989 15143
399 10340
4880 12755
18147 18606
4231 16736
1696 14220
2974 9961
10501 16855
1383 6607
17022 18139
4195 15613
8137 11621
311 10545
5905 7439
3126 8919
5971 18539
2476 2915
2820 12295
410 4171
2543 15786
7802 9003
3485 16578
9103 13254
4199 8172
276 14663
1435 2093
3501 8679
11516 15454
3221 13682
7195 12863
68 3164
4597 9099
3866 12488
4086 10832
7902 10999
2295 10514
14400 15677
991 12424
1447 12651
2887 15982
3885 12010
6904 18522
4083 9949
6616 15986
11642 12349
6616 11010
6856 12607
559 16256
16520 17405
3338 3965
1486 15844
9373 18676
5213 10343
127 12355
6431 9879
14897 18014
12734 13159
237 8921
8909 11659
213 2945
6471 15759
16491 16814
353 5122
6209 11588
13136 16837
705 6962
876 15793
6079 17204
2099 12463
3603 16952
15238 17053
2477 4612
6598 15378
10369 15054
11432 12257
5788 14170
6657 16122
4241 5766
17117 17521
4445 10844
3226 6877
11591 17224
6489 11094
3319 10180
7678 13638
6597 11952
15704 16491
777 9771
5324 17019
6146 11257
5977 8033
2710 18614
2326 12286
12897 14801
1199 14517
4588 7011
2096 8398
5413 15602
3195 4175
5405 5988
4207 16325
11273 12641
2186 3111
10364 11243
11247 16570
4938 8196
3247 15790
1965 6471
3859 9223
5850 17787
5255 9620
5717 6972
3199 9451
14838 17222
1485 7551
15320 17066
4880 9390
2492 3039
6491 18620
5895 6968
12284 13256
3263 9728
1965 18116
8103 16225
5843 13230
4307 18672
13362 16328
6599 12364
10938 14506
2494 12474
12008 16166
4763 13700
781 8135
6352 16595
6346 8354
2695 11950
762 10589
6754 13416
2116 9974
7664 15675
8814 11106
15165 18317
53 12164
8756 9474
2055 9325
8038 14267
5494 12164
795 3353
661 17909
6982 7744
2454 10887
3623 6771
7111 8727
6289 15371
7257 8089
8102 12388
1226 17392
8291 17154
8146 18491
87 5611
6528 8480
8220 11341
4424 11792
2694 17198
13857 18481
4837 8397
6942 17347
5250 17209
5474 18164
4586 12269
4742 5540
1010 3310
10655 16093
17470 18756
16576 18190
2647 17352
386 4235
10339 12102
951 12763
8828 15017
10501 10991
12537 18133
2101 7755
3079 13833
12631 14698
7228 8489
625 11748
10540 11660
9539 10011
7236 9981
5148 16705
946 2450
7396 17851
13278 18770
10962 14981
10327 16745
8588 13516
442 1881
12062 16966
6835 15580
13601 16709
11247 17113
2753 7724
576 4187
1447 1917
6291 11419
4973 7389
12649 13740
360 10897
2063 5081
3591 7158
5354 10250
12855 17017
2305 16693
1696 12589
11431 13987
5649 10694
15444 17265
9364 16553
10467 11166
993 7834
1322 15464
7453 15725
3873 18268
6631 12920
2146 2275
7256 8705
5656 10326
11341 13475
1304 6548
6859 6906
10864 14244
5967 9186
11442 15294
6028 11965
6202 18711
3259 6061
2174 16572
13031 14842
11728 16865
13618 18545
862 3993
3711 17628
6580 15370
10228 13350
4284 10195
1985 4883
8741 10634
11719 18603
2384 13214
1093 14813
3839 17895
15027 18487
4355 10244
3468 8655
10337 13246
7126 14790
738 16987
7463 13445
1773 15868
6637 15344
12249 18421
4656 7103
4650 11510
10448 10605
4117 7795
8071 9809
18063 18519
12946 13054
9566 13669
16488 17663
8991 14398
12401 13729
7110 14344
2355 17309
17491 18476
2165 17388
3318 11644
10634 15764
14520 18678
9245 15463
6910 10418
1023 16878
9906 10656
11225 16784
6367 17298
5252 12207
6355 13437
3017 8329
8573 11203
8971 13876
249 7314
4444 15561
6809 10770
5724 12798
6518 13260
6394 12006
3346 4975
2583 8951
5596 12877
9734 11672
7479 18226
3376 6890
504 12370
9855 18106
1416 10814
11238 16448
1909 6562
1743 18764
353 2930
2701 13867
2607 13031
1231 16701
9364 12393
9259 10494
8845 17543
3527 16159
1184 11965
8764 9222
5053 12812
6368 10079
3441 15300
2930 18115
10811 14979
15565 18072
2755 16018
1198 10813
7063 7663
3368 17266
2625 17077
13190 14987
2564 10534
3072 6821
10465 13535
108 11750
7865 12111
10176 16744
9848 13659
17388 17984
6014 13300
9187 14056
11877 14124
5255 18410
989 14425
9 10379
2649 18692
10150 17662
260 1006
604 11591
6859 11134
2484 4050
2252 14994
5833 12407
4421 12511
8978 14747
330 1764
339 5409
1683 16749
13948 17198
1609 12201
9458 10391
2890 5207
14215 14666
4044 4446
5421 7398
3990 17989
862 4843
7765 15523
9747 10212
4349 6287
12234 12236
403 18299
15228 17668
10052 13457
4155 6346
7411 18050
516 17421
5019 18244
1968 14367
10290 12023
2317 9715
13071 14370
717 3227
5805 8450
1975 17036
4356 12593
654 1800
4798 12388
1220 15769
9001 11310
9391 11462
7167 9593
6592 16475
13601 18578
7317 16844
11638 17755
365 975
10166 11071
7346 8711
1481 11449
11403 11833
10550 17411
7221 8611
10750 14048
14740 17816
1178 17423
2278 9802
16290 18435
721 14612
9446 12924
1646 5767
1735 17698
9935 14550
14835 15492
8160 11301
4719 5147
1363 2088
14635 15015
1471 6808
2225 6356
3428 11784
5095 10244
13469 14125
14388 18180
3388 5203
8555 10003
5805 9695
2627 16427
2007 7201
660 12648
6742 17198
1082 6791
3349 8670
2681 3807
9447 17096
11262 16741
6589 8508
8112 8994
3417 4563
10132 12461
2114 18408
8804 12697
3553 13393
2066 5052
13821 17202
15005 17182
7162 14630
10174 18653
6615 6950
15752 16161
5020 7414
2538 5440
8453 18199
7009 17790
1761 14836
2574 3112
2627 10158
8473 17215
8486 15242
1313 5351
5243 17820
8134 18041
5698 11284
6961 16827
8294 13801
4338 16259
1303 7140
6499 11693
12121 14664
2717 5766
4954 5511
10042 14436
5300 13035
15581 18639
8385 9978
8204 14093
3124 11340
3466 5089
3805 17312
755 3053
9534 10349
14251 15248
10475 12389
4838 6104
107 6829
6033 9169
1944 14879
1772 6581
173 3868
9853 16027
873 16830
11019 18615
3737 13314
13196 17196
7852 10154
7108 17972
5807 13532
8426 16780
8049 8522
15017 17661
14647 18215
7089 7270
5284 8673
338 7310
8284 13609
12063 15542
11004 14562
260 2273
4139 9947
7 10852
2290 5286
2313 8246
747 18344
10878 15679
8253 11746
1353 9082
1365 16991
1551 18565
488 3231
1873 2072
6913 12061
213 7019
6144 14180
12792 18556
12825 15343
4265 16730
5438 7560
34 17333
6608 13839
11069 15197
725 7604
11414 12397
8441 18177
3795 14811
4163 14650
1652 10075
4701 13855
3349 3649
3484 9216
10022 13012
2001 11159
2996 13867
8479 14414
8096 9195
7476 10768
517 15788
3766 9197
17785 18617
9184 15875
6405 12707
13012 13052
1046 13164
5483 14187
1579 17819
4156 12936
9222 17239
502 17056
5434 13084
2026 10832
2341 18005
1453 7236
7417 18658
7559 11268
7768 17812
4246 11828
12104 13394
3013 9318
11137 12842
2004 16758
1569 12972
1202 4500
1795 14648
1248 4015
1329 11931
12550 14536
4074 16392
8207 18436
5276 15787
3545 11231
3395 12656
3508 9613
5752 10728
928 17265
9455 12068
12145 14999
1466 10784
2645 4528
13695 17584
9024 9112
7430 10778
7032 8374
4860 16484
5566 12462
199 9702
15042 16623
10308 18170
303 14341
6402 14109
9421 13703
1086 18149
3627 16604
14447 15416
920 3047
13812 14121
2460 7361
9122 15192
12585 18398
4544 9495
1962 14073
17474 17763
3265 17886
3454 12942
5671 14525
3703 17480
3196 11690
17209 18296
9512 15271
12328 13190
551 6921
2027 8098
693 5752
3060 6179
1168 5026
3763 11576
2721 8922
4257 9167
3284 9269
3012 8031
10998 18240
13620 15629
2545 5338
11743 12759
6754 8195
3689 11806
16570 17298
9723 12302
13096 13668
6388 11216
3828 7515
17993 18174
10290 12831
4208 11891
12305 13769
5167 14464
1843 16563
3931 13314
8181 8577
198 15302
1459 5353
8179 17804
4213 18558
5907 15068
6362 16808
12628 14475
3430 12026
1864 4257
5220 12363
933 5121
5059 17985
454 18090
1648 10009
2863 18692
3857 15469
6518 18672
61 3849
2144 10292
468 16961
10068 14367
6289 15902
231 11682
15300 18394
1036 8961
12579 16112
1681 15872
1496 11502
12760 17559
18106 18583
1973 16949
2018 16223
4607 11096
5453 17586
948 3101
1669 14179
6300 13375
2699 18748
4624 5875
4593 12771
3493 8249
1045 10820
11709 13255
97 18237
7959 11471
2511 14490
8605 11486
2002 18086
4723 13350
3538 15374
5931 8686
1554 10399
2916 3451
8312 14746
5748 15323
18059 18234
9411 10217
2975 12144
35 8217
6653 14346
8071 9756
12124 16874
11746 12577
2038 8781
581 2523
6503 15006
12210 12923
2284 13493
16348 16906
757 4189
10089 14236
2502 14927
16085 18511
15539 16917
2469 16718
14769 16603
10165 16493
7870 16242
10563 15867
7181 15943
2639 5792
3047 12449
2366 8775
285 16792
297 1214
6950 17869
3479 10072
2715 11232
10996 11723
4278 5382
1643 10475
2424 18479
67 18053
1115 12175
13275 17222
724 13948
11616 16420
7895 9374
5593 18669
8199 12785
14325 16373
5625 13196
487 13052
2980 4613
11340 12435
2071 2136
5552 9203
4237 10939
10916 15722
15901 17667
852 9461
10221 11192
11462 14518
4071 7678
4385 8347
5210 18251
5291 17768
1292 7522
1233 16763
8246 11104
1956 17044
10200 13314
11370 15766
6256 18306
1566 2557
16773 18697
5525 8608
672 6547
5042 16540
2796 17726
2177 11355
16957 17308
9890 15111
5712 10940
8203 8352
8992 17115
5479 5780
762 16819
13652 15073
7333 8549
16001 18288
2748 16402
1009 7957
10137 13772
1410 5014
15554 18195
6638 8609
138 611
1769 2355
3049 15745
4009 15009
3979 7113
220 17427
13073 18071
17062 18033
15183 18451
6768 16968
8713 12822
618 11868
2431 7597
5221 6224
14505 15957
3433 9457
296 4277
10900 13761
945 18589
1344 9046
10901 11526
7092 16522
515 9669
5511 17862
4124 12527
6951 11784
12233 16245
890 12263
9415 15609
10069 16199
7841 11655
5356 12337
3906 13648
1975 12114
6921 9820
5414 15727
678 15945
3813 11871
7920 14658
4150 11844
12737 15021
15346 15875
8874 10010
3871 13408
12211 15702
7867 10452
7034 14988
14251 18013
12455 14988
2823 16807
9532 11011
3782 14225
2445 18474
5584 6244
7684 11449
1459 7371
5419 9195
12560 16489
7694 17849
254 10891
13617 18663
8593 14048
1202 18302
3844 7604
1489 14418
12509 14912
3270 4201
9829 11048
6354 10486
2137 14922
651 17528
874 7465
3506 14599
2069 12365
13735 14311
9177 12780
169 6348
3829 8406
1657 10195
2717 13928
5584 16143
10259 13982
8616 13366
3844 5519
3262 5084
11860 18738
720 7800
7535 11812
12267 14633
2866 16054
10831 13507
7590 9472
620 3868
6492 7397
8620 9495
12926 17529
93 6439
77 2559
7231 18172
4584 10023
4766 12135
218 16298
7433 18014
377 13073
1999 16979
1769 7957
6656 9388
4755 15835
8336 17178
2044 9349
2277 18525
6548 18032
10496 14256
590 7278
9330 11812
1588 10563
13738 17643
705 14442
9599 17691
7815 8290
2162 7881
5081 10299
6174 16178
7757 11182
8071 13102
8787 8922
10487 17306
5281 6453
8135 16012
10390 13195
9784 18426
4699 17718
3987 17372
30 728
4901 12315
2616 6277
8051 13512
2901 15596
14395 16083
2163 11681
9175 10393
12320 13541
8270 10468
8678 15002
3856 5824
4999 6569
12959 13597
1204 1645
6656 10935
9747 14867
4991 13470
6447 16261
449 9053
7883 16966
4254 5642
2536 11047
779 7103
2209 2872
1452 4135
6515 18463
8226 15292
8779 9095
5812 9020
1916 11666
1238 8203
4377 17273
5725 12106
7860 17517
3941 11491
12019 14226
11397 16461
13198 17857
2674 13040
11412 16785
2806 6108
7998 10634
2482 11826
2159 15073
4311 4500
2584 15237
9101 10670
6552 17384
15856 16655
1712 15397
2891 17174
12944 15319
9697 9701
2556 9335
3189 17409
13553 13917
2281 6944
14094 14653
532 7537
5736 8088
360 9807
6211 6255
14706 16900
6078 18255
342 11316
3387 6142
3035 17531
1068 3805
10361 10647
8421 17478
136 14126
16169 17833
11166 15887
2886 13853
4875 8258
4260 16602
12848 17533
3457 12325
4724 18423
6171 6308
12085 17079
6026 12071
3310 5180
6270 13099
5572 11910
8519 17668
7458 17035
7336 16717
6039 16236
12875 16271
6076 10027
2446 16288
12025 18754
10979 11562
8578 16700
1728 13609
4429 13478
3090 10313
2968 18667
4011 9805
10366 14159
4944 13906
4194 8265
15918 16980
17936 18126
11082 18613
1558 3458
10209 12940
13582 18414
9339 9985
3729 9812
4819 12454
9864 14766
8677 17394
1533 2557
8344 16237
5143 17260
7949 8846
10904 11491
5137 14390
8490 15166
4903 8663
3373 5101
985 11092
4749 14993
16073 17266
261 18755
3695 5556
792 16234
55 5954
15885 16325
7466 16091
9716 15758
3090 15634
12363 18172
11741 12130
1080 7094
12099 13018
2568 4536
8930 12657
5420 9022
11841 11944
6607 16372
134 15182
3815 7086
17752 17797
1182 10835
12375 12757
12082 16695
4059 4115
7501 15303
5044 5765
176 7825
2082 17799
4121 15776
7580 7923
2216 6773
5864 8756
2262 6505
2229 5407
9105 17198
4939 14990
7081 10281
961 12837
16554 17703
8594 18342
2101 16964
10925 11088
3069 18548
2351 4604
5569 9294
11859 13269
5811 15753
3641 12650
9963 11286
11641 18388
1269 2205
907 13767
4820 15911
12835 18397
383 10453
4401 9582
11241 14115
11762 18695
4751 17898
6901 17302
5968 11139
9163 18202
9326 18362
4108 4979
11547 18233
794 15994
15878 17948
1198 6497
13293 17250
7202 11748
1294 14578
6427 8651
10200 16058
3657 8936
3469 5523
2302 2488
5557 6659
7571 18091
7640 9809
11104 14405
17058 18511
11816 16125
13681 17913
9506 13104
13716 18736
11289 15036
737 16650
8431 8983
4514 13746
10032 13357
1256 6566
6243 16533
2380 2563
5662 8743
11657 13640
564 14875
16177 17494
2881 7168
1008 18095
7060 8057
2225 10387
1839 18649
2211 15235
10108 17983
8299 16435
8142 14333
4505 18387
620 3522
9840 14498
3436 14083
9875 14745
6389 17317
5673 6505
12929 14789
8614 10071
8895 16060
8349 16921
5136 8692
15541 17621
4748 8620
11376 17602
3322 10761
5572 8150
5512 9369
4099 9629
7635 10287
3496 10647
7344 17061
6714 7518
1788 5856
4044 16035
11616 12716
5192 11264
5214 6245
7037 8861
2216 5890
8238 15764
5147 16588
186 9270
7517 9743
174 14081
7093 15072
2135 12353
13006 18065
12978 18398
944 9477
3064 5766
4948 7571
1018 17888
8243 17670
9809 12905
1953 4844
902 14824
2336 13626
10809 13797
6356 12199
150 14556
1177 11419
8908 9876
3166 12179
4297 15020
1640 9702
10403 13731
2191 3808
6059 12068
10024 18264
8319 14072
10127 14930
4359 15072
2304 5201
8046 14613
5684 13021
16603 16715
9893 14930
629 1686
12016 18216
1679 11296
7701 15104
6923 9635
7670 10926
5780 14261
4336 4853
4433 4970
6613 11108
6542 16321
1511 12779
107 2993
4104 16940
5388 8213
8511 11903
11879 14020
3052 9442
3306 7220
5845 18747
1506 6062
6476 7904
4711 5829
7342 11159
5821 6309
13884 17222
13593 13961
2056 14828
10490 14204
1540 9475
4339 9939
10364 14538
2987 10628
15686 18432
15894 17640
12360 18704
524 11948
7446 9962
14844 16225
10400 13368
478 12165
5172 15115
3708 14007
11931 17062
4108 17535
4239 15275
12039 16859
4937 14224
814 2515
6684 13562
1010 6818
14434 17466
8899 18530
6505 11329
2683 7805
2592 12499
5845 7128
13774 16358
14333 14722
1295 11665
5418 13238
11541 17359
10191 12648
5970 11044
11304 18402
18342 18742
3187 12410
2632 18103
576 5436
8729 16818
514 10340
3029 12016
1673 5449
14711 16728
9935 15325
1863 3715
7047 7691
2354 5564
8615 12818
14692 16158
1561 16026
8922 16914
6854 9987
6840 16426
11535 15754
6431 14834
11839 17642
2406 9934
5925 15620
5639 6380
3801 6134
4520 10522
910 8735
3733 10909
900 17208
4725 6612
7029 17964
1352 16462
10199 13077
2423 10543
6843 15732
4753 17088
919 6110
13595 17903
4022 8657
12433 14703
10348 17299
5178 11509
1461 4525
14749 15197
969 15292
950 12753
3159 5076
2479 14522
43 14798
10060 17721
736 7868
6936 13644
1560 5497
5263 6351
2062 8383
6335 11854
347 8342
16767 18116
4433 8666
149 6560
1460 3188
5969 17219
14006 14793
146 17401
2295 10406
2299 11751
2103 2463
7021 12443
5073 10968
9942 10392
2864 7402
7944 9923
1411 7649
9028 15717
15062 18520
13657 17159
12832 16771
167 10990
13714 18407
10357 12311
13040 15806
3138 15021
2047 16625
18093 18611
15360 17662
563 16888
7981 10765
3701 3763
13240 15304
3724 16045
9458 18559
271 17585
13601 17318
17025 17450
7953 18705
6780 18373
11065 11144
8405 13061
26 11915
2856 9146
6579 8860
11767 13268
9559 14713
11265 11464
7508 17127
9177 11267
3365 9164
948 16154
9813 14899
1177 11378
15123 16768
11792 14468
88 13378
5228 7148
5939 12667
5688 6573
8069 14932
7013 15749
10552 16451
14463 16314
2407 4297
9965 14983
6082 15427
497 5568
1155 15436
2499 9228
7071 9664
6643 13905
5130 17252
9022 13169
9892 12993
5991 14856
9396 12937
12045 15398
13683 14624
9064 15860
1348 16051
5512 13459
530 18088
6397 16227
3604 17923
10685 15627
4669 12789
2004 16895
4642 12045
12268 14462
7256 12764
9000 16115
1980 11509
5446 14250
4447 16813
13057 18041
12469 13986
11557 15846
3991 8962
2006 5501
2525 14694
12222 15410
6264 11771
7810 12615
2220 7556
3483 6157
3297 15179
8066 12163
8143 14590
15479 16733
670 11312
13906 18458
16062 18215
9599 9916
7289 15328
2285 18338
4912 11256
5886 8563
7927 11729
5999 14254
829 4987
7273 11657
6861 8903
11845 14766
6999 10951
13021 17502
8620 18632
5790 9262
6873 13832
2729 12480
5381 12690
11433 16978
17804 18516
7093 12470
2488 5799
9110 13881
1504 9985
5325 10036
633 3912
1444 14613
3256 4041
4712 16149
11169 17979
565 9629
13504 17898
9936 13537
1349 10348
1189 18704
8599 9914
2640 12923
10376 15801
72 9710
6506 17643
10294 11365
10587 14064
385 18493
4421 16874
1360 14242
9120 16678
8746 10927
4972 14010
5487 18173
7445 14536
3035 7212
11408 17894
3918 10475
11872 12180
4359 12656
865 7272
2956 9297
5194 6675
5965 9649
2433 5305
12279 16916
7103 13739
3669 15627
4754 13701
1456 15341
3004 8762
6822 9436
921 3334
12328 13717
3095 10163
219 1357
208 7451
7952 11727
2069 2677
5844 7333
10471 18227
16901 17921
3759 13495
5174 14802
13945 14280
5490 13521
5643 11255
14659 17792
14793 18133
6664 13115
4226 15353
263 3370
1890 16838
17509 18236
441 11209
12477 16274
685 13605
6552 15041
2538 8182
2824 4135
2651 17773
6550 10334
13084 16043
15879 16973
14455 17119
9618 18732
7973 9512
10071 14570
3664 15175
565 7379
13664 13943
3593 17391
8720 11782
14841 17631
219 1646
16120 16991
7567 17538
14592 14801
9358 15703
4021 17422
8880 10172
11841 18493
2925 7798
2080 9065
553 14788
1006 9328
7083 17164
3536 3793
4103 6515
4286 15835
8743 18411
6633 17783
2447 17890
14108 14544
316 17924
4952 11419
874 5677
10402 14098
2500 17628
7230 16795
1342 12390
10303 11226
3234 13145
2997 14726
2079 11605
1470 4113
1823 4339
14349 15222
10471 17837
5200 9541
7366 12767
10566 13219
2307 3757
66 15598
3313 4006
2118 10656
1914 4180
5305 12622
168 10676
2703 7669
9047 15039
10051 18533
14612 15913
11129 13859
8828 13937
7058 14737
562 3197
1336 12027
6649 9691
6700 10714
6071 10834
3354 13347
4446 10912
3037 3860
4702 12982
1189 14060
4984 13417
11364 17892
13142 13426
3448 9582
3468 17138
221 6968
4754 15192
3284 17022
10255 18473
6584 11456
480 4032
775 17037
2121 15453
8057 14290
1274 5214
11268 13698
90 9226
1971 3201
3671 16062
332 9667
191 14971
12874 16740
7810 18539
8083 17245
3796 15894
8610 17173
12531 14255
2352 3854
2641 10310
14827 16780
2199 10554
4841 16841
4684 11980
13040 17138
838 13362
3421 11005
65 1310
3232 18105
646 8987
8564 13952
3300 17041
4503 18048
3 7663
7452 8489
1291 4723
11438 14563
12570 13709
13726 18175
2126 14775
3494 10208
13700 16903
10580 11180
15860 16548
3521 11828
767 8552
1039 17303
8455 15360
13913 17268
6575 10611
1858 8306
9804 12682
7190 15350
5372 7655
10419 17049
2062 8654
9191 17370
8633 15200
3332 10353
629 1699
5924 15764
10699 17984
2730 5509
12700 15047
2813 14365
4550 8568
13882 15704
5742 6327
1865 4305
13199 18767
3687 17724
6747 7586
9090 14572
12581 15111
6767 14547
17057 18040
681 8994
6177 12344
8957 13992
4101 13831
3314 7382
1982 17620
7679 17918
12889 15686
1619 3379
2768 16617
16583 16886
1357 16111
6307 9267
9338 17635
1583 15631
16691 17009
1189 7181
2455 9644
14655 17567
12249 16474
1282 4731
7696 12832
3216 11657
3403 10171
2282 6835
2608 15267
4929 13468
143 7870
11854 15786
902 12962
8838 15004
14972 16629
3127 13083
12324 17446
2411 5798
4755 18388
2703 15202
2121 11211
532 13927
6639 16158
4004 12732
10462 13050
8586 9961
3314 6542
11905 14437
5962 8097
64 14975
5851 11386
13403 17098
3770 10729
4135 11164
8467 13575
14102 16133
3299 15678
4531 4598
7404 16763
5355 10309
3805 6646
7700 12015
2814 13503
5067 6105
11927 18163
10151 13986
541 7566
7230 14308
3580 10067
9600 12846
3361 5663
1390 4600
5232 12021
11796 14610
5810 8052
7311 17840
15118 16558
1124 11427
9279 10904
10368 12602
7050 11337
1262 13038
7984 9224
10286 15123
9519 14375
10794 14611
1753 16418
15784 18167
3099 15664
1177 7356
11870 13017
147 16997
4025 5027
11760 13748
2146 17708
7774 9824
3564 9189
2671 6480
12807 17217
4500 13986
12078 17044
8281 13776
5439 12288
5526 9487
151 14896
9402 16791
10777 17568
12525 13414
4018 4581
13438 14252
5633 17244
10210 15335
1211 14879
14638 15033
8219 8265
2288 8872
10337 15932
9716 16007
770 11416
8628 13208
955 1336
11255 18347
14689 17574
4080 5880
14847 16002
6742 16896
9582 10986
5305 5361
2197 9905
8013 10357
7505 16931
4766 7144
8245 16248
1370 12103
4603 12961
4633 16171
3715 18405
8711 18685
10581 13413
13807 15953
5341 8260
1611 13558
13748 17460
1688 15831
4288 17795
7280 16414
971 8661
4344 18578
2395 9999
5683 15394
14396 14466
14770 16736
3658 10949
1821 3523
45 15227
724 15270
9324 13065
1818 8677
2192 15871
5103 9713
13622 15132
4848 17065
669 5681
3436 15533
11723 17687
4025 4074
9016 11491
3959 5490
76 5360
7972 9247
2236 10906
6191 8937
8155 8742
484 12970
16313 17569
1208 15459
3451 16865
10334 15363
4964 6874
2638 6774
8741 18290
2623 9041
6554 16547
2315 14172
3310 13420
5034 14820
1336 7534
2327 13150
8535 13700
4094 18467
605 14723
4530 6510
6799 10937
3198 17705
9047 15444
11113 16209
3877 16578
5726 6483
5152 11035
11877 14028
11340 14337
9318 11632
9110 9260
7107 11292
4448 13845
10845 12145
13193 15159
15527 15660
1811 2929
1676 18075
2781 12358
4430 5267
10363 15211
3158 17400
12233 12909
16020 16515
3412 4931
14337 14377
1321 10847
10715 16289
9065 15722
13771 17380
7648 10742
500 3484
9058 11660
4381 10338
3053 15126
10576 12678
4404 10768
5134 13168
2570 10827
8488 9147
2895 3680
5404 15855
6238 6330
9117 10662
8415 8463
1039 11056
13715 16266
1818 10941
11414 18206
6446 6472
13734 16817
7984 17877
2917 4250
976 13070
11349 15787
10032 16007
2697 17735
12009 15485
6923 12504
5617 16939
15414 16206
6270 11829
1805 11507
11779 18765
8100 10162
14309 18096
2837 15875
2675 17985
2088 3293
11981 12999
11096 18157
2441 15768
11792 15092
4752 17185
6080 9607
2022 14101
16647 18577
1147 7456
11244 11966
2508 11026
2045 12072
17231 18641
7401 12144
2608 10419
1897 8711
7458 17434
633 16979
15644 17851
13764 16553
11293 16235
1296 18339
3252 18457
8331 14676
3505 9777
4848 15401
2172 6682
4133 5940
12677 17690
6203 10911
3673 11438
13221 14368
6766 13351
4489 11723
9836 15895
3059 10290
3272 15949
10469 11261
8421 17953
7569 17611
13939 14141
4666 16099
10798 16320
4728 18103
12354 14491
4013 15721
2458 15339
11546 17323
5461 12506
8034 16930
7496 8340
15565 18707
13262 18191
9681 14938
5333 17989
8535 18548
3136 6685
7066 14725
6477 9080
12438 14880
12345 15790
8226 13356
8396 16606
12905 14216
2636 15819
5881 13530
51 6765
4725 12097
3752 9816
3808 11048
1806 10532
8393 14252
3587 13839
6917 9809
463 5047
9218 12474
4473 6471
8152 10176
8256 17179
3443 18756
562 3007
3499 13853
2983 9473
5651 11517
7946 13087
9153 9772
2138 15670
2580 12174
15300 18604
15571 18419
13612 17279
6114 16267
7397 12678
5677 11242
1546 5828
15107 17461
2805 5443
16101 16527
7599 10709
3112 6455
4141 10922
18107 18567
11232 15658
5323 9751
1519 13499
8878 17285
6579 13254
14629 16595
10796 12407
8301 8307
6448 18246
6988 17955
11151 15602
6476 12496
5651 15330
5138 13815
7869 12010
6571 9472
2528 12743
7853 15867
7836 8817
5247 17854
11362 16648
7735 13763
6008 14051
3628 5979
7137 15708
2558 13368
4839 10697
3084 7853
2560 12079
8330 18206
72 10156
7697 11895
5682 10895
13791 14944
1920 15484
1175 15173
5266 11579
1537 3687
13779 18717
5734 11582
9382 11223
5762 16716
18272 18372
7586 16043
4724 11759
2988 4311
13310 13706
13340 18293
2425 11500
5268 16599
11150 14269
3949 10841
1034 18258
6040 10540
3572 15558
2254 5671
2886 15110
426 1291
3582 15410
3102 9837
3129 8186
11046 16140
9899 16669
4633 6155
324 5848
7188 17882
7518 11281
2716 6328
10503 15284
5097 6462
3620 15720
682 13273
2584 7094
10663 14044
9359 11501
7147 15580
9428 13580
6961 11872
3103 7908
10846 17081
440 13712
1235 15456
15132 17356
1690 8487
9709 14698
6898 8730
13667 15815
13651 14731
4710 11335
2052 4179
9718 17243
4584 15594
2803 7888
2202 3421
1595 17688
960 13116
4333 12485
10717 16121
1727 15307
8167 17216
11913 17018
6388 13163
17128 18280
1014 9275
5084 16790
7215 8916
17456 18734
12804 13072
5971 11366
5221 9576
7269 8955
5276 14466
5242 11978
13267 15892
2386 2774
4335 16985
2639 15494
2756 5119
14096 14271
7831 12495
8286 16610
12990 13219
2830 9890
10902 13769
7244 15256
4508 14192
12795 15748
11156 12167
11571 12456
6809 7337
7407 11601
5832 7982
11082 17621
9133 15207
4424 10202
7300 8129
9883 15690
7805 9470
11341 13870
6401 10794
1056 15315
9850 10155
333 7545
8884 10456
2320 14982
10891 15318
13395 14901
1543 18548
5467 5780
654 8098
12033 15334
8137 18315
8376 17740
7953 15464
6977 15995
15934 17794
612 3591
10553 10758
9890 12964
11312 12284
2339 10507
11332 14161
5198 17469
5589 14298
4961 12938
7127 8657
8125 10684
4839 9176
5402 10665
4461 8882
1059 1468
9271 16139
8591 12507
7884 17918
7192 12224
2268 12735
4561 11131
788 9105
14059 14817
135 18055
3327 6852
3209 16400
10374 12124
999 2817
11605 18363
7866 9391
2824 11985
14763 17281
12663 17510
2167 10291
1135 1203
11627 11707
1943 18698
3256 10662
3374 9705
4046 13889
7645 15614
6929 11749
10212 11683
11931 18140
1857 3713
5713 8501
1218 7367
3169 8426
6171 13140
1185 13631
9693 9726
8456 12059
327 17221
5492 12618
1865 4330
2047 13940
1604 16876
12182 17697
8326 13848
605 18072
4516 7561
173 9106
3331 12147
8486 12815
8582 17532
17234 17603
11742 16362
7226 13275
7997 8142
3702 18249
11486 18528
2449 3520
9510 10158
9271 13767
6657 11904
5254 12212
3151 7019
7418 16826
11629 17115
2074 15622
7117 8245
2271 5700
11276 16815
15878 16974
4098 18725
3426 8526
10261 15350
8871 14132
1168 5351
6581 8365
1466 13514
6919 14191
8641 10953
3900 15728
8170 18015
916 9571
1297 14828
8987 17650
352 9203
12130 13011
478 18216
3452 11711
7623 16604
3554 6431
7667 17664
1253 17788
10075 15301
31 17201
