1154 6590
109 2498
420 4490
1796 4513
4737 12509
5941 8993
13840 13842
4128 7475
11761 11763
1581 7263
6311 9145
2604 10401
901 936
2266 3431
8 131
526 532
1330 5913
4276 8379
2717 3168
745 2144
236 6698
14442 14817
5086 10595
216 1146
2927 2930
3502 9831
8815 10756
2252 2310
7969 11508
1122 2123
2165 2989
1396 1441
937 1116
3769 3781
5219 5226
9932 9941
1166 4474
1109 8021
1182 1204
1840 15178
5999 6438
7492 7494
3943 13194
6898 8034
2123 9500
152 2283
57 164
2272 2275
69 1905
2105 6130
8011 8035
1082 1097
10764 14385
236 391
4323 4328
3752 10876
106 144
4313 4929
5213 11305
4497 10468
925 1886
11654 11985
2629 3960
1554 7904
8797 13589
7436 10401
2040 2055
3014 7120
112 418
987 1003
13396 16194
2866 3901
1433 1458
2711 5426
44 6807
882 1669
2604 2607
9038 13478
1000 7907
5066 17556
948 4709
3015 17186
9922 9936
336 1641
8724 8731
2560 5009
4973 5100
3398 6936
11167 11168
638 4430
945 949
255 1266
2298 4966
6922 6929
853 888
2062 3173
118 6458
2488 6933
2111 7476
1091 7447
2279 2304
1955 3423
323 2619
3407 7056
3320 3706
13279 13976
2015 6732
555 560
614 637
11844 15521
598 1200
2357 2381
504 4432
2580 3348
2029 11264
7987 13410
2861 4266
1088 7849
3901 3972
1989 2051
3451 3564
2093 4888
5814 5819
745 6912
3347 4061
15291 15296
7143 9203
464 1408
11972 11973
1762 7753
6146 6156
4064 5377
4486 6506
1608 3885
461 5289
4688 4693
2657 8950
9872 10552
955 7400
5316 14304
5254 8235
9943 9944
2916 4886
4596 7417
474 17110
2073 2146
12310 12327
127 157
6304 11601
12270 12282
3447 5444
3128 4224
9269 11235
4438 4451
2710 3568
3113 9706
4566 4607
898 1911
2551 8602
29 347
7406 7413
112 5137
1736 8641
2593 9209
2202 2213
2720 2732
15469 15473
5001 8604
8022 8039
4489 13031
4675 9913
14541 14546
3420 3427
629 631
1958 2078
2007 6898
78 11102
421 6548
13473 13481
342 404
889 906
2013 2043
12145 12288
3082 3637
2035 11263
6602 9327
336 5300
1428 3243
829 883
16755 16756
120 154
1460 5346
13043 15126
9034 12007
844 5332
9964 9965
75 9417
837 1670
2707 5851
1555 6948
5502 5516
2103 2113
2045 2050
988 5193
5451 8927
2611 4023
466 467
1615 3170
1963 8960
358 981
10832 10834
4725 13409
1736 4307
4301 6282
1404 2494
7702 8461
1214 1599
3726 5235
9941 10937
888 4416
1108 1132
29 1670
3944 11434
3064 3442
1320 1610
2107 4675
2545 3805
4007 4020
4806 9311
1978 1983
4207 6653
2189 6619
6860 13288
391 8450
1276 1279
4775 17159
848 4921
2659 2675
1414 4026
4572 4594
610 8428
1959 1979
390 440
2870 6269
6250 10891
14543 14545
12298 12320
5700 15072
3543 3552
140 9385
346 5770
3373 4381
17831 17833
4660 7643
920 935
4166 17629
1662 14110
16504 16987
7554 16948
2648 3094
12715 16892
284 6933
235 3157
557 576
965 6361
11748 11754
4393 4432
303 2587
4684 9498
12221 12228
16285 16288
13046 13051
3099 9385
2705 3552
588 7224
1313 1370
1506 6692
859 1645
5827 9553
5225 5226
888 6059
13377 13389
265 356
1226 11801
1081 4360
978 1118
2091 2101
3074 6653
2521 10919
15436 15441
1276 1346
4281 4920
6131 6156
222 1629
12403 16660
413 1578
1408 12549
5148 6308
703 750
833 11343
925 3399
1813 2674
3959 3972
236 8065
1956 1981
9960 14334
53 1211
11118 11124
1615 1626
6920 6939
1732 1760
9499 11770
190 1835
2112 7476
412 6030
3678 10303
2880 3902
3990 7861
13375 13383
112 154
6445 10783
4744 5762
6766 8053
7987 13285
2823 2827
1252 1263
4774 6604
10065 14130
1048 6470
3137 12235
361 391
4702 4704
1066 1067
582 583
6427 11729
2883 9968
1952 4611
4106 13469
123 11145
13373 13394
298 4694
1595 1597
7930 7932
1090 1187
5624 5626
9576 12669
4972 13461
12 5160
1738 7518
4821 12505
4797 8224
2664 13635
8511 8516
3349 8617
11888 11895
266 2621
982 5974
86 3337
1095 1096
3616 18560
9915 9922
3126 11635
12310 12317
1879 1888
3235 6253
2877 6691
4755 17160
1193 4343
7546 8208
4858 11601
11748 16565
288 8042
382 6901
123 7278
2250 16837
4475 4504
12314 15593
13158 13160
598 616
1748 1752
4041 5535
2222 16474
4007 4785
3422 12135
281 283
5176 5196
2076 7479
16003 16005
1128 3952
4779 9692
1092 1460
5176 5187
4709 5018
978 8027
2482 2511
101 4896
1233 9556
2125 4891
7760 7775
5705 6747
1951 1986
2608 4029
5672 5673
2276 12730
2544 2591
1430 4618
7548 13646
7827 13257
11184 12093
4750 8952
2521 11960
5877 15013
1383 1549
4876 5740
7931 10837
2996 7843
274 357
13277 17417
1260 4042
112 6872
7231 10263
5059 12112
13669 15572
10308 10311
1199 3479
4576 4607
13855 13857
2705 2706
1127 11820
10816 14335
11378 11390
3243 4007
2972 3338
4021 8948
7689 13163
269 10600
5813 6007
1662 8342
387 9636
2949 2953
4618 5461
253 424
12124 12127
402 3264
4860 12507
5409 5413
11512 11528
151 1750
7469 13968
4207 4986
11512 12332
2089 5158
6904 6931
286 375
1875 3916
581 1086
115 303
2250 16838
4092 6688
4310 13279
13286 13400
647 1538
302 2123
884 954
11104 11111
314 13013
606 621
3243 6045
11733 11734
13109 13111
988 11836
1740 5088
436 12992
1718 3349
4324 4829
5487 8858
383 3855
556 568
6969 17063
9911 9912
6897 6924
1129 6922
11118 11123
3129 6718
6972 16479
1856 4377
4792 7464
1133 7429
1664 4644
3257 4929
1651 4548
14174 14178
2436 2438
1448 1466
7237 7238
6988 8940
2902 3446
3442 3809
3447 4207
7666 7667
6908 6945
1408 3103
865 1656
5121 6450
5961 5966
9912 9931
9926 10162
11457 12441
307 5137
1212 9819
1421 11376
2999 4727
7753 7767
5424 7893
2474 2524
7582 9983
1016 6054
7548 12379
1100 1470
242 6083
1246 5439
8224 8231
1258 5635
132 312
3395 3984
7987 13403
4491 11128
7922 12035
65 300
2259 13257
12504 12507
402 16259
6885 6898
9322 9975
155 4546
3635 17184
957 963
1286 1326
2538 8071
2639 7506
5158 5197
4860 4869
2278 2296
4995 5006
347 6684
2259 14231
342 409
963 5273
13380 13389
142 14934
988 5177
3912 4299
1017 3287
12315 12333
11312 11313
8567 8571
548 3320
616 7724
563 3150
8 9154
4686 11250
2926 3363
6239 15817
4758 6048
4594 7464
3212 3217
5187 5196
390 15288
3282 4235
2549 8144
26 11304
331 14790
3099 3685
458 2294
5094 7614
6034 8665
2086 2163
323 6584
6020 15320
3233 6079
3433 10668
1419 3112
1404 12037
4429 7550
23 5346
5214 6008
7471 9330
2007 12321
270 14637
125 4783
3904 4345
1769 6558
1338 1346
364 401
1641 2632
11888 11892
8669 8671
10262 14168
14533 14534
5612 8441
1414 1475
2086 2169
3007 9071
115 1109
20 4235
629 4667
2806 2814
15504 15508
17715 17716
3644 3669
1418 10737
287 376
6408 6427
8312 8314
6907 6921
1150 3890
5364 11954
14022 14028
2679 9105
5286 9732
11818 11821
7809 7816
9045 9048
6513 9865
4416 8037
4207 4221
1217 2674
3242 15079
2605 9512
2702 3267
2480 13981
1742 2480
6900 6932
468 883
965 2259
111 7283
1222 3931
6033 14159
16870 17951
1661 1677
3167 11312
7841 8810
15526 16009
15931 15936
460 10710
2628 2813
25 6923
899 993
619 7470
7233 7247
2005 2019
967 971
1109 8010
4122 4314
53 6032
9477 15110
14808 14810
4915 4969
625 4459
109 8212
1234 3846
2603 2670
1741 2797
936 943
2084 2505
17 6433
11191 12092
5153 11503
295 3447
14676 16130
255 4820
1661 4818
11547 11548
13777 13782
4586 4590
2159 2166
2867 14136
290 407
3050 8749
4352 14512
2995 3392
5305 8330
23 6331
2132 9498
6250 6897
4301 4317
4003 5443
2437 2441
129 4016
1509 8219
1151 1736
3614 7281
2865 3909
441 450
211 9794
167 2619
7409 7430
10562 15777
238 3748
3570 5153
3667 8066
319 376
2063 2133
4965 15478
1117 3954
837 4393
2937 6282
2188 2190
3751 9167
2661 13484
14403 14545
826 2294
1986 8028
1464 1485
4233 4986
1216 1600
3066 10626
7490 7503
10006 10024
153 1648
839 3998
2299 10933
4114 5273
2861 6828
13547 13551
1243 4348
2666 3739
7373 7403
1992 2133
6065 8672
1599 5372
2420 4476
10446 10683
2471 13986
11954 14145
13142 16255
11376 11402
4707 11071
5899 13097
1974 2030
152 395
2123 4105
13817 13819
829 5436
2152 9062
5782 5783
349 406
539 994
972 12383
10970 10980
7919 10878
2755 4318
2611 4013
2546 10419
18392 18395
5158 6313
5315 5326
2664 6272
4992 11839
783 16171
5148 15905
2628 8473
2392 4581
7231 8543
8658 8659
3532 3568
2359 12183
14327 14345
2316 8114
106 9753
210 6519
1554 4152
1742 2485
6086 6306
4691 6985
339 4112
2380 8682
1416 14368
4025 5965
3191 8419
10360 10362
2097 2556
298 6317
1091 6427
8211 9417
1303 1873
9476 12493
1094 1413
305 4312
301 823
3865 5869
9968 15560
1913 6879
3099 3671
941 2182
8880 11216
1750 8317
2317 3703
2145 3375
6885 6886
4501 6005
1117 9132
10279 18218
836 3768
13370 13402
1983 4582
155 6344
8355 9077
826 3405
2715 3705
825 1379
124 1166
1243 3920
311 4394
6 1841
8796 13671
1219 5912
867 1649
2089 2099
820 3271
2075 2109
2171 2174
358 6548
1150 1670
623 2024
18583 18585
2143 4028
5917 5976
298 370
13388 13406
5146 6331
4792 11603
4022 8078
2945 2957
210 6525
2331 8174
4313 6082
2143 7373
1202 3465
9314 9323
2631 4328
3463 3467
2131 7842
16347 16349
4207 12176
3148 8441
1606 1623
11435 11591
1083 13290
1996 2068
495 990
1853 1894
3890 5962
2690 2704
2994 4924
4452 5745
2801 5368
1651 4471
14215 16731
2341 12704
15182 15189
1657 5944
18526 18528
436 9527
5736 5746
3259 12111
3101 6437
793 1556
1734 8789
3076 3178
1966 2056
5036 5056
11108 11113
275 310
1741 8613
3030 3790
1184 6638
839 6429
743 807
7603 10414
927 997
850 1145
1728 1755
856 2521
1909 7548
1337 2797
8 4105
11824 12359
1754 2326
2946 2957
10955 11866
4571 4577
3148 5089
1949 2093
4868 7180
325 852
10688 17286
6546 14352
314 376
4726 8776
5931 12217
5118 7506
2392 7399
2315 4454
2163 9147
14547 14550
3678 9021
323 401
3560 3563
1716 1747
1948 2067
2673 4899
1191 1377
1497 1510
8078 11858
157 12382
1854 1861
2383 7754
466 1038
27 2223
5804 13035
2630 6115
1969 1978
12358 14282
1636 2016
5086 9493
3537 3842
15868 17533
4309 4312
1438 5219
6025 12130
1602 8190
765 776
2198 5236
8286 8300
10300 10329
10818 10960
1381 4633
8071 12208
2686 5050
6427 9937
3760 9975
1245 10311
2025 2593
3412 3716
6065 11153
1644 4070
13286 13370
4983 5458
3259 6630
1713 1753
2882 3447
7619 8616
11114 11122
5764 11117
9747 11166
3751 6427
3932 4183
3093 4399
8801 11123
1482 2751
581 4897
9146 9149
2625 3349
287 319
1077 1078
7576 7666
42 2883
2801 5450
4574 10146
3039 18008
1090 1185
2665 7281
2283 14084
3222 3230
17341 17342
6804 10221
10281 10688
5378 10525
1953 4672
1672 3345
12334 15589
7209 11863
1739 12671
1161 4441
883 1222
5548 7095
995 5382
9324 9332
2479 5757
7401 7408
6918 6927
609 6838
16846 16849
8378 9758
2296 7540
2637 7887
471 1042
9272 9273
4219 5316
2526 5365
4167 10597
965 1217
2253 2505
1278 1871
709 4569
9960 14325
2471 2492
5299 8383
3478 7546
284 10751
892 990
1147 7843
341 413
1734 1742
55 2093
2093 2125
8948 11350
1886 5146
53 4547
16282 16285
2660 8332
16199 16203
258 412
897 920
2051 2053
4004 5812
2717 6267
461 6049
929 969
7548 12378
971 1109
7175 7176
1445 1474
3748 4894
15402 16236
17524 17525
2499 2513
7933 15512
13380 13414
14539 14544
1414 8038
3494 16018
6034 6042
5324 16605
2705 3477
2078 7481
1418 11202
36 46
2123 2304
2019 11019
10156 10160
2072 2130
1929 4650
359 11821
136 7665
3544 3568
3343 3356
625 639
4391 10010
5686 15087
10084 12153
8095 9180
4132 17315
1468 11752
4968 6759
12298 12328
5189 5201
347 429
63 372
7084 8295
9097 10342
8626 10635
2796 4485
1099 1468
298 5262
6351 6357
4236 9374
325 7621
439 1024
4118 5013
2687 2860
7831 7842
85 939
3387 5954
13386 13393
6736 6743
2143 9475
8728 8733
275 9868
1476 13033
2478 2480
2090 7466
4840 13870
876 6933
611 10275
1985 10139
11653 11656
7407 7408
1848 1863
17 3738
1756 6454
7104 7927
10723 12858
6064 10897
7486 9130
1833 1837
9479 12490
12301 12322
380 3902
7580 7603
966 1126
2426 2432
938 4797
155 1507
16473 17734
5183 5185
834 4437
1266 7020
7829 13999
2903 8372
2258 2265
11192 12082
1276 1352
7750 8392
4212 9747
2565 2660
5360 8897
2296 7607
502 5446
1187 3556
2291 2320
5168 6678
4872 11104
5813 6008
951 7818
435 6539
11696 14876
3902 4369
2651 11409
1263 5607
12304 12313
3625 13046
1963 7918
1668 6741
2662 2923
311 8537
5175 11457
914 968
4578 4605
1033 14572
7362 7916
4024 5168
627 636
2958 7654
123 5137
5378 11356
2488 2513
5352 8897
1270 1308
4943 9666
125 8992
2148 3390
297 341
7534 14081
3748 13683
1004 13208
12206 12208
7486 7842
7915 8640
13382 15842
4923 6613
1016 3547
847 8618
5448 6285
530 10842
486 4268
1976 4362
11653 11985
6359 9322
118 5224
51 87
6439 6443
905 983
1732 6756
4129 11072
5001 8063
9593 15305
2020 12502
479 486
1958 8099
4129 11401
918 941
3376 3393
6749 15534
5000 8463
4441 6621
8212 10743
4792 11597
9919 9933
3141 7033
2555 3445
728 7089
237 3840
772 1282
475 8342
11104 11117
7420 7430
3581 6110
554 3075
390 2852
87 103
1222 5436
9098 9341
934 972
312 6656
2628 6784
4582 7464
3447 4004
2940 4025
3520 9675
1131 7373
1949 7228
398 2600
6021 14448
8734 8736
2524 3427
139 154
2695 5289
2078 2666
2686 7447
2007 11405
808 1147
6425 9002
4749 4823
2526 9511
2501 2526
7926 7933
945 960
2276 7620
4050 12586
4129 13004
2861 6818
6192 6193
1784 7383
367 3968
772 781
3982 4305
3412 6042
4016 6325
11509 11528
12922 12928
14506 14507
964 993
1737 3419
3422 4797
2085 2140
106 164
1344 1347
2558 2586
3390 7749
5456 5765
3236 3270
92 97
1021 3478
3725 13782
997 11821
283 6883
7586 8841
507 3797
447 1167
617 5852
2294 6242
2995 9221
1369 5481
616 2549
4382 5777
636 1234
3904 3909
1952 4590
445 1998
966 8087
1784 7427
2623 8423
2261 11423
6771 7813
4382 7514
1441 1474
3126 7832
6707 16615
8674 11562
18548 18549
6677 7511
1415 3717
6280 13034
3419 3640
1959 8792
922 3145
670 1921
1226 16884
1086 1095
12322 12330
3671 10293
2662 2666
1951 8099
7205 14900
13254 14131
2476 7525
2707 8931
883 5837
3214 9228
1502 10254
119 2917
2252 2315
1748 5784
4010 8078
322 4452
2297 9574
2662 5259
3723 11381
275 342
4487 4678
914 2251
4375 8105
5332 7549
6888 6910
434 3941
4814 5289
442 457
3064 8473
2283 5144
894 985
2666 2681
7519 14073
2291 8777
1288 3520
3890 7455
4078 4266
3805 4399
1243 1492
1651 3260
123 13673
3038 6149
3663 4275
5459 5476
414 3112
429 6512
9306 9307
2302 4212
5295 8339
1554 4279
2918 2930
800 1361
1436 3175
1955 11105
1721 4901
955 1116
6332 6340
2579 8344
590 1209
1974 2009
966 977
3706 3853
382 6900
14024 14038
2284 4798
7918 10832
10783 11166
9219 9241
3799 3863
762 3410
3911 10884
255 4830
1953 8100
2016 2163
1296 1335
6904 6925
3015 9662
2481 2971
3177 4271
12330 15597
2307 2313
5764 10131
1274 1521
127 5482
475 5332
1735 5519
4782 4802
1718 8620
271 377
8801 11122
3074 3101
3911 3917
2547 2594
71 13114
2108 2125
2150 3482
6348 9825
7415 7418
4957 5359
5907 5914
504 13424
374 875
82 7700
938 943
876 6930
432 10455
7466 7474
6334 6341
2298 4334
1599 1900
42 57
14934 14937
74 2765
2657 3721
2649 6801
1957 13967
6873 6938
3358 3381
7330 11042
2586 6218
298 3060
302 341
2442 2459
6609 7926
2198 7011
1993 11264
8687 8704
3420 4129
9036 12438
1055 6475
4628 14216
5120 5140
3311 8509
857 1011
4895 10082
42 5364
371 2555
10583 10584
5351 14164
9607 9609
7987 7989
7871 13460
10351 17721
1271 3763
10764 14387
325 8025
10583 10588
303 3729
2225 7335
14865 14867
6449 11853
1087 1456
1077 1095
922 10048
320 5742
398 2971
2043 11019
63 10116
2078 4897
4191 10066
4666 12709
16246 16255
8776 11124
1484 7258
119 303
1366 4244
511 2270
398 9876
1023 9550
13377 13412
871 5262
329 12576
3815 3817
637 8421
2996 3060
3941 3945
1087 4662
7902 8793
901 911
3072 9508
5303 6025
823 9436
585 4857
4667 4679
148 3799
125 3233
15390 15398
3739 8617
988 994
9184 9747
497 5964
1202 3776
379 6695
5474 6059
10597 16480
887 5265
5157 5161
190 1863
2287 2304
876 5311
949 972
1741 2294
4593 4606
256 3994
2666 7112
4837 4844
2804 2815
13936 13948
1600 2581
4235 11560
101 2318
3457 4357
4201 10308
8688 8748
8027 11126
4967 6760
6060 11365
8048 8049
3945 3977
8195 14577
848 2475
4667 10270
2635 5219
2416 4206
1158 4067
18037 18265
3063 3529
3506 7021
406 4291
5310 5764
15438 18413
2105 6160
264 384
75 389
918 3192
435 1068
7366 11696
396 1118
6517 10528
5002 5266
2665 14608
9317 9982
3442 6663
2074 8019
8299 8302
2115 2121
4007 5289
7575 16596
2884 15515
3108 3120
1010 15268
4689 6620
5241 6167
2020 2063
3524 16136
2568 2674
1574 5785
2275 2306
11748 16570
7223 7241
2302 2390
4733 6124
4011 4965
4327 7518
914 2247
2505 2519
12308 12314
5169 12176
18649 18655
2998 4743
7610 10542
2995 9229
2125 4690
5732 5744
2311 7609
900 4411
1081 1101
10896 14349
11619 11622
8169 9214
137 190
3390 3999
3264 4232
2327 4234
7932 8564
6105 8498
649 802
1301 1353
2592 3399
6633 6635
1085 10701
14420 14423
54 3093
7249 7261
4746 7462
131 324
5235 12492
1090 2674
1407 1493
10275 10277
1398 1433
1980 13971
1993 11263
725 13809
3014 4235
1287 5916
1475 12417
1947 2112
17988 17989
1721 2592
13379 13412
1090 4004
75 9146
834 875
4588 4606
3748 10215
2327 6344
1656 7573
1083 2276
2808 2824
2883 15560
3462 3478
5076 5133
365 2199
291 726
2150 4667
2095 2660
275 376
5933 5936
7260 15020
9689 11254
1329 1346
10843 10847
5503 5504
1851 14038
8904 9941
1410 5073
7624 16323
857 1260
7290 9890
3180 8574
8774 10943
125 1858
4887 9491
2811 8053
8438 10540
9675 12677
1169 4170
876 1507
3363 3984
12139 12142
3908 6683
3243 6063
1232 3267
9311 9345
3101 3809
10472 12377
1609 6058
434 3934
12850 12855
9425 10151
358 3130
1590 1603
2276 7624
119 371
7753 7757
1996 2005
4394 6889
142 6313
7224 14436
6904 6930
1428 3738
435 468
12072 12079
7787 14092
865 9790
2270 2282
2299 10929
6756 11351
7961 7980
5685 13351
2590 2626
293 412
1027 4278
465 1998
1599 3179
298 9597
3061 3390
1961 8019
873 2338
5014 6671
3382 6604
538 7080
1987 4820
8071 8091
2160 2180
6963 6965
747 2380
3911 4072
2637 2666
361 1883
904 5992
4936 13021
328 13559
301 1737
982 4414
836 6405
12366 16533
2275 2290
2863 4542
11874 11877
4315 8800
551 555
9618 16614
439 4266
917 990
23 2155
13022 15995
48 597
6422 6443
1948 2025
5118 8816
932 998
147 745
1829 8835
5214 6000
381 530
125 269
7223 7226
4542 6711
8467 8468
8451 17385
724 737
1927 3579
155 255
970 13963
17284 17285
2298 4897
4021 9476
2674 6280
375 988
1272 1883
7902 10262
91 4107
10588 10590
2497 9428
1260 4426
781 1330
1951 8015
21 1109
5123 12018
3294 5432
839 4945
1697 1760
7827 16882
23 2972
5002 5265
10906 10930
12312 13790
7596 7667
8695 8747
1953 1986
876 2135
16994 16995
287 298
1292 1295
920 968
4307 8906
2298 7443
6872 6916
3015 3107
1303 1352
754 1335
3233 3256
580 612
1493 2155
2072 2167
15053 15623
3168 9792
1991 2046
4233 15629
336 390
4110 8384
5972 5975
539 912
5816 14747
728 13810
5436 15940
1742 1745
5792 7833
9479 9768
2086 2172
2093 3376
2296 7508
890 975
4276 8048
9713 11844
3694 13188
3993 12969
13277 13573
11192 12074
380 4231
592 603
2590 2661
15512 15515
2294 6905
2490 7608
13181 17086
10844 10845
3478 5490
1666 6687
2601 7477
4007 4016
2751 9596
34 3164
1286 1338
1926 2865
1236 3250
1599 3911
1595 6815
3188 5983
937 1119
1595 6796
2986 6141
3364 7722
3188 10042
119 6889
20 11343
18202 18208
756 2853
4323 6076
848 6277
1830 9256
3938 10806
7502 10932
7590 9345
6103 10262
10005 10006
1260 4395
17782 17783
9123 16438
1194 3749
18438 18441
5300 8324
222 1284
25 6894
2103 9925
4229 9234
2067 7812
1205 13984
3137 12232
9436 13735
13700 18571
308 848
11706 15369
3935 3946
805 1360
9148 9153
283 10667
3381 7786
941 11834
6019 11975
1640 2441
6469 13408
5347 5968
3124 9014
898 994
8394 8406
935 962
825 1292
10947 12294
943 954
834 1145
2311 3363
387 6845
342 6558
1186 1218
3639 13669
108 359
856 1158
4243 5298
697 704
244 6172
2676 3721
846 4446
3799 4337
2757 11062
2713 10115
3715 12495
6282 12196
232 240
441 3823
123 5241
838 881
5286 11659
4740 8079
9932 14252
2447 3816
4430 10521
15865 15866
1595 7708
14328 14341
901 930
5185 5189
4886 4887
7502 15098
6673 6674
4772 5450
2141 2604
619 2131
5200 16512
3556 11026
170 8595
4 1078
1370 1372
10900 14352
4605 7397
4465 5941
2182 7380
1266 1282
115 6002
439 5074
1248 1265
7775 12061
6813 6823
1297 10484
8606 11241
7417 7424
888 6632
4143 6036
13142 13144
17696 17697
16411 16414
7515 7517
454 9037
12417 14952
823 9447
3585 3591
3374 3389
12515 12522
288 5435
597 619
546 8073
2081 2133
4015 6030
5991 6845
13254 17240
4301 6857
636 9247
7871 13463
12832 12845
3358 6672
1473 5440
1666 4505
2257 2280
809 7330
5175 5845
905 1116
13572 13573
2705 3527
18632 18634
595 609
1970 8095
4122 4895
7688 13160
856 1771
926 971
923 4899
6308 8931
3485 9817
267 6580
2702 3715
2923 11489
3706 3824
255 1154
3522 3526
11105 11107
1086 8641
19 21
7228 7260
982 4395
823 1748
7355 9912
455 1965
2469 4064
1259 13571
7050 16978
5145 8115
38 7443
18515 18516
8023 8058
12039 12048
8833 9589
1469 8541
1204 6752
959 990
4848 14383
12310 12330
4410 4439
1589 1628
2119 2171
1086 2652
1321 1371
4327 9235
2083 2118
14352 14354
1260 2634
11508 11511
256 2635
1178 3760
594 1234
856 4451
1591 1607
3095 3337
2009 2031
1167 1659
12470 13448
6457 9389
437 461
9788 9789
6116 8364
142 4265
1969 7456
6513 9632
6421 10607
4302 4312
3267 5969
2516 4143
1111 2084
981 1008
2469 2866
3650 18407
7253 7257
243 878
2078 4674
2610 5450
15415 15416
14298 14428
3447 5433
939 971
6759 6760
8703 8709
3184 6175
7409 7411
17558 17560
2922 2931
8194 8197
1972 7072
7932 10597
1321 8663
6425 13639
1647 1666
6025 12076
724 728
6517 16330
391 6277
18228 18229
4915 7185
211 11674
10300 10337
4905 15146
709 4610
10323 10331
6759 6770
3875 3992
1672 3356
5182 5189
1401 3265
462 4426
467 5975
14341 14342
3715 11858
1622 8622
17 7041
2342 5822
6790 6796
660 671
7451 7454
303 3974
985 6972
1735 4041
4601 8018
1965 7464
1246 6277
2063 2069
4999 5008
1581 11296
13391 13405
2227 4047
1405 6570
2515 14171
4017 6080
3699 12956
2974 3099
5396 5409
8783 13992
1995 2061
331 357
877 4152
6417 8934
13 61
2665 10121
1012 12147
588 4540
18319 18322
3393 3406
412 9105
8774 10940
4496 16873
955 1134
876 2316
7992 13169
4824 4841
5103 13577
1214 1222
2282 6046
2276 2284
3268 3274
16412 16414
2416 3874
1419 4701
8040 11342
385 3363
8440 8443
1948 2005
1620 4347
996 8020
64 1127
2297 2694
2611 5214
918 999
904 10037
1950 2145
1868 1891
856 4445
10448 10748
9323 9329
325 6602
914 949
2863 6554
9665 10108
2282 7607
858 1667
824 867
3285 7304
6469 16208
9316 9332
2679 5367
437 12692
1395 1487
10869 17015
305 3400
9712 9716
6467 6970
2041 2063
6873 6927
8511 10616
8668 13469
1479 5999
372 458
5116 13249
12069 12082
4305 4542
5357 6203
11271 11274
12 2253
1179 1319
6933 6934
21 1987
4214 6166
2989 6137
984 4915
2882 6208
841 1666
966 6510
2213 11706
2618 5598
8712 8747
4701 6462
1967 13964
2284 4298
899 936
1957 7469
926 5917
5905 5906
1864 6393
1167 6516
1777 2509
1206 1214
285 3947
8747 8751
2469 4061
2125 2269
7014 10224
8771 13991
4800 4840
12326 15593
3242 3628
2087 2100
1689 6103
799 12385
47 85
3908 6294
442 14868
2105 6134
3078 9026
791 1319
4582 4595
4545 12225
2549 2558
1212 4023
1844 3751
4191 4548
13447 13451
2175 10165
1732 4897
13624 16845
931 7672
7674 7678
253 390
1745 7015
9491 10082
11362 13338
7362 15031
3478 7517
3768 4441
3297 4322
5655 5664
398 3964
1264 6387
3387 12658
222 10485
9082 12444
3744 15553
3117 12218
3168 11673
906 1421
584 6757
3133 12097
3442 14899
10326 13323
10915 10922
6210 10962
6290 8629
6513 6525
8 25
2651 8206
3597 5846
4598 4610
2853 13898
1976 4599
10810 10818
87 9676
3405 8633
1649 4423
1241 6267
12027 13680
4856 4869
6231 7667
15749 15751
7968 7981
3363 4092
2147 9230
4784 7237
866 15810
3069 11206
2872 16484
8774 10925
905 1136
253 407
12011 13893
1827 12844
339 3382
1410 6451
4007 6633
9491 12565
255 2801
800 1241
10798 11307
78 5271
1158 1168
1286 10490
1571 6372
4170 6762
255 476
1018 1021
1161 4427
987 5481
325 7615
7467 9229
4736 11919
14038 14047
253 284
490 3959
36 4785
12318 12333
456 11654
901 925
8691 8712
6105 16261
1144 14793
10086 12709
4766 4887
1053 3823
1431 7447
7341 16480
912 927
2671 4221
883 2590
2145 2603
293 5372
2886 4288
3671 9008
7954 15006
9307 9308
2299 7408
7461 7941
6566 8070
970 1979
6888 10899
299 372
3238 13446
1241 14559
9319 9321
4825 4845
13946 13947
5789 15505
2273 2971
1469 6435
13807 13814
3239 5981
1095 10641
303 4394
942 1108
2193 3282
1955 8776
18049 18052
3123 3671
4805 4833
1886 8604
6411 11614
6693 10050
3420 5231
4412 4445
1514 6596
3303 4474
1643 12855
1004 9709
9772 9776
10022 14256
1316 8661
2087 2163
3385 4326
4066 6561
459 9817
17073 17078
16606 16610
3062 5013
4739 11116
7855 15467
1642 3823
2103 9938
1005 6592
228 2756
2614 14968
6795 8067
6048 6317
5107 5161
4423 4438
907 5110
6918 6922
9143 9156
5148 9023
937 7382
5018 9142
406 6677
11926 11927
585 1450
1245 6345
3095 3264
7643 13316
3994 10281
8385 12694
3341 3377
2715 8066
3117 12237
1681 5190
1256 2650
2922 6813
2651 4758
4004 10880
15461 15467
2204 12995
985 7920
10913 10929
4793 4816
1317 1371
1519 1615
1119 3196
3617 18560
5772 13572
13376 13405
247 4055
3712 7037
751 6065
8441 15940
4545 9716
614 873
1987 6004
11385 11395
2303 8401
1660 5921
903 6891
1218 5812
6113 18271
3991 3996
913 984
314 1658
796 817
317 5459
3984 5175
13388 13394
17033 17035
3030 3574
888 4061
164 4891
1425 6604
2031 3337
860 10280
7649 7664
4442 8604
406 7609
1183 1191
240 5885
1260 4464
2271 4325
2619 3864
2671 5444
2546 10409
1038 6031
1784 7394
14403 14547
10915 10933
17029 17030
86 492
1452 1481
5458 6920
7274 10952
1460 3750
1664 3712
12837 12838
391 5448
12379 18548
1327 8670
928 989
11386 11399
1149 3455
2985 5050
5602 9257
10652 13238
17436 17438
2294 4125
294 298
9146 9159
6554 6695
889 2063
8195 8201
5374 14777
1507 3927
2639 6713
6079 8835
3695 5257
6309 10693
1884 6851
6918 6933
1504 11403
823 1731
890 964
389 1721
4109 6267
375 411
6127 6154
17588 17591
10900 10902
911 4390
9804 9809
8386 8392
4224 12251
5195 5755
508 7644
67 6979
2280 2316
2883 6606
1419 2145
3279 13572
2564 2665
5006 5021
9648 15022
2131 6338
1785 5556
2143 14173
14547 14551
2801 5962
4922 14594
11330 11333
6913 6940
6003 11614
2866 3775
6229 8095
3082 8504
3083 12235
894 951
5890 5893
1097 1099
2087 2169
1612 8467
709 7762
635 1719
964 10037
2270 3940
453 5855
15451 15455
7341 16487
5143 9343
6941 6946
627 631
762 3388
3458 3460
14331 14335
709 7758
3403 7478
1172 5247
7218 7220
940 7230
1161 3351
16607 16610
10770 10772
11113 11126
375 941
9963 9969
15957 16793
3114 11790
6463 18237
926 11573
6633 11149
1554 6203
2029 2035
2196 3082
4541 10182
256 13686
12300 12306
5962 7216
1090 2648
10526 10535
4308 5166
7142 14947
6112 10379
3113 4302
4973 9826
119 3891
7871 12748
9228 13734
772 1375
8886 10179
3702 3750
844 9872
8687 8721
5160 6080
8191 8209
1246 3107
7460 8092
1675 3775
10844 10858
349 7604
737 3272
3416 7738
852 9328
2111 4693
2752 2756
16197 16203
883 3823
5493 5495
2144 5241
7962 7972
1521 1526
3972 5868
1319 1352
2106 2111
1185 13532
3935 4314
3713 16599
3705 3766
6571 10700
2621 3306
358 2897
2006 2010
6282 12191
14330 14340
8423 8431
6677 7510
117 5871
2141 7459
1958 2150
808 843
765 1352
6144 6152
811 2068
726 5265
8211 9482
2556 6638
1115 5920
10876 14816
1608 1613
12241 17651
320 4452
900 1884
893 909
1410 1452
355 2695
10832 10849
859 1968
1459 4170
19 5155
268 888
2061 4308
3968 5528
11536 11538
7081 16009
2881 10854
837 841
197 1631
331 6042
9534 14343
3116 6462
5269 5273
4563 4622
1003 5280
539 11822
1197 4967
622 2882
536 3145
1961 2074
2180 9933
195 10546
15458 15459
2630 13627
1742 2493
876 9184
147 369
216 1277
3748 4973
5484 11358
3114 4668
16318 16319
1438 6427
581 4666
5474 14942
2126 2143
10455 14964
17424 17430
848 3288
4895 9781
4004 5424
10655 10657
4736 4837
13148 15451
5050 9721
7905 10145
161 3256
998 7415
3738 5424
6524 6591
2130 2159
5953 8312
1715 7557
876 6901
3348 7270
4110 13133
9189 9205
7590 12890
344 12912
6608 6613
10043 10049
3459 3462
3357 3366
7373 7376
4116 12124
3093 7346
7969 11528
1417 1486
5148 13655
336 5470
2555 2859
2858 5450
12301 12315
4047 9145
10554 17287
10218 12691
404 477
15911 15915
1950 7464
2155 3346
13394 13402
2006 2067
3148 13300
119 6900
2770 4152
9310 9314
10554 15630
7391 7415
2023 2043
2143 4170
11715 16442
2281 2289
3445 8409
6144 6160
13377 13387
905 7476
4888 6427
2273 3420
1466 7481
16738 16740
12594 12602
1298 1442
1260 1648
398 11430
391 9453
1598 2345
2269 2282
2274 8673
284 10759
18133 18139
3092 9012
3694 4777
8711 11025
12304 12322
1282 1296
3660 3667
7403 10160
13848 17118
8294 8298
3348 9104
7549 7569
2031 2053
11668 15446
5877 7408
10093 16401
11670 11918
6111 6119
7704 10666
3524 3549
4410 4481
6959 6962
2526 4893
2488 2523
997 1113
392 417
1164 6483
3864 8363
2682 2695
11023 11919
484 507
6895 6929
5510 5515
6590 6838
1912 1928
11221 11224
458 3954
2489 5520
859 1955
1723 4435
5 40
843 1285
2621 10409
1657 12389
5340 6185
7293 9895
6579 6593
2970 10595
3771 5241
18488 18489
949 7245
1480 13034
1718 10696
990 992
659 672
4318 4700
3712 3751
5002 5745
12673 12674
1719 4235
1870 1906
3064 3666
29 291
10959 10960
7552 7557
4878 7746
369 6280
338 3550
1128 4155
5146 9220
2111 4657
8026 8028
13286 13394
4725 13391
17592 17594
7927 8793
9577 13468
16947 17784
5013 9637
1383 15832
4412 4438
4972 7767
2202 2212
3419 8798
2284 10688
2600 4122
75 8533
1662 1671
7389 7404
12380 12383
1410 10726
16608 16609
3729 3751
289 361
100 4073
826 6897
11804 14550
2526 4315
125 2496
8355 11424
4919 10834
848 3864
1972 1984
8692 8714
6858 16042
3723 7477
3364 5377
11890 16780
10266 14991
3358 3367
1615 7161
8364 12006
3748 11368
2116 2129
268 439
3863 6079
7920 7933
123 8990
3657 6030
16159 16160
16067 16068
826 4041
2583 5847
7018 8928
4026 6560
2431 12828
6054 8529
2284 4315
5332 7671
1951 7474
441 462
8063 16048
11155 11366
1837 1879
13378 13409
8946 8951
132 290
123 10661
6544 6575
10584 10591
955 7422
1740 5372
1851 14027
5350 13183
18186 18190
11889 16788
5464 5474
5413 5493
5823 9233
3075 10903
4141 15705
615 1596
2155 9690
7149 7150
6685 8071
4191 6040
2298 9782
1155 1293
5769 5785
1753 8621
9499 9501
1017 3295
2636 4016
17 1205
8442 16727
5288 7580
281 379
11041 15613
9111 9114
25 2294
594 602
2067 12122
9291 15123
5929 10423
4669 4691
3309 4004
4324 5861
2016 2073
786 1420
5341 9520
659 678
2088 2164
1185 9835
2521 2611
60 2600
2274 6697
1636 2014
5990 13793
9423 10149
4732 7449
664 4997
9755 10878
284 6932
2606 5838
14916 15546
2392 4606
279 6166
4838 17159
5310 8597
5158 9752
8089 9132
7136 14783
2001 2915
1957 1986
6108 11402
2635 4887
12854 14706
1151 4429
1720 1959
289 3371
9316 9327
458 3399
13157 14042
2044 2062
4167 14169
1709 1753
11655 11657
1479 6339
6172 6689
2586 8005
4793 4838
15908 17966
4672 7483
1955 1965
3552 3560
540 13708
6955 6960
1405 4009
19 13019
1606 7261
3965 12037
268 883
240 1356
1322 1340
4784 7257
3416 7737
3200 3203
21 4362
101 8818
2499 2501
2040 2056
6417 7549
1511 6440
7522 10227
5996 12420
1095 2621
2182 7431
847 3350
1078 1468
7 19
4708 4710
3442 6277
454 3257
7053 8640
7388 7425
665 7869
6520 6522
147 159
11409 12182
4789 4844
14401 14410
7247 7249
11801 14548
3556 12311
569 4490
2010 2069
7925 7927
224 1309
1721 10082
9576 13113
1602 3347
8880 12420
3952 6140
4102 9032
3860 14486
2123 11136
469 18386
8988 15196
13725 15827
7735 11166
1045 1203
2298 7613
1582 16834
2869 6644
3344 8933
5050 14525
15286 15295
3348 3410
13396 16206
85 1038
939 1035
255 4436
9479 9775
4709 6313
19 2526
399 4973
3383 5872
14404 14408
937 11818
15389 15391
371 8375
3024 6160
14333 14337
663 12862
10789 14713
3697 3703
4872 11124
2423 2438
6673 7769
330 5867
5977 5990
890 930
3070 17020
412 3259
2636 8495
2150 4326
4082 14488
320 362
272 1171
941 1119
3946 11152
12980 13741
325 1111
1258 7549
8557 9945
4963 6016
48 1559
1253 1259
2311 3998
5285 8337
4798 7231
338 1670
4273 7505
1615 7170
3865 5864
278 319
10140 10141
15231 15232
12828 12843
6912 6922
60 8831
6433 6450
156 6239
7992 13170
1405 8617
4429 4437
2001 2002
2648 2666
701 8126
2252 2275
2403 2404
4905 4907
7328 8028
12314 12323
11799 11806
6368 16811
306 323
2023 2051
713 3632
876 2283
6440 6451
10424 16812
1463 2706
10836 10848
630 3725
11839 11848
3200 3239
229 1803
208 4941
9425 14252
762 3363
2362 10800
4177 10881
7816 7864
3267 3382
2976 6159
5856 6762
3411 9762
2589 5838
1260 1651
1502 10259
1597 6280
304 376
4470 6932
346 11502
6625 6787
8770 8775
998 1131
2120 2134
4585 15114
8324 11409
14541 14545
13378 16190
1701 8778
3218 11569
7480 10420
3451 15236
889 925
1786 7050
197 4257
1608 3297
112 8378
1909 3884
2681 9171
248 6391
1608 1625
747 7654
2983 11000
5770 5821
9807 18027
11715 11717
135 6559
4831 12509
2039 11264
2976 6137
2274 2309
3800 17855
2299 2316
633 3986
164 4314
7857 12354
518 525
9931 10164
1121 4896
1514 3901
1272 1353
4026 5289
147 236
2037 2133
13407 13410
5739 14859
2239 7533
7464 13939
164 7459
4768 8027
2709 4202
2717 9789
1752 1762
3270 17602
7348 16480
13125 13127
2074 2075
2558 8116
2151 4709
9121 9248
8010 8064
8370 9469
2076 7466
7175 7181
980 2521
978 1950
2872 11842
2810 7629
2700 3288
3525 4191
1274 1374
844 9875
3823 3857
12168 12174
4024 6069
825 1643
4686 7479
534 573
1248 1264
538 11838
7797 10632
7473 9584
12425 12431
7384 7402
12162 12172
1677 4407
11904 12705
260 332
4304 8993
284 450
4358 4983
3551 3564
113 128
1953 8033
1718 10889
3187 7354
5427 6284
9592 11980
4789 4823
2680 6325
15414 15421
2392 7393
11100 11123
3781 3843
16621 16623
1079 13872
1098 8440
9364 16260
4895 8973
4843 10913
2674 5440
2359 2440
2202 2225
2480 4395
53 614
895 974
15391 15392
320 5732
14194 14201
245 3932
6345 9203
222 1369
6030 6531
440 3455
12328 12331
437 7231
405 11421
13687 13745
13398 13399
1964 1972
6759 6782
127 161
12630 12637
1955 2999
3398 6934
11391 15591
4952 8444
4760 4844
2870 3931
621 2620
2606 4492
17075 17081
16824 16827
4801 4844
2916 2985
4758 4798
148 4071
1280 1373
7236 7247
914 2036
1422 4235
8500 12257
1858 6277
1234 4370
322 5962
3848 3879
18083 18084
4540 6681
232 6389
1651 4456
2565 2681
937 7397
4686 7837
6399 8835
849 852
165 8792
636 8415
3850 5247
1051 1053
7383 7402
1833 1889
301 2485
4185 13008
4966 8809
468 3824
396 920
11388 11389
6359 9327
9941 9942
3371 6042
5625 6210
2625 6643
7768 16106
12373 12377
4489 12511
889 2053
302 8637
4474 7348
135 3176
6253 10065
3106 5011
1992 2016
3850 3854
4784 7236
255 4778
3943 10260
2031 2863
11640 11641
2012 2256
5365 8826
75 1959
2282 3998
7357 14613
2014 2038
2108 8616
7924 7929
3902 12694
600 3912
4308 5120
3823 3851
2050 2058
15026 16700
360 5949
2160 2162
2515 14167
1984 14418
1518 1628
248 700
1287 1329
3431 7833
4152 7597
1854 1901
8584 14168
1998 2053
26 11297
9186 9746
1979 1985
9450 9468
305 5113
2257 2313
1286 1612
7396 7403
123 4314
6762 7705
11143 14221
11114 11118
117 5247
6786 9349
2362 5481
1721 8876
569 10299
6098 14789
1790 1802
8689 8701
2865 6816
2143 7401
823 861
147 8998
2679 4197
3452 7733
2880 6619
2299 11010
2674 2676
2600 4004
4686 7468
883 4352
11854 16942
5087 14235
829 860
3908 6814
1216 1593
700 3457
11696 14870
2225 8793
2297 4129
568 15734
10147 10153
3530 12577
2925 7616
1326 1330
18641 18654
3407 5755
21 1980
8109 13253
9942 10165
811 3855
1906 5521
14194 14198
7109 14533
9792 9793
531 544
6303 6307
367 9875
123 11379
4585 14423
175 5094
921 1183
751 3776
7473 9583
1027 7769
2282 6353
16253 16805
1243 3908
2284 9527
1117 4798
2682 2707
1255 3200
996 6072
1975 13943
2155 10622
1952 1964
6200 6211
938 2611
7506 11412
8410 9716
6043 7312
15388 15390
2246 12149
3861 3866
7513 7523
4772 5964
1228 3759
2639 7440
2549 4880
1951 8100
1909 14501
5222 6444
18144 18145
5996 6437
2067 5484
4313 4941
11184 11188
9911 9932
16072 17737
3765 12954
197 1523
1288 1300
4167 14168
1199 1546
401 4963
7900 7903
6282 6858
1814 17406
901 932
7668 10524
2257 4302
1996 2037
3346 7472
244 4429
8595 8601
16433 16434
4061 8899
5146 6540
4996 8685
1668 4391
797 17358
367 5464
2041 10170
11738 11741
2546 10407
2085 2154
13803 14028
247 4152
10055 16336
1367 1368
952 993
14480 14482
11818 11827
2937 5973
276 2702
216 1377
683 2883
1410 4887
2148 7470
5831 5838
4694 4708
2625 9100
231 1148
298 338
4410 12451
5874 13066
7258 7259
10692 11704
929 3665
66 6208
4061 5871
905 8101
1164 4371
2142 2144
2931 5088
1679 5671
4755 4802
4117 6643
2106 4703
828 852
1294 1299
1243 1856
1483 1490
5096 12385
210 287
2488 6900
3101 3110
125 157
2924 3358
5160 11596
5436 10475
922 966
9315 9339
315 10637
826 6915
1722 10614
2115 8016
13394 13403
1554 12284
2937 4016
25 6887
14693 14697
2275 2318
2123 7459
6632 10214
1493 10207
2873 7930
1991 1992
5103 13592
11044 11045
10091 13454
1953 1985
1404 11372
2662 8617
7803 7808
7561 13646
7952 14601
888 11975
3350 6804
2290 2296
7341 7367
8355 15295
4823 4869
4952 8797
3671 4574
4727 11122
5067 5077
912 997
4898 9499
3447 9850
3376 7467
2007 12329
256 2609
7154 14567
7731 16098
6879 8528
4218 10541
80 1040
1962 1973
442 1502
7837 13989
3371 15283
7371 7376
630 638
3908 3915
2340 3076
2521 10922
481 509
9321 9325
1737 10879
8193 8201
3030 3795
4665 7453
9801 18372
5096 5127
833 854
4797 16427
123 371
733 4099
1030 11638
2651 9113
1151 1171
1248 1258
6469 13397
4395 6428
2277 2299
3525 4211
339 8068
1161 5302
4566 4575
6834 6839
34 3163
5107 17742
4926 6052
2125 2141
14531 14539
23 2984
3875 5833
11597 11608
210 926
2907 5315
298 6606
1413 1507
9040 9055
5058 17556
865 4434
4302 5450
1993 2021
7236 7237
4438 5194
91 4305
7237 7265
304 362
1984 5146
2424 2431
323 611
489 498
1273 1806
2618 2621
8970 8971
382 3968
899 959
3994 7694
608 613
2711 6618
5564 5568
408 425
7258 16215
6604 8070
3280 3295
8970 11892
2433 2437
2642 8435
867 1153
4161 4432
8850 11329
367 388
255 4747
6625 6774
14341 14348
7956 7958
1425 1466
7385 7406
1452 4410
2131 7459
970 2675
727 732
12303 12323
2652 2660
164 3032
2650 4956
18172 18176
1741 11753
5490 11501
850 1662
12928 12937
2580 3986
4413 14180
2175 2182
1395 1422
144 5784
5389 5401
6427 11216
13609 17385
1592 15029
392 3954
372 11153
115 266
10841 10844
799 1009
588 618
3746 9179
4756 4793
3904 3912
695 1048
2721 5641
594 618
2866 6705
592 2599
358 1021
13821 14030
1246 9668
8706 8721
15 1245
7935 7936
2903 11922
5143 10695
1969 6405
1469 1487
2001 2050
4203 10120
583 588
2006 2036
1503 5946
2488 8782
328 1026
325 13979
5781 5786
2105 6155
1421 1502
12928 12939
9916 10153
4842 7178
12721 12723
7708 12095
11361 14419
8279 8295
4373 13079
3709 8417
837 4433
1090 9704
4886 16268
2291 3875
117 583
3293 5975
8590 10894
1400 1405
1849 1903
382 2971
101 1641
293 3666
13808 13812
325 745
3520 3556
1182 1217
2125 4902
3882 5838
659 680
4233 5014
953 966
5101 9400
13433 13435
15569 15575
4186 4208
841 1645
3671 9016
4574 10156
3356 3387
2469 4065
1094 1487
2409 5912
399 8367
2336 6054
1269 1275
916 11543
351 5009
1166 6519
2751 10254
1460 3416
8383 12119
2287 10704
988 3344
6054 6060
7525 7530
10918 10938
298 363
3748 7117
235 4374
3311 8507
6396 11206
16192 16199
258 978
9323 9328
3060 4487
955 7375
2553 2558
1668 3890
5194 5196
4740 6578
7042 7048
1605 9546
213 1336
2027 11942
2649 9512
2488 5088
4437 4446
7343 7351
336 4315
5651 17462
1507 4026
3369 3389
8016 8028
3177 7191
857 865
3112 7933
346 414
1146 1354
4668 10086
3995 6148
2642 3413
5863 5868
4474 5454
1961 1963
2347 2355
8308 9408
7384 7417
5008 5264
5311 8595
7959 7962
7597 9333
235 5441
505 5827
2278 17752
2045 2908
955 7423
2815 15310
4973 4977
2275 2903
1493 2132
1093 9507
3105 5924
1985 9186
6394 12372
6750 11400
7427 7430
1737 6002
7652 7654
8973 10750
4720 6086
3799 4183
2605 7481
323 5803
1253 7583
348 3958
9813 11803
9729 11656
2635 2681
2947 2949
7382 7408
4199 4916
5877 10936
1954 2134
6678 6695
6905 6937
824 4434
7034 16338
2298 8826
2612 3828
5231 5242
3533 3572
1130 5451
2488 3363
1234 5865
131 9417
8091 9241
9428 11845
6638 11995
14025 14034
253 312
6626 12120
2076 3442
2704 9613
2155 9134
14540 14547
7394 7418
4659 5999
1986 7466
1111 2493
1992 2021
937 7404
1610 1612
1419 2111
3677 3692
1191 2675
982 5973
167 7270
1608 3848
5008 6668
6094 6099
6413 6542
2237 2243
275 14657
206 242
15701 15706
1018 11592
371 407
2593 6838
6140 6143
622 1177
846 1674
1431 16183
900 934
13835 13840
7403 10146
7395 7408
4212 15640
4977 4979
2125 8787
7831 9749
3381 7759
431 8529
2858 9709
1644 4457
3050 8711
2921 6764
6759 6785
16576 16577
9307 9313
1174 6361
28 1554
3471 14582
16763 17008
239 243
4691 6624
2579 9737
539 11825
14029 14045
2694 5364
2099 2135
2556 2591
119 5137
3717 4686
392 458
583 597
2625 3381
4758 6449
2301 2307
4480 4481
2916 4884
1976 1978
10928 10941
7843 13991
7525 7559
11663 13762
4299 11777
10314 10317
131 2873
111 2596
5871 8358
1293 1356
6030 6033
2015 2133
2284 2488
10892 10897
2604 5088
177 186
2496 4318
3211 3219
2280 2283
876 2297
3751 4945
255 4828
10906 10926
3447 6893
12586 12587
12097 12098
747 7660
1219 1222
1893 1903
4302 8897
5123 5126
2488 8537
16482 16487
4368 4370
1984 11127
2065 6992
1954 2102
5747 5749
11755 11756
4004 7254
882 6735
15887 15912
8826 12669
2171 2172
6254 6803
1209 1415
2150 3422
11210 11211
4583 4585
6913 6946
842 963
2621 7443
9636 10687
13424 13435
17391 17393
148 4063
9257 9674
7405 7430
7806 13531
8694 8721
1825 15178
3632 11219
12326 12329
7340 7347
5099 9802
1246 7650
2631 3902
5235 9757
6073 8791
8836 16150
13384 13388
1180 2241
2495 7860
3358 4125
3095 6622
4330 9556
3442 8048
3487 3501
1351 2470
4129 11074
6353 6355
3071 3212
3371 6021
1018 4050
2335 2340
447 3095
5449 6729
12834 12844
2810 5449
6096 6105
3338 3881
6246 12601
3465 3481
7032 12711
244 6171
1976 14427
5225 6435
1624 1625
7179 7362
3034 18304
1504 11396
1960 2176
4895 7601
10034 11944
9795 11791
938 997
860 10283
4876 5960
2642 4887
1410 1446
1664 4649
3280 3291
429 1079
5548 5555
587 1188
2392 7395
2488 2505
3892 4082
12912 12941
1264 5454
2125 2279
946 957
932 997
1024 11060
588 5328
223 239
3735 3875
2894 3136
10842 10848
3064 4191
4848 14385
288 948
1951 8093
1256 3644
136 174
12756 12759
404 826
1662 5199
619 6550
3567 5931
5504 5515
4749 12507
6772 6801
116 6326
2155 4012
6894 6933
2671 10542
363 4382
1169 4152
6933 6935
834 4428
1177 1204
1200 1278
1509 10890
148 1856
80 9679
2446 6188
14949 17319
10923 10928
4672 7462
607 637
3282 6427
420 3664
1450 7598
4066 7932
3090 3106
899 999
5539 12569
2489 6074
2320 9975
2035 2049
234 2767
1592 7669
5145 12888
966 6321
1218 11800
1262 2274
3338 3389
190 1878
3417 5160
228 1308
1468 16475
990 4337
115 4966
2280 13165
7849 12116
9590 11987
12427 13086
2101 2127
116 369
1459 10777
7505 8571
2427 2433
4452 7199
4262 6485
8695 11024
554 4105
1459 10774
10436 10439
5947 16097
3126 9083
4265 9179
13661 13662
266 2626
7549 7566
4418 5158
276 334
2526 2621
3191 11068
3420 4019
209 5954
635 8520
5628 6201
454 12805
3770 3777
2600 3419
5219 13906
14255 17603
127 129
54 3350
14032 14048
5249 5251
6231 7669
450 6920
1405 2709
2608 4005
2603 6428
12506 17158
4514 4520
1920 2731
1412 1506
10 3319
9038 16071
1314 4419
1509 14097
367 9876
2883 3267
4678 4709
5123 10628
404 454
856 875
8937 10599
4473 8014
5184 5190
3348 6643
11313 16175
272 3773
7402 7405
778 9139
10124 14601
360 2125
2939 4017
136 301
9631 9785
2612 2622
6732 8925
253 273
7531 11434
4413 16065
10112 10117
6676 6711
13786 15899
852 871
5073 7455
771 2787
10275 12903
527 736
6109 6113
7403 7430
2428 2440
4212 6303
3861 3874
8571 10262
16063 16065
9123 10703
4300 8783
359 2125
101 5588
8749 8753
6416 6437
882 5718
3071 3901
3560 3565
13982 13987
2672 2678
8355 12092
3010 7131
1260 4458
2992 9186
1475 4504
2590 8364
184 10199
664 966
2143 6756
3071 3108
7311 9751
1666 1670
7378 7464
5671 5672
4798 9394
7921 7930
3462 3474
3485 9837
2799 4415
2921 3187
740 810
7493 10163
2392 7415
3480 3503
2114 2173
18079 18081
7389 7410
3398 6889
2601 10411
8544 10597
5303 15283
6033 12394
2047 2055
1250 6385
6413 7829
1267 1343
2621 7436
2294 2318
402 2106
5346 13611
11395 11406
3445 9501
587 632
2227 4797
3445 3449
4576 4605
1951 2111
3374 3403
365 437
2546 2621
5208 18009
508 11127
18646 18656
1145 1158
17118 17208
4746 6329
2603 2673
6888 6923
7480 12692
2878 4549
7942 10124
3911 4347
938 4854
777 1619
2404 14428
755 878
4854 11304
13443 13451
10147 10163
4213 6266
4488 10610
15438 15439
2509 6306
1988 2007
201 1421
983 2182
7382 7430
8255 14650
7869 10694
13505 16823
394 395
11191 12130
3407 5761
4526 4534
12821 15795
11520 11528
11911 11917
4678 4694
21 1756
1946 1968
6149 6152
5286 8383
96 6696
1200 1335
5990 7797
1835 1877
899 1130
2033 2067
6052 6876
2977 2984
7 2341
921 6653
5110 5158
5474 10217
269 8992
1247 9121
3296 3851
6241 11427
4436 6510
7676 14864
5148 6307
2010 2041
325 3908
8332 8343
6007 9228
1661 4463
3236 3272
2274 3093
6681 6690
1736 3294
38 2751
2007 4832
4666 7033
1723 6898
278 387
13810 13813
2923 7454
1281 1368
2061 5539
8826 13750
15752 15753
602 8422
2526 5088
4076 6172
6336 6990
1266 1330
1089 1096
1418 1445
5877 10921
8396 14149
7389 7427
9590 15980
591 14597
4265 7933
1464 3828
219 1874
256 5855
7929 7931
1737 8204
1740 10141
7223 7252
3902 4334
11523 11528
5301 5309
2293 2308
4466 7455
1353 3477
1774 5555
10854 15526
2613 11394
7388 7402
5033 5075
1742 2440
607 627
340 454
3140 7350
17162 17163
12300 15597
2116 2154
7739 14090
2123 4019
100 4165
4757 11101
6010 8771
4395 12652
1079 4683
1986 8015
567 3683
420 569
109 6914
3407 5724
6837 16170
3243 4005
242 1297
1352 1617
6856 6858
4 1090
4008 10118
2096 2128
312 933
876 3928
6002 6004
966 2273
1391 3763
3890 4007
8984 9461
4318 8760
4836 5303
1234 3156
2496 9478
5301 9371
4784 4861
1950 2112
3389 13764
3666 3670
555 570
5303 15295
3772 3775
1941 2356
2737 2738
2972 8826
4836 12111
834 9725
1949 2115
6289 8314
6165 7335
10444 12296
6063 10626
6908 6939
3145 3150
2681 3826
964 4544
8810 8863
2974 3091
2119 2159
911 957
25 3998
5968 5969
12217 12229
10430 10433
2878 4545
2342 8524
3380 3998
2505 2513
9762 15516
350 2225
3419 6454
1218 1274
11184 12130
894 911
281 335
4116 6025
1090 4377
1114 1122
1784 7417
1756 7053
325 450
10896 15172
4484 6654
2309 9015
3371 10200
281 903
4753 4844
6054 8355
907 991
3749 8430
18526 18531
11366 11967
6614 10523
6897 6913
158 6288
14330 14347
1732 14593
1415 1459
1119 1132
6891 13070
298 1670
6759 6761
1061 4097
8302 8309
13800 13813
2092 2116
2721 5638
5893 5900
331 6065
7474 13967
125 325
1985 2686
1160 1166
1719 4986
901 984
201 1414
4333 5992
9936 9940
867 6313
919 969
1979 1981
1996 1999
990 3911
5955 10046
349 4895
2369 4251
2089 2154
5627 5993
595 2916
6906 6912
596 10567
5960 6111
9534 10811
7573 9471
271 393
949 1115
1243 3932
7931 10597
17702 17704
1966 2052
1121 5191
2148 3375
305 4331
2972 7019
6124 6159
13690 13692
1611 1617
4836 6019
1099 1478
8774 10941
9500 16124
2673 3718
6092 6094
4085 4086
2611 11351
4362 7247
22 2923
4837 12505
1250 7583
3060 9221
262 276
2581 3831
4004 4005
2704 5978
1184 8192
3192 6559
1484 5293
8770 13940
1074 1625
6058 6881
848 2306
8541 8890
466 13722
12177 12182
4814 6025
5134 10419
4749 4786
25 6895
3850 4182
3503 3506
1585 6734
1662 5173
7564 14709
5105 15644
1591 7312
7322 12290
404 439
4578 7762
1650 1667
9426 12842
15 8401
7450 7456
2835 2995
595 624
6427 10732
625 2416
2365 10812
5293 12063
1468 16568
4821 7225
7655 14215
7789 12844
2880 6759
2253 11741
10854 15512
10597 16491
2143 7429
630 1212
5652 5664
5168 6711
2711 2870
148 4065
1880 1888
1903 1910
5169 7822
2286 2299
1212 8116
338 6308
2076 7449
6024 11709
1117 4314
135 3457
1415 1721
109 4324
810 1633
15403 16236
34 430
5959 5969
1851 13157
6749 11728
899 1113
13821 14026
6209 7572
12597 12603
7391 7394
11516 11518
4792 8098
3309 13767
12310 12328
282 8632
1096 1499
1920 3835
4404 4458
1216 1324
402 6028
7900 9480
183 14911
2652 3455
2926 4324
5462 7485
2807 3533
325 3358
2362 7746
2600 2666
140 1245
3995 4733
1109 1971
2642 7459
101 4308
1991 9735
6013 10594
14947 14953
63 5134
2594 10288
3734 10133
2600 4893
3913 3916
1447 1461
2123 4314
2077 2133
322 3393
23 1965
1507 4022
117 2770
1262 3457
123 4889
836 5845
9036 9039
1977 2099
291 323
16061 16063
7248 7253
877 885
2524 9478
3403 9030
2434 2435
6607 7760
2316 3949
1327 8602
1956 7263
2847 5539
16295 17488
2279 15434
7109 14549
1804 4284
7335 7363
990 997
882 4897
9108 14301
2067 12133
2043 11274
4007 6034
473 484
4814 11548
987 3562
986 2240
244 854
10444 12295
2152 3085
2489 8095
237 3885
5241 11072
5374 11343
1844 1895
3085 3647
5461 5471
4821 7233
6968 6971
5462 6010
6820 8189
4191 7046
954 8038
6427 16937
16888 17493
314 327
11192 12092
4475 4497
7312 12431
101 5595
8344 11653
410 530
2125 6242
4922 12986
458 11152
2686 7571
803 804
273 1167
6858 8809
1452 4021
6426 6451
1206 13575
3738 9068
174 9379
2316 8109
1837 1903
1291 1361
3467 4640
360 10432
582 3126
174 3998
223 4475
466 7922
952 966
6744 8804
5116 7820
157 171
2276 7613
6505 10832
631 2599
10922 10938
1723 1751
11405 12313
3824 3835
2151 4676
1506 6638
3416 3452
1736 8639
61 2639
1456 1463
1267 1375
10841 10858
13403 13410
3835 3862
2107 2975
10921 15012
3506 7034
616 2062
2671 2674
1994 2030
8635 9629
2985 3423
1150 4404
13411 13414
7753 16110
3050 8753
10429 13538
994 11832
8626 9284
4501 5208
4307 8628
756 5301
7956 7981
5137 5157
305 4299
7716 7718
5254 5260
3176 3874
1736 2526
963 3243
10480 14711
1451 3265
6099 6458
4688 4814
7395 7424
2177 2183
1269 1373
17836 17839
359 434
4047 5074
1412 3780
4236 6428
1887 2678
2136 12195
9659 9661
5074 9927
2640 5862
1643 5297
3099 3191
1786 4050
4885 5465
4766 4865
17452 17456
2261 7714
492 497
1199 1204
6148 6159
3010 7140
6632 11975
348 4612
2275 2919
1480 8707
1568 1586
8198 17784
3442 9025
970 4672
852 883
5087 15808
87 104
502 9637
1970 8092
1023 5315
285 291
3846 5829
8529 10540
387 10251
1023 4415
7469 11602
3371 5210
4197 4207
8287 8304
15609 15610
1466 4021
201 1435
3140 17484
165 8823
4821 7252
2664 5448
253 414
2383 7752
123 2985
2707 11653
1241 6388
3977 4895
3063 12058
4792 14377
3033 12035
1085 2284
289 11747
7371 7377
1613 4327
10928 10934
12847 12855
564 574
4 201
3809 5433
6516 6874
9815 9842
16188 16197
4409 4688
2869 7254
132 146
10900 14353
3551 3571
8401 11143
509 3148
312 4973
4963 13109
1086 6758
840 1682
4615 14300
10282 13422
17317 17319
1201 6392
482 921
3411 11839
3011 12063
118 166
6279 8063
15655 15656
1028 5098
1523 2935
291 6644
3493 6731
5358 5992
1206 2283
4989 11460
2096 2149
6886 6890
2078 3420
1778 5544
4170 7922
4102 4103
1997 2634
856 1166
255 4758
933 5574
9768 9770
4856 12508
5482 8365
3121 16904
116 3935
1372 2406
12665 12667
3167 11311
866 5212
1958 4362
390 6039
2 4677
289 5944
2601 4855
283 285
7933 16482
772 1319
5049 5204
15911 17963
2331 4395
25 2290
2612 9509
1974 2190
9201 12961
7388 7396
585 1503
9694 10040
2931 2971
3118 4956
13391 13393
358 3219
152 6456
1466 13033
436 449
298 638
13477 13484
3676 11090
2392 7423
125 4895
303 4893
16058 16064
5088 7346
2899 14263
401 1037
17557 17559
2392 4566
12279 14684
305 5231
483 499
3823 3877
5093 15724
1100 1101
17 6413
11405 15592
349 8109
2501 2502
383 1018
3836 5714
6969 6971
7462 7469
201 1395
2922 4896
3212 8178
1751 10744
6996 9919
11115 11123
3525 4218
2657 5448
10034 12181
4605 7410
5374 16595
10301 10303
2238 2264
1115 2004
2111 2615
116 258
11222 11229
112 131
6890 6914
11337 12203
9491 11080
8118 11043
2001 2912
1179 1320
1464 8564
5674 11546
9762 15518
1946 1955
558 560
548 11261
1183 1194
932 990
7397 7428
5888 5904
2113 4129
7837 11999
1264 15883
1946 1978
1277 1368
9541 9543
17240 17241
2277 7602
1117 2587
6119 7589
1086 2274
303 3419
1620 4363
3347 9744
1701 4496
471 9872
857 4417
