14232 16856
3683 10290
17189 18247
1276 8244
6240 8659
7614 16243
4927 9422
7610 13977
8332 15578
7373 14395
1847 18391
2540 11940
400 8788
12429 15381
6233 18766
5427 14590
5476 9652
12975 18452
3269 13885
6826 7634
12009 14287
8852 18233
7345 18396
12452 16694
10296 18315
7560 16863
6443 14653
636 17716
2104 6593
4924 16737
10532 18026
9615 13961
6763 10833
10509 16725
8129 10984
5842 14305
1313 16194
4759 15470
3999 11724
7075 8192
3879 5336
1073 1188
3528 14999
5081 13310
15311 17928
3038 9011
6917 11652
12008 18395
2095 4995
2898 7154
1523 17594
3323 7680
2919 3773
2476 6775
2941 9317
10200 11782
11683 18750
7217 18768
16180 16589
5207 14296
4228 5213
1279 8574
6121 9549
138 11621
7073 18494
1461 6185
6565 8833
4306 17247
2787 11079
1757 9119
2739 18165
1801 16037
2922 17745
6070 7335
8415 11053
1341 15730
2561 6443
13494 14885
15025 16217
8988 9884
5282 6506
8464 15134
8067 16893
5319 9150
8212 10601
8124 16509
10049 11268
4884 13571
3680 17937
9155 15700
2703 14314
4275 14754
791 10521
2741 11155
6 13027
654 18166
7466 9831
3523 16155
5055 7999
4752 10791
5515 11995
7712 16801
2168 13203
6612 15286
11389 12137
4327 6390
3865 11726
1700 9210
11677 15725
748 16507
8922 17904
2052 9696
8997 18653
12298 18258
246 14718
5528 12443
12236 18110
1358 12786
8247 18596
13310 16913
6556 13031
2763 7871
7861 17927
7844 13100
768 6232
1664 12683
3774 4272
5572 16089
1767 2301
3545 9614
13132 17690
15322 18168
7327 8678
11985 16598
3673 10959
877 7219
788 6778
4304 15127
15886 16464
1524 9281
10428 14857
2609 10840
1082 12800
4384 6687
7518 10078
12018 15182
15960 17956
9836 13392
16413 17743
5775 9835
2014 13890
5824 14679
10879 18096
8457 9137
1789 9110
376 15670
7012 14803
989 15143
399 10340
4880 12755
18147 18606
4231 16736
1696 14220
2974 9961
10501 16855
1383 6607
17022 18139
4195 15613
8137 11621
311 10545
5905 7439
3126 8919
5971 18539
2476 2915
2820 12295
410 4171
2543 15786
7802 9003
3485 16578
9103 13254
4199 8172
276 14663
1435 2093
3501 8679
11516 15454
3221 13682
7195 12863
68 3164
4597 9099
3866 12488
4086 10832
7902 10999
2295 10514
14400 15677
991 12424
1447 12651
2887 15982
3885 12010
6904 18522
4083 9949
6616 15986
11642 12349
6616 11010
6856 12607
559 16256
16520 17405
3338 3965
1486 15844
9373 18676
5213 10343
127 12355
6431 9879
14897 18014
12734 13159
237 8921
8909 11659
213 2945
6471 15759
16491 16814
353 5122
6209 11588
13136 16837
705 6962
876 15793
6079 17204
2099 12463
3603 16952
15238 17053
2477 4612
6598 15378
10369 15054
11432 12257
5788 14170
6657 16122
4241 5766
17117 17521
4445 10844
3226 6877
11591 17224
6489 11094
3319 10180
7678 13638
6597 11952
15704 16491
777 9771
5324 17019
6146 11257
5977 8033
2710 18614
2326 12286
