1154 6590
109 2498
420 4490
1796 4513
4737 12509
5941 8993
13840 13842
4128 7475
11761 11763
1581 7263
6311 9145
2604 10401
901 936
2266 3431
8 131
526 532
1330 5913
4276 8379
2717 3168
745 2144
236 6698
14442 14817
5086 10595
216 1146
2927 2930
3502 9831
8815 10756
2252 2310
7969 11508
1122 2123
2165 2989
1396 1441
937 1116
3769 3781
5219 5226
9932 9941
1166 4474
1109 8021
1182 1204
1840 15178
5999 6438
7492 7494
3943 13194
6898 8034
2123 9500
152 2283
57 164
2272 2275
69 1905
2105 6130
8011 8035
1082 1097
10764 14385
236 391
4323 4328
3752 10876
106 144
4313 4929
5213 11305
4497 10468
925 1886
11654 11985
2629 3960
1554 7904
8797 13589
7436 10401
2040 2055
3014 7120
112 418
987 1003
13396 16194
2866 3901
1433 1458
2711 5426
44 6807
882 1669
2604 2607
9038 13478
1000 7907
5066 17556
948 4709
3015 17186
9922 9936
336 1641
8724 8731
2560 5009
4973 5100
3398 6936
11167 11168
638 4430
945 949
255 1266
2298 4966
6922 6929
853 888
2062 3173
118 6458
2488 6933
2111 7476
1091 7447
2279 2304
1955 3423
323 2619
3407 7056
3320 3706
13279 13976
2015 6732
555 560
614 637
11844 15521
598 1200
2357 2381
504 4432
2580 3348
2029 11264
7987 13410
2861 4266
1088 7849
3901 3972
1989 2051
3451 3564
2093 4888
5814 5819
745 6912
3347 4061
15291 15296
7143 9203
464 1408
11972 11973
1762 7753
6146 6156
4064 5377
4486 6506
1608 3885
461 5289
4688 4693
2657 8950
9872 10552
955 7400
5316 14304
5254 8235
9943 9944
2916 4886
4596 7417
474 17110
2073 2146
12310 12327
127 157
6304 11601
12270 12282
3447 5444
3128 4224
9269 11235
4438 4451
2710 3568
3113 9706
4566 4607
898 1911
2551 8602
29 347
7406 7413
112 5137
1736 8641
2593 9209
2202 2213
2720 2732
15469 15473
5001 8604
8022 8039
4489 13031
4675 9913
14541 14546
3420 3427
629 631
1958 2078
2007 6898
78 11102
421 6548
13473 13481
342 404
889 906
2013 2043
12145 12288
3082 3637
2035 11263
6602 9327
336 5300
1428 3243
829 883
16755 16756
120 154
1460 5346
13043 15126
9034 12007
844 5332
9964 9965
75 9417
837 1670
2707 5851
1555 6948
5502 5516
2103 2113
2045 2050
988 5193
5451 8927
2611 4023
466 467
1615 3170
1963 8960
358 981
10832 10834
4725 13409
1736 4307
4301 6282
1404 2494
7702 8461
1214 1599
3726 5235
9941 10937
888 4416
1108 1132
29 1670
3944 11434
3064 3442
1320 1610
2107 4675
2545 3805
4007 4020
4806 9311
1978 1983
4207 6653
2189 6619
6860 13288
391 8450
1276 1279
4775 17159
848 4921
2659 2675
1414 4026
4572 4594
610 8428
1959 1979
390 440
2870 6269
6250 10891
14543 14545
12298 12320
5700 15072
3543 3552
140 9385
