14232 16856
3683 10290
17189 18247
1276 8244
6240 8659
7614 16243
4927 9422
7610 13977
8332 15578
7373 14395
1847 18391
2540 11940
400 8788
12429 15381
6233 18766
5427 14590
5476 9652
12975 18452
3269 13885
6826 7634
12009 14287
8852 18233
7345 18396
12452 16694
10296 18315
7560 16863
6443 14653
636 17716
2104 6593
4924 16737
10532 18026
9615 13961
6763 10833
10509 16725
8129 10984
5842 14305
1313 16194
4759 15470
3999 11724
7075 8192
3879 5336
1073 1188
3528 14999
5081 13310
15311 17928
3038 9011
6917 11652
12008 18395
2095 4995
2898 7154
1523 17594
3323 7680
2919 3773
2476 6775
2941 9317
10200 11782
11683 18750
7217 18768
16180 16589
5207 14296
4228 5213
1279 8574
6121 9549
138 11621
7073 18494
1461 6185
6565 8833
4306 17247
2787 11079
1757 9119
2739 18165
1801 16037
2922 17745
6070 7335
8415 11053
1341 15730
2561 6443
13494 14885
15025 16217
8988 9884
5282 6506
8464 15134
8067 16893
5319 9150
8212 10601
8124 16509
10049 11268
4884 13571
3680 17937
9155 15700
2703 14314
4275 14754
791 10521
2741 11155
6 13027
654 18166
7466 9831
3523 16155
5055 7999
4752 10791
5515 11995
7712 16801
2168 13203
6612 15286
11389 12137
4327 6390
3865 11726
1700 9210
11677 15725
748 16507
8922 17904
2052 9696
8997 18653
12298 18258
246 14718
5528 12443
12236 18110
1358 12786
8247 18596
13310 16913
6556 13031
2763 7871
7861 17927
7844 13100
768 6232
1664 12683
3774 4272
5572 16089
1767 2301
3545 9614
13132 17690
15322 18168
7327 8678
11985 16598
3673 10959
877 7219
788 6778
4304 15127
15886 16464
1524 9281
10428 14857
2609 10840
1082 12800
4384 6687
7518 10078
12018 15182
15960 17956
9836 13392
16413 17743
5775 9835
2014 13890
5824 14679
10879 18096
8457 9137
1789 9110
376 15670
7012 14803
989 15143
399 10340
4880 12755
18147 18606
4231 16736
1696 14220
2974 9961
10501 16855
1383 6607
17022 18139
4195 15613
8137 11621
311 10545
5905 7439
3126 8919
5971 18539
2476 2915
2820 12295
410 4171
2543 15786
7802 9003
3485 16578
9103 13254
4199 8172
276 14663
1435 2093
3501 8679
11516 15454
3221 13682
7195 12863
68 3164
4597 9099
3866 12488
4086 10832
7902 10999
2295 10514
14400 15677
991 12424
1447 12651
2887 15982
3885 12010
6904 18522
4083 9949
6616 15986
11642 12349
6616 11010
6856 12607
559 16256
16520 17405
3338 3965
1486 15844
9373 18676
5213 10343
127 12355
6431 9879
14897 18014
12734 13159
237 8921
8909 11659
213 2945
6471 15759
16491 16814
353 5122
6209 11588
13136 16837
705 6962
876 15793
6079 17204
2099 12463
3603 16952
15238 17053
2477 4612
6598 15378
10369 15054
11432 12257
5788 14170
6657 16122
4241 5766
17117 17521
4445 10844
3226 6877
11591 17224
6489 11094
3319 10180
7678 13638
6597 11952
15704 16491
777 9771
5324 17019
6146 11257
5977 8033
2710 18614
2326 12286
12897 14801
1199 14517
4588 7011
2096 8398
5413 15602
3195 4175
5405 5988
4207 16325
11273 12641
2186 3111
10364 11243
11247 16570
4938 8196
3247 15790
1965 6471
3859 9223
5850 17787
5255 9620
5717 6972
3199 9451
14838 17222
1485 7551
15320 17066
4880 9390
2492 3039
6491 18620
5895 6968
12284 13256
3263 9728
1965 18116
8103 16225
5843 13230
4307 18672
13362 16328
6599 12364
10938 14506
2494 12474
12008 16166
4763 13700
781 8135
6352 16595
6346 8354
2695 11950
762 10589
6754 13416
2116 9974
7664 15675
8814 11106
15165 18317
53 12164
8756 9474
2055 9325
8038 14267
5494 12164
795 3353
661 17909
6982 7744
2454 10887
3623 6771
7111 8727
6289 15371
7257 8089
8102 12388
1226 17392
8291 17154
8146 18491
87 5611
6528 8480
8220 11341
4424 11792
2694 17198
13857 18481
4837 8397
6942 17347
5250 17209
5474 18164
4586 12269
4742 5540
1010 3310
10655 16093
17470 18756
16576 18190
2647 17352
386 4235
10339 12102
951 12763
8828 15017
10501 10991
12537 18133
2101 7755
3079 13833
12631 14698
7228 8489
625 11748
10540 11660
9539 10011
7236 9981
5148 16705
946 2450
7396 17851
13278 18770
10962 14981
10327 16745
8588 13516
442 1881
12062 16966
6835 15580
13601 16709
11247 17113
2753 7724
576 4187
1447 1917
6291 11419
4973 7389
12649 13740
360 10897
2063 5081
3591 7158
5354 10250
12855 17017
2305 16693
1696 12589
11431 13987
5649 10694
15444 17265
9364 16553
10467 11166
993 7834
1322 15464
7453 15725
3873 18268
6631 12920
2146 2275
7256 8705
5656 10326
11341 13475
1304 6548
6859 6906
10864 14244
5967 9186
11442 15294
6028 11965
6202 18711
3259 6061
2174 16572
13031 14842
11728 16865
13618 18545
862 3993
3711 17628
6580 15370
10228 13350
4284 10195
1985 4883
8741 10634
11719 18603
2384 13214
1093 14813
3839 17895
15027 18487
4355 10244
3468 8655
10337 13246
7126 14790
738 16987
7463 13445
1773 15868
6637 15344
12249 18421
4656 7103
4650 11510
10448 10605
4117 7795
8071 9809
18063 18519
12946 13054
9566 13669
16488 17663
8991 14398
12401 13729
7110 14344
2355 17309
17491 18476
2165 17388
3318 11644
10634 15764
14520 18678
9245 15463
6910 10418
1023 16878
9906 10656
11225 16784
6367 17298
5252 12207
6355 13437
3017 8329
8573 11203
8971 13876
249 7314
4444 15561
6809 10770
5724 12798
6518 13260
6394 12006
3346 4975
2583 8951
5596 12877
9734 11672
7479 18226
3376 6890
504 12370
9855 18106
1416 10814
11238 16448
1909 6562
1743 18764
353 2930
2701 13867
2607 13031
1231 16701
9364 12393
9259 10494
8845 17543
3527 16159
1184 11965
8764 9222
5053 12812
6368 10079
3441 15300
2930 18115
10811 14979
15565 18072
2755 16018
1198 10813
7063 7663
3368 17266
2625 17077
13190 14987
2564 10534
3072 6821
10465 13535
108 11750
7865 12111
10176 16744
9848 13659
17388 17984
6014 13300
9187 14056
11877 14124
5255 18410
