1517 1726
1549 1664
706 3565
638 2336
3366 3839
402 1140
3165 3824
65 3858
1971 2146
1240 3126
681 2168
2317 3322
630 1778
2499 3479
2572 2799
62 718
631 1699
3085 3307
2869 3503
1601 1861
61 2153
1711 3096
118 1295
2009 3047
984 3260
1781 3051
2251 3683
255 1508
1261 3239
1191 3339
329 1364
1835 3780
2894 3750
534 1030
225 629
252 3518
19 3482
684 4009
2710 3954
670 2874
80 2917
49 3183
1078 3892
1842 3289
612 3995
1174 3350
270 2399
688 2535
1256 3859
2987 3344
197 1354
2911 3774
3709 3869
1266 2310
2513 2711
996 2811
600 2845
1060 1428
1421 3010
1044 3146
2023 2330
137 1979
1792 3578
1671 3239
61 3641
2092 2989
3644 3737
2500 3807
154 2290
1278 2315
486 617
2211 2901
1138 1891
457 2438
451 1970
1113 2010
854 3558
6 1312
245 3096
2326 3647
357 2017
1283 1898
597 1247
2709 3340
634 3692
1824 3725
178 370
2707 3398
1747 2588
3084 3724
243 1403
1533 2994
3359 4009
858 2047
2556 3270
235 3924
49 824
1340 3769
66 647
1223 3090
781 2316
1489 3282
64 2920
2791 3146
403 1475
1361 2375
227 3734
2155 3723
1082 3945
308 1711
493 3779
912 1177
3142 3605
590 2501
1506 3385
489 3819
2459 3874
462 2852
3688 3693
547 3865
391 649
2641 3956
1031 1887
332 3897
2086 3065
1478 1682
2316 2516
1794 2324
2820 3701
2280 2849
586 1388
859 3558
1338 1433
1767 2994
1101 1991
669 3186
244 1158
800 2149
890 2853
386 3884
303 1176
2245 3016
2073 2658
471 2494
2045 2983
521 906
2857 3019
1704 3413
784 3183
1667 1965
605 3082
3202 3869
829 1312
575 2619
991 3347
1341 2774
1461 3612
2036 2785
2497 2656
1461 1557
719 2150
686 1064
1029 2389
244 792
1778 3289
399 2227
548 2003
609 1075
1366 3752
68 1211
1204 3865
1594 3195
3230 3630
1834 2605
72 2141
2149 2473
1160 2524
1773 3657
720 1365
1506 2691
733 3152
48 2212
2366 2535
1700 2408
861 1248
703 2637
1468 3415
897 2191
1732 2847
50 3484
178 2632
230 714
134 775
1050 2915
1722 3949
380 921
466 984
334 2808
2944 3578
636 3383
2394 2635
2688 3083
306 923
34 3768
1244 3781
290 595
1671 2340
2826 2858
431 1741
2374 2860
659 952
111 2758
247 325
1004 1245
1152 3094
2291 3291
101 326
2738 3429
609 1624
1262 1781
125 786
831 1252
2004 3531
2509 3669
29 2933
612 2673
3021 3135
513 2179
1647 2282
3776 3799
1058 2882
2720 3988
1028 2339
3651 3773
401 590
976 1940
341 2474
1847 3016
2269 3099
2296 3035
1449 3994
990 3557
1032 2593
473 714
2950 3830
3037 3383
94 1881
1796 3698
1312 1798
1642 2530
2232 2641
2437 3720
1531 2820
760 1436
3205 3238
1072 2872
901 3843
2499 2665
42 3260
1394 3820
2774 3985
982 3597
1460 3912
566 2657
164 3951
1917 3341
3 2200
1331 2619
618 2811
498 559
1247 2801
180 3878
2307 2466
371 3799
668 3171
1689 2199
1118 3690
2109 3932
369 3912
968 1292
2574 3116
1659 1971
3394 3595
1776 2165
646 3012
703 1610
981 2066
3011 3210
459 977
686 1710
502 3402
1009 3881
399 2596
1065 2355
592 2463
2410 2629
2165 3515
791 1945
959 2746
119 368
1744 3200
268 2871
3075 3425
218 2062
2205 3332
2542 3714
778 2724
1981 2453
2286 2775
405 3623
3556 3946
2221 2467
543 2670
300 2044
494 1387
1630 3411
996 1998
476 673
217 1736
2389 3898
1542 1885
172 2318
2745 3366
3307 3403
1112 1831
1196 1279
1005 3276
825 2063
2109 3137
1853 1902
3460 3701
3094 3861
2575 3834
86 2805
1016 3359
1014 3974
2235 2940
3250 3587
3116 3358
901 2320
2007 2627
260 2593
1778 2342
278 1986
2336 3977
1858 3349
1417 2545
2814 2911
731 1742
1779 4002
1021 3379
894 2530
2229 3194
1094 1421
427 2462
229 294
2062 3766
1982 3358
472 3440
915 1732
2083 2308
2213 2783
1672 2061
212 3627
2626 3065
3669 3931
1034 2960
885 1653
1228 2987
671 3518
1401 3654
1915 2862
1123 3593
915 3100
1158 1312
752 1002
2051 3788
202 1237
3361 3893
506 1008
1251 1678
2384 2827
1747 1934
261 1766
536 2902
3089 3931
1619 3346
259 1187
1640 2064
1288 3963
206 1528
2249 2910
1177 3734
957 1333
1575 2849
428 2579
3218 3693
522 2055
3107 3122
852 1536
979 3990
2784 2882
2385 2821
312 319
840 3850
470 1960
126 2921
1060 1751
2326 4014
442 455
870 1276
495 3499
1438 2422
149 1893
143 1753
1645 2380
2708 3780
901 3258
1394 1517
63 1929
95 540
832 1423
3337 3666
1347 2631
530 1208
51 2837
1619 1866
264 3819
245 1923
1014 2886
2394 3622
623 3405
931 3005
142 2713
3366 3602
3274 3732
800 2329
594 3420
540 750
2807 4002
301 3051
143 522
752 2960
643 1470
462 3342
1935 3488
272 1100
2234 3791
918 2594
1561 1962
463 2415
893 3676
626 2596
1256 2084
1715 2298
1637 2403
1594 1638
2362 3165
3156 3613
308 1986
1722 2105
2114 3882
3199 3706
1138 1978
378 1755
2322 3246
362 2655
1747 2717
1018 1604
534 2171
1445 2569
2334 3675
917 1218
147 751
88 2361
59 3014
259 2269
1815 3985
232 2042
112 892
2435 2659
37 1352
552 3489
1408 3887
2077 2780
1561 1802
1382 1901
468 2641
1269 3981
216 3233
1126 1969
880 905
101 3087
2321 3012
931 2151
699 1905
279 1600
2423 3874
525 2071
3528 3942
1558 1910
277 2255
2309 3794
1540 3025
672 2394
453 986
1379 3457
342 3501
3254 3808
696 3340
240 3792
49 2534
348 3797
1183 3456
2443 2752
2020 3086
639 879
2512 3791
2758 3823
676 681
728 2094
2194 2921
1505 3200
554 2124
1670 3402
277 675
1095 1239
114 3234
37 1240
845 2892
1838 2467
746 814
623 848
511 3856
826 1646
3863 3962
1882 3611
203 1950
835 3366
1456 3084
3514 3959
585 4037
117 419
1623 3497
3702 3956
1115 3065
2325 3924
1812 2619
240 2155
1693 2989
5 2924
2206 2208
258 3562
666 2103
916 3236
2932 3514
1215 3850
677 1960
130 3695
1517 3537
3452 3739
97 2740
505 1035
761 2083
2635 3042
966 3154
1498 3523
1061 2318
3201 3638
2078 2862
2753 3362
2544 2686
1623 2324
2478 3038
1967 2666
2082 3426
1448 3353
1764 3321
707 3590
391 510
1153 3815
1712 2478
878 1872
466 3487
3563 3627
617 3897
1395 2246
2198 3795
2583 4004
1176 1229
1038 3671
595 3575
196 205
3584 3671
2543 2927
155 874
2826 2981
3206 3326
86 3427
213 3081
2226 2294
1264 2487
2789 3090
2276 3945
1290 2935
3405 3495
150 1516
103 1944
322 1904
980 3067
2372 3961
86 1657
1122 1201
501 3432
1659 3816
1232 1805
1320 3464
119 394
792 1932
2988 3239
3704 3923
333 804
1767 3900
1610 2119
638 1550
1460 1488
995 3916
1139 1640
148 1832
1597 1630
1456 2643
1483 4028
1974 2137
467 716
3213 3546
14 2430
1353 3872
2390 2563
1624 3246
548 3785
1817 2349
580 1974
2192 2708
2432 3727
1613 2850
1096 2723
1182 1954
1411 3433
3473 3675
1112 2716
2559 3938
2525 3950
29 1387
4 2129
359 566
345 2699
1181 3081
3544 3915
2145 3304
8 3248
731 3502
2346 2800
772 1361
209 1880
659 1804
585 1028
309 1221
2353 3021
1050 1948
3212 4014
1410 3157
301 1692
3147 3504
2321 3724
1760 3930
1155 2843
474 2973
3355 3410
409 3917
1548 2589
2855 3050
385 1868
575 775
211 2084
740 3294
605 3106
721 1513
909 2172
1065 2971
1542 1930
1084 2249
1006 2054
16 2106
1278 3100
227 505
2283 2963
2623 2779
163 2973
2184 2687
1095 3523
2276 3184
129 2678
2540 2983
152 3491
152 1626
3185 3584
610 739
1813 3847
1511 2856
540 1920
1426 2755
2046 3996
1353 2512
941 3184
1073 2231
702 2951
1089 1668
546 3510
975 2994
191 1977
1390 2193
1512 1868
2384 3229
3097 3862
2575 3416
1372 1420
2344 3740
2256 2500
271 4036
465 1922
774 3302
1759 2490
2252 3190
688 3536
545 3939
73 2308
577 1680
3000 3537
2169 3185
1768 2403
1142 2124
377 1296
420 3809
2442 3275
1218 4024
442 558
359 1549
2920 2980
1374 2062
2069 2451
1632 2855
1053 3448
259 3005
424 1787
3219 4029
419 3127
423 2302
1713 2085
285 3973
362 3235
845 1942
2068 2898
100 2689
955 2355
1152 3818
650 1756
330 1944
1615 3962
1083 1844
183 1999
686 1292
485 2658
1857 2956
2042 3484
21 1475
604 3818
2661 3429
874 1087
884 2943
3468 3618
417 4017
185 3850
578 3043
638 2170
2627 2981
988 2073
2625 2884
2234 3052
1788 1821
2439 3987
193 3190
3330 3503
663 3330
414 824
2087 3495
2551 3157
309 1369
1748 2527
165 1011
1096 1440
1342 1951
2122 2863
945 3968
1495 2740
30 934
382 3549
226 2266
1508 1926
438 1461
422 2741
502 1771
561 2016
1730 1794
3370 3484
22 941
3644 3936
2699 3153
2029 2980
1516 3164
2745 2851
1643 3865
351 3136
620 3876
145 2909
2755 3593
156 1638
1257 2671
272 3042
124 4020
3310 3973
1659 2816
264 3730
2238 2412
1203 2929
869 1168
847 3840
2392 3540
416 3226
1077 2601
68 1091
926 2282
111 646
1618 2627
2805 3839
1649 2940
2821 3777
450 703
788 2687
3659 3958
22 2448
2026 2477
1236 3936
583 3120
1119 2311
571 1226
2487 3107
1121 2171
3135 3240
1181 3030
153 3527
2249 3101
1334 2163
1687 2795
2769 3718
278 2283
1714 2179
1187 3278
3198 3368
2300 2810
429 2685
223 3577
2919 3528
156 167
1882 2912
556 1006
580 2553
3791 3823
509 3257
26 4037
2169 3831
1271 3892
3850 4010
1245 2924
1447 2334
1200 3814
942 2653
2682 3999
345 1218
1469 2387
145 578
3317 3570
3262 3715
197 2610
1632 3732
707 1598
3917 4011
1366 3046
2110 2356
3626 3650
2855 3079
2895 3721
1000 2155
534 2523
2794 2910
1817 3418
1727 3468
901 2166
225 2730
1674 3020
289 455
1189 2312
1438 2886
329 3340
811 2633
1147 3739
787 2640
870 3445
2212 2605
372 2101
109 789
1339 3018
1963 2972
713 3385
3085 3880
1015 2277
2460 3648
2345 3737
931 2898
1331 2999
387 3984
594 1779
306 2881
245 896
1367 3164
550 2081
24 2368
2974 2980
2909 3768
0 1092
3024 3765
497 3033
2928 3759
348 1862
1932 3534
1192 2409
1134 2960
1100 1994
1344 1633
554 3996
1689 3676
818 2626
2356 2361
904 2891
3523 3812
73 966
389 661
2056 3347
1325 1480
3317 3956
131 1443
1278 3409
580 646
1029 1960
1011 3151
308 376
130 1561
2562 3960
2077 2405
2134 3544
911 2484
131 1547
468 1056
1001 1434
75 364
2061 3956
1057 3100
1234 2124
264 2281
833 3098
985 1418
745 2203
1848 2393
1864 2099
2073 3210
647 735
1096 2931
596 2202
910 1539
3657 3969
1222 2231
391 3471
1100 1501
1107 1355
96 2239
564 2464
372 3074
31 1946
1235 1572
835 1577
1414 1683
373 2082
3097 3863
2449 3652
1383 3477
2587 2999
2576 3992
1531 2876
2990 3187
134 2768
2157 3618
1965 3898
380 507
2892 3080
201 1882
814 2624
1974 3083
2091 3910
1522 3690
1353 1780
214 2821
608 1625
249 2922
1044 3939
868 1182
1553 2771
1271 2087
666 1699
2621 4029
348 1425
1327 2578
1123 2522
1833 2226
986 1777
731 2976
475 3156
2354 3922
2285 3986
62 1471
2397 3752
923 1946
397 878
1235 1941
2528 3834
1310 2215
2439 3577
1680 4020
1414 3944
3543 4013
1420 3657
2034 3599
2873 3749
1518 3187
1281 1663
223 2382
3761 3847
132 1937
1361 1395
2739 3609
1793 2817
2036 2633
3330 3360
1981 2601
2597 3743
731 1780
2190 3302
2998 3930
389 3234
1926 2790
858 3871
486 903
1001 1168
1733 3402
402 420
1145 2190
381 2335
319 394
284 1156
614 2030
1355 3242
3056 3828
444 3998
343 2425
1041 2599
1039 1200
1966 3518
830 3881
706 2885
161 2344
3205 3538
1432 4027
1477 1880
1282 3724
752 3148
1019 2359
381 1108
369 423
334 1136
3394 3815
885 3615
1494 2965
2581 3502
311 1397
1625 1945
1069 2912
765 2981
735 3827
1472 3673
221 1468
329 2328
54 2603
1453 2645
258 2885
544 3949
1386 2478
1437 2297
1547 3198
201 1122
897 2598
1998 2329
2757 2765
1548 2678
564 734
2506 4004
802 2380
1568 2616
1486 2703
644 1075
166 2057
1832 3259
689 1041
1646 2668
306 2440
1865 3667
3277 3958
51 985
1911 2091
321 3127
752 2023
775 2315
1218 2937
3603 3692
2202 3084
2654 2826
3344 3453
873 1185
897 1448
1929 3299
2665 3384
190 710
252 3162
576 3297
1528 2419
621 4003
1796 3575
1222 1392
1336 1361
434 3017
1783 2103
54 2865
2318 3434
1739 3770
1120 3549
1292 2672
3288 3689
2566 2928
2284 2289
213 2865
178 3678
1739 3041
2565 2875
1337 2281
1581 2321
1405 2780
2644 3682
221 783
882 1496
708 2832
2937 3149
1888 3077
489 2140
3505 3978
644 1651
1734 2624
3116 3331
319 966
303 2806
3639 3792
1750 3441
236 3660
2631 3799
520 3466
557 566
2431 2834
782 3548
594 1535
940 2706
1613 1926
3359 3672
2219 3691
882 3265
2052 3749
351 2058
1763 2021
859 870
1810 1979
1262 3065
1184 2733
14 675
2031 2221
1363 2984
372 3086
3449 3549
1598 4027
61 648
64 1218
980 3520
1764 3064
1742 3194
840 2961
293 3084
1396 2982
2234 3743
2996 3822
197 2013
2737 3481
287 705
1217 3074
406 2705
2617 3712
86 3986
328 3250
816 2724
869 4008
2063 3233
1480 2575
2193 2773
125 147
3243 3395
901 1320
520 859
458 3450
1689 4018
2918 3111
2306 3636
796 3410
701 2608
128 2753
359 1660
2032 2847
3246 3418
951 3037
1606 3326
1544 3636
83 1768
2097 3638
315 1836
3415 3977
1342 3404
67 3489
1139 2399
1269 1942
2342 4028
794 3244
3252 3379
702 3339
3503 3658
597 3732
2308 3857
981 2107
148 1807
489 1827
2614 3539
2834 2900
646 1127
2719 3925
1268 2133
2833 4033
1065 2181
3263 3939
214 1477
707 2597
900 1422
3090 3383
56 2930
2573 2950
2370 3124
2762 3373
1661 1873
1085 3108
636 3148
2602 3576
2863 3689
869 2277
233 3847
791 1798
3270 3911
310 1600
1244 1585
71 3475
1416 3501
94 190
2252 3221
22 24
1289 2197
1441 3488
788 1914
58 2941
3691 3768
1413 2113
1722 2800
93 2762
868 1672
1138 3933
237 2024
1163 1246
2584 3501
1057 2341
1155 1761
673 3413
174 3839
126 3758
1540 2381
35 231
85 2764
3314 3565
2145 2352
2592 2802
542 2891
1172 3744
133 3278
2329 3570
895 2239
1238 2516
418 3704
1974 3181
1319 2179
433 983
280 1255
1757 3996
1686 2367
2629 3921
371 836
818 3512
1883 3993
3092 3272
389 599
318 3353
791 3827
2760 3344
1323 1905
436 3062
40 2255
1969 3602
2742 3151
1452 2059
1170 2768
3915 4009
1362 2212
2625 2992
345 1971
1018 4009
3172 3606
2417 2834
1111 1996
789 1209
324 1474
1174 2864
1487 3611
824 3008
653 3989
1688 2117
988 2270
316 3625
421 886
288 2940
2384 3908
1581 1642
1782 3703
2548 3685
896 2120
2105 3960
1264 2669
2097 3069
237 1675
2416 3209
2049 3648
705 998
1611 2457
1321 1910
1313 2809
115 3940
1441 4021
3069 3405
1473 1661
2390 3545
196 3820
2321 3383
633 2202
25 2274
1536 3921
1599 2385
2636 3908
1392 3672
1376 2444
1053 1520
2028 3670
2084 3779
1750 1871
186 891
2234 3281
2154 2821
1625 2310
2271 2796
705 2155
1552 1631
1627 2593
2156 3049
491 2406
1095 1311
378 2081
3355 3444
1899 2212
2216 3604
71 2929
1384 3197
1513 2027
963 2939
2314 3048
1892 2245
1208 2699
827 1466
6 2752
1155 3029
952 2940
76 3062
2361 2742
1300 3463
391 436
374 905
472 3508
61 1446
2059 3133
1479 3412
831 1434
1045 3685
1854 3056
1726 1748
1382 4010
576 2370
99 3093
485 3752
1583 1892
1979 3734
2224 3584
2090 3202
951 2873
1609 3868
741 1990
1202 3809
870 1938
1794 3629
1645 3324
478 3471
465 3948
40 3294
479 2918
566 3650
1711 2267
1534 3114
1158 3415
246 2759
1324 2678
2004 2837
1073 3781
1213 2560
1776 3487
1007 1750
2349 3804
196 3195
3571 3665
1091 3202
1081 3480
406 695
42 1684
106 3691
2062 3331
1498 3188
556 3873
262 3021
2201 3948
882 3087
317 1103
1846 2923
1254 3194
2143 2662
489 3527
1329 2579
960 3972
476 2939
1542 2894
2431 3219
899 1306
754 1375
2168 2325
2627 3229
1697 2790
1367 3515
660 1012
1093 2182
633 2928
978 2153
1488 3084
1530 2169
2534 3262
460 1580
1332 1879
2437 3552
15 3305
952 2303
1049 3594
737 2522
1774 2251
1869 2223
3420 3949
2907 3597
280 898
1393 3535
938 3768
2677 3439
635 1518
1326 2523
739 796
2264 3021
1561 1689
2295 3748
2921 3081
168 3382
762 1834
108 2881
361 2190
165 3043
1654 2221
447 912
212 1184
225 264
1202 3374
132 2562
1449 2996
3541 3978
1251 1520
645 3564
1362 2489
957 4010
161 803
652 2461
765 1615
566 2496
2131 2901
2832 3947
188 2121
864 3219
2312 3479
337 1405
2496 3623
3061 3303
2323 2740
294 1229
502 1468
2854 3625
890 1921
594 1973
493 975
271 1274
65 2320
1740 3720
1207 2063
1762 2786
2094 3194
1304 2158
1097 2093
372 3412
603 3387
2018 2109
2456 3418
441 603
2956 3374
1704 3936
1766 2774
791 3871
2660 3550
424 3626
2126 3751
1713 1813
259 1197
1942 3706
1034 1484
1799 2560
3159 3266
1613 1875
63 1647
1117 2126
70 1491
1672 2770
2210 2883
2324 3446
563 3567
1048 1992
909 3031
598 1055
2217 2320
1966 3081
2219 2726
878 2040
1572 1647
1389 3486
3096 3693
325 359
2578 3147
1677 3441
913 1700
1395 3171
2754 3672
970 1207
903 2641
1037 3977
3346 3928
1675 3911
2209 3604
371 4004
2457 3244
2914 3181
3067 3180
1225 3922
801 1088
3707 3974
844 2393
108 699
463 819
1575 3317
1016 2726
485 3058
2456 3854
1130 3180
1766 3465
2049 2189
1625 4038
2045 3424
3033 3491
1756 1842
1220 3535
2080 3699
32 608
1806 3761
980 1430
1371 3948
2911 3948
2757 2892
712 3466
1606 4036
2899 3786
216 1105
29 1417
638 1273
900 3490
865 1151
1256 3182
129 1893
1247 1681
1326 3853
2737 3203
714 3757
1301 2456
688 1682
1030 2804
2905 3899
884 1482
2558 2796
265 3305
162 1558
463 1350
2671 3980
2823 3855
2244 3689
3303 3642
1127 3136
2527 3340
1983 3669
1962 4021
955 3808
2721 2781
3142 3811
805 3637
2206 2993
246 3518
2102 2295
1783 3059
434 1245
692 2827
854 3570
1168 3445
620 2649
2223 4029
1062 1610
2470 2910
3189 3215
619 1879
2059 3581
1875 2661
1553 2152
2035 3274
633 3801
1471 1969
3598 3722
1298 3402
2550 3070
1727 3673
2551 2973
1856 3312
1290 3936
1162 1293
1562 2216
1853 2782
2343 3446
1344 1772
1303 2229
2257 2993
3695 4022
672 3371
1851 2881
225 633
2754 3557
384 2110
1313 1349
1900 2528
1341 2404
914 1004
1798 2193
850 1149
941 3110
1834 2523
159 775
2822 3384
461 1791
507 3509
263 665
304 889
1463 2350
985 3073
185 1917
711 3759
3165 3699
197 3367
1605 3563
206 2849
3123 3242
1721 3638
2331 3455
1937 2201
753 940
3049 3282
1383 3584
851 3526
271 2738
287 2618
1968 2897
2037 3753
1809 3445
573 1353
462 774
2033 2048
635 2992
2767 3729
3353 3741
1966 3575
4 3789
1187 3613
2667 2983
113 1133
99 2496
962 3038
1085 1372
1628 2851
527 1964
3850 3957
2175 2481
2848 3108
612 2011
1331 2025
446 3020
1077 2267
2686 3737
1068 2215
1130 2045
2129 2999
1063 1907
1612 3272
2626 2764
215 3653
2703 4016
2076 3544
1803 3504
2295 3265
12 89
1519 1538
2890 3706
935 4012
1943 3368
342 1296
414 2797
3296 3352
481 3249
1019 3996
2026 3501
1486 4018
1204 1406
1265 2066
1452 2135
335 358
867 3419
213 3163
2535 3028
2754 3278
1647 3459
819 1795
170 1971
632 3804
508 801
582 3858
727 3619
1423 3579
3235 3906
1918 3046
2428 2805
2791 3381
2727 3606
428 1947
1771 3884
813 3979
1585 3393
941 1919
425 3778
2592 3245
19 1250
1365 2946
1024 2305
2952 3361
1667 1670
2266 3138
1885 3752
2601 3979
153 3787
235 355
1097 1515
2602 3131
205 3872
1465 1946
468 2538
1631 2497
376 2536
690 2402
1061 3801
1176 3071
2504 2622
29 3794
444 665
2185 2528
432 3790
1877 2413
3464 4003
383 3449
2605 3712
700 3559
87 2806
257 1743
1543 1738
837 1367
1131 1617
1539 1799
440 1559
2107 3592
1166 1363
942 1947
2056 3144
710 3768
3338 3610
3404 3794
7 2721
1032 2554
1655 2815
348 1455
1997 3276
198 3018
1525 3113
2641 3383
1424 2454
2002 3235
439 2302
642 1399
1139 3411
1203 2864
813 3069
1239 2683
1862 3877
870 2619
774 3971
141 1071
2415 2883
1289 1976
825 977
1498 2487
3044 3706
2754 3683
1195 3991
911 3645
2840 3356
1269 3514
1519 2276
1185 3464
513 3017
1658 2480
305 3886
2091 3354
1646 3526
735 764
1312 1902
229 2872
849 2057
653 868
980 2490
445 916
1797 1865
1326 3716
470 3573
1472 2060
1341 2007
420 3622
1056 3328
1259 1661
1650 2702
2532 3080
1730 3076
2435 3007
1594 1769
367 375
312 3116
13 1450
127 3359
685 2723
1434 3740
2045 3134
480 1646
203 581
2159 3950
16 428
3100 3642
1648 1819
314 1341
1607 2258
728 2085
42 2772
648 2032
543 3460
3054 3240
1010 1279
3701 3858
2320 2713
1422 2846
974 2217
1302 3018
1714 2932
1685 3837
1446 2439
978 2502
2109 2227
381 1630
3413 3798
2648 3316
95 745
959 1470
1079 1249
1390 1815
2220 2606
752 1934
383 1428
1219 3308
641 3183
459 1438
2101 3519
798 1815
1875 2076
622 4035
895 3410
1088 3871
1774 2190
2837 3425
2071 3116
113 1069
846 2795
1644 2856
2609 3177
393 3670
878 1500
2193 2912
1403 2397
357 600
2129 2343
1890 2562
1903 3362
1942 2666
1991 2099
2729 3513
1946 2771
1629 4006
422 3640
348 3215
2203 3912
944 2832
377 3028
111 2629
1372 1525
129 390
878 1329
172 2684
3297 3900
141 2050
3499 3765
315 2205
1497 1964
215 3746
2191 3309
720 2857
983 3728
1287 2074
1599 1907
1752 3735
698 3009
743 2453
520 2879
444 3846
297 2763
902 2198
3435 4023
270 1761
702 3288
252 318
21 3393
575 1214
1489 3281
926 1281
802 2425
1431 2097
3044 3424
331 424
821 3047
1562 1733
2052 3834
2890 3152
2859 3802
708 3546
546 2600
2441 2602
1680 3371
638 2627
3156 3916
2178 2998
336 913
2196 4015
1819 3975
1449 1783
1287 1403
1495 1868
393 3214
1544 1743
3106 3138
3415 3976
179 3375
1250 2929
360 367
412 3513
27 3613
3109 4014
14 694
2196 3257
2284 3999
583 1555
457 1023
1481 2015
3218 3529
3152 3286
2503 3654
286 1882
1882 3909
2574 2907
134 3618
2619 3670
1407 2377
602 1422
3374 3903
281 1729
4 890
1610 3711
159 2038
1153 2859
1640 4020
1020 1380
450 1776
1019 3138
1608 3996
895 2015
599 2853
677 2902
590 1950
178 3995
1840 3484
2232 3343
2532 2769
1132 3893
831 2964
1241 2781
336 1079
2185 3951
3154 3387
1320 2842
382 1819
2687 3810
1968 2047
1555 3402
2778 3644
2433 2779
2960 3785
3009 3924
239 1263
2212 2740
2544 2839
352 3649
309 2112
3556 3985
1840 2340
909 1842
1778 3555
1944 3100
194 2528
476 2430
2048 3443
1109 3769
1219 1865
1114 2488
1414 2297
1465 3895
3415 3535
161 1671
1928 3439
321 3978
1072 1533
115 764
174 3043
2121 2569
581 2259
691 3558
2368 3625
976 3087
33 614
398 2810
1613 2665
2878 3723
1978 2795
3167 3529
2176 3913
3512 3854
907 3247
497 1483
2568 3197
2053 2999
382 2656
2269 2318
1829 3548
283 2065
1010 1831
3074 3270
2623 3766
312 1142
2987 3816
2582 3333
1016 3615
2161 3399
1649 1727
674 3336
3797 4001
1193 1649
544 1795
1726 2005
734 2213
1331 3011
1753 3720
823 3188
1028 1562
840 3003
203 2254
147 812
3615 3817
3745 3967
1407 2760
447 3973
879 1604
1166 3364
522 2230
1065 1796
321 2566
193 1989
238 3702
624 2692
1704 3040
788 3809
3349 3916
3393 3417
446 1274
332 608
988 1550
730 3416
2708 3038
764 1758
842 1094
1241 2182
2796 3532
2393 3891
608 642
667 945
2232 4027
2182 3135
490 2662
3879 4001
649 2204
39 483
218 1194
3150 3853
668 1422
118 1710
1390 3563
175 2057
948 2595
1752 1921
2256 3233
1040 1268
3390 3709
742 3912
1370 3139
1900 2228
234 1871
1394 3324
3013 3973
523 3364
2051 2262
2929 3945
552 3039
287 2651
238 1457
1091 1627
2819 3260
2671 2771
61 3973
844 2811
686 3756
2423 3752
2 2376
2707 3299
627 1135
917 2373
1864 2512
2701 2915
2258 3774
1037 3331
963 2026
2297 2419
821 970
283 3000
383 3087
287 1820
660 1884
141 2759
270 3430
216 2382
1819 3018
175 2055
1157 2367
608 865
380 1414
766 3092
3066 3671
300 1669
2427 3456
2308 3106
2175 3102
2133 3145
1560 3350
2518 2924
1506 3476
2378 3581
200 2644
1021 2508
490 3823
2601 2703
2229 3959
490 1947
0 1024
2329 3453
1730 3063
72 2700
864 2945
2829 4008
1676 3967
2716 2789
1861 3308
191 3722
99 2755
1564 3469
1135 1231
540 1286
464 1088
452 2540
3569 3701
1443 3738
651 3630
1960 2737
284 1928
2072 2762
1471 3015
570 1162
1122 3050
876 2824
916 2122
812 856
1118 1738
1284 3044
1016 2638
1398 3427
669 1246
7 3964
1040 2864
330 343
1172 2949
225 1739
3272 3704
965 3748
1927 2677
2625 2658
2778 2888
138 2548
480 781
595 2322
647 2839
353 3722
13 3565
2718 3840
3655 3788
2785 2866
144 2661
131 2014
629 2904
2475 3502
863 2095
2365 3188
979 2611
946 1574
398 1993
248 998
520 4028
2185 3414
2229 3845
70 2253
2231 2799
1556 3607
338 2124
512 3331
1869 2497
606 3155
1999 2715
768 1602
2086 2869
2413 3334
248 2208
231 798
77 263
802 1270
751 1892
504 1483
2328 4010
2150 2304
1115 3770
588 4025
2379 2568
750 2663
115 2204
382 2400
992 3095
3656 3917
2802 2916
1609 2556
1817 1910
1556 2121
257 380
403 1957
455 2805
82 3484
3714 3812
3040 3357
3451 3569
814 937
3968 4009
89 3489
1516 2875
2927 3164
2222 3465
1967 2739
839 3175
107 1915
2557 3983
2539 3379
995 2241
1451 3738
708 2459
1649 2381
238 3309
1688 2856
1053 3753
1249 3638
118 3451
653 3489
48 487
599 3153
717 1159
419 3075
3164 3799
1717 2999
1740 2554
209 1726
127 953
2247 2618
1353 2679
51 3447
1539 3004
92 967
1348 3705
1749 3896
1064 2754
942 2135
1617 2818
654 1469
1517 3589
1569 2020
497 975
99 3660
1665 3772
1539 3681
2174 3438
273 1280
1632 4004
3025 3445
706 1219
1313 2587
1350 3916
1216 3458
461 2234
1306 1531
1709 1713
2291 3120
2316 3664
3476 3714
1100 3465
817 842
1462 1642
336 4014
2633 3950
1096 2443
1154 4033
74 2866
3043 3789
2612 2859
3091 3786
217 1491
2401 3436
2037 3899
2357 3903
1577 3314
2173 2476
375 2200
87 2720
707 3555
764 2312
908 2491
624 652
906 1084
1681 2384
2288 2329
415 2681
740 3997
910 3644
16 20
875 1663
2956 3372
427 1525
1604 1775
2996 3225
970 2222
1013 1674
264 3746
2178 3540
1675 2864
868 1001
1204 1912
989 3108
312 1057
265 2593
1245 2834
248 1044
78 3420
1371 1587
990 2334
553 3917
355 825
3391 3810
1908 2252
1171 2000
1419 3802
2834 3982
3229 3910
700 2187
2607 3989
1025 2604
230 819
1399 2476
886 3616
989 3466
1125 2641
464 3908
2471 3235
340 917
146 1211
2008 3295
167 3022
2380 3856
245 1300
2066 2609
117 1801
2734 2951
419 502
2050 3819
2612 3710
1427 3952
914 1671
1190 2833
1878 3143
2211 3942
603 3580
1712 3447
234 687
519 1682
2130 2701
1054 2614
3291 3458
878 2464
1485 3139
2417 3023
627 955
1153 3347
3364 3702
3007 3279
881 3794
1804 1934
2603 3191
1160 1640
1504 1809
834 2207
1364 2649
2642 3047
1576 2267
1966 3732
1576 2917
2561 2975
1092 3463
3043 3806
2197 3975
1716 2888
294 1766
1 2555
3334 3494
269 3037
2521 2698
920 3163
2021 2441
305 477
2244 3422
987 1841
974 1692
1799 2671
617 971
846 1002
3493 3776
940 2653
2605 3850
1615 2197
253 277
1429 2786
675 1835
2607 3272
2441 2491
656 3008
2870 3710
176 985
653 3588
1134 2766
2348 3897
883 2674
1500 3281
2760 2821
1663 4018
2500 3720
1272 1287
2753 3719
2606 3359
800 1740
105 437
88 3499
1209 3218
246 3777
2383 3379
671 3273
2962 3207
1105 1666
1465 3236
632 3817
521 2354
1495 2463
1954 2021
1211 3096
197 1996
1003 1129
1076 2747
93 1369
1249 3216
1488 2467
166 507
87 333
715 3170
1621 3923
22 3707
762 1298
3688 3828
382 3162
471 2245
138 1549
1229 1537
3479 3995
789 2913
3042 3448
1169 3829
218 1498
1415 1671
1115 3075
2758 3707
1098 2460
1661 3222
1719 2171
2629 3197
272 3234
1408 2389
437 2168
1498 1668
2036 2567
135 2600
1557 2909
723 2091
1494 1568
168 310
1298 2608
3383 3564
553 3074
998 1578
1062 1955
91 800
1628 2684
1028 1098
336 3681
642 956
931 1841
1182 1395
632 2471
1597 3039
993 2211
631 1104
1504 1664
1345 3562
1 1709
1084 2718
3409 3819
1422 1718
406 588
940 1355
282 4002
1400 1537
1524 3272
382 3305
3610 3952
76 3753
3101 3986
156 3017
531 3851
1171 3206
637 3090
2392 2988
1609 3417
984 1065
835 4005
787 3743
553 3226
2349 2725
2201 2924
689 2586
98 2384
278 2014
1739 2281
2302 3788
2277 2340
2394 3841
685 3415
1739 2911
22 2119
1196 1954
3392 3880
1646 2841
903 2284
713 1131
344 2408
1818 2640
2223 3313
2300 3344
1947 3023
1355 3311
623 1223
412 1046
65 3029
795 1264
994 2252
1452 2343
1894 2378
1710 2673
50 1306
86 2491
392 1630
554 1283
1706 1976
948 3782
988 1726
309 1371
151 3084
2377 3303
1167 3098
2649 3093
177 2186
1496 1697
2766 3180
2014 2828
2434 3617
2736 3154
1366 4002
2276 3740
754 1057
1308 1463
646 2858
417 1647
258 3027
3226 3617
1050 3268
1739 4020
779 2006
478 1536
1224 1763
896 3939
1293 1477
2136 3444
39 2623
612 3898
2038 3198
2922 3713
1622 3531
1157 1859
2637 3296
56 482
1005 3362
598 1547
2994 3598
448 3518
1384 1586
903 3284
411 2201
1613 1651
130 3262
977 1955
1021 1450
3224 3446
2634 3046
540 3111
2064 2637
291 3783
221 2028
926 3635
454 3910
1010 2048
1955 3738
1107 1733
523 878
432 2872
1248 4019
918 1326
3369 3774
3661 3899
935 3498
1877 3011
257 2147
1948 3406
2775 3548
2361 3579
1800 3394
2295 2807
2055 2902
2300 3058
1841 3176
649 2970
2915 2959
1312 1402
1850 2347
1133 1439
1629 2164
59 3040
97 1466
374 3877
2395 3147
2510 3259
1400 3486
1032 3770
1786 1830
2419 2967
480 734
1217 2208
868 1708
2478 2827
1172 2373
3660 3677
1398 1478
517 1700
1081 2955
2124 3185
656 3918
2426 2783
1855 2287
2382 2645
1486 2894
575 1879
2199 3565
1261 1522
570 1266
444 1200
974 1519
444 1978
2177 2946
31 2770
1034 2730
839 1462
2629 2918
2270 3995
264 1287
968 2550
2346 2854
3772 3993
1319 2565
1811 1899
1850 3402
576 2743
208 1849
2002 3013
916 1570
1972 2835
2766 2770
888 3981
1758 2504
1726 3827
2477 3186
2349 3206
286 1195
2024 3381
912 1527
2387 3656
3072 3405
1267 3033
2409 3830
1099 3610
627 1625
848 1840
801 3605
371 1755
43 149
21 2342
694 1119
847 1793
340 577
2089 2536
1089 1867
1754 2297
825 1697
591 3191
988 2824
818 1311
1041 2310
2881 3965
413 922
1317 2068
1398 2490
1009 3197
192 1333
1908 2451
800 1110
714 3242
3943 4018
816 2667
733 2807
3075 3239
1798 2873
135 1660
2608 4000
676 2900
437 3376
3648 3888
179 1415
1434 3880
1621 2313
535 3236
1354 3449
291 354
203 3234
1010 2745
2212 2815
343 3665
1663 2224
3611 3832
289 1824
1556 3103
2686 3080
405 655
2702 2816
913 1293
1241 1747
1058 3151
1159 2412
181 2318
863 1359
2230 2485
1608 3018
275 2785
3161 3458
3353 3563
196 583
2843 2970
694 1122
770 3375
558 3062
2659 3830
313 1384
1514 2080
1264 2879
2030 2148
624 3122
1751 1953
1098 3173
323 1969
3133 3712
1643 2159
1411 3823
462 2997
2744 2835
2429 2887
377 1763
819 1991
2010 2676
407 2930
753 962
1727 3318
2780 3166
598 1160
2122 2285
1694 2690
1194 1311
51 86
2376 3660
911 2276
2039 3050
695 1521
1276 2418
1421 2246
1003 3136
1128 1324
1123 2994
27 813
1025 3172
2724 3536
496 2949
847 3675
443 3172
65 2610
2415 2714
493 1265
2773 2830
1920 2564
2284 3063
649 3970
631 941
63 2397
1772 3283
966 2155
1442 1745
1445 1790
560 2085
21 945
102 3167
508 1701
331 3919
868 2552
608 1116
770 1999
2408 3249
2208 3826
3499 3771
17 3808
1374 2503
479 794
548 2236
1435 2503
1696 2550
2342 3199
2589 3727
1521 3842
632 3572
175 1098
3496 3781
861 1713
925 2761
1511 3522
24 2345
2694 2854
3205 4005
2953 3827
3182 3796
1677 2556
901 2112
1153 3163
1141 1790
2718 3195
173 844
866 2399
441 2023
2790 2923
332 3284
164 1006
293 3985
920 1513
68 2228
544 2210
2941 3047
1127 2744
391 467
2058 3085
2129 2719
54 3128
1881 2528
968 2608
3150 3702
1470 1997
2889 3045
365 3175
1466 3486
145 3961
1946 3193
2090 3478
606 2845
245 710
610 2913
491 3919
868 3186
1584 2187
546 3230
2774 3897
270 3467
1320 1649
1284 2931
2053 3800
2316 2353
2066 3613
475 2498
1815 2853
3811 3980
1451 3642
2401 2605
188 3174
47 3237
49 681
778 2556
976 3334
1597 3329
2273 2420
955 2898
2694 3779
749 3036
908 2672
3003 3351
78 3936
573 1250
2516 3916
1619 2580
1895 3303
197 917
685 1922
779 3363
1120 1285
1015 4033
2636 3136
2554 3200
2813 3083
603 3333
2203 3643
1985 3044
173 1657
265 1183
1812 3292
1524 3872
4 1785
1880 3263
3064 3650
0 2844
2639 3456
1016 3818
46 1689
1305 2052
243 3583
773 2618
2148 3843
2986 4033
2326 4035
445 1672
393 3012
1479 2345
74 3978
289 526
1490 3638
3019 3776
1219 3437
705 1000
393 1575
2040 2492
531 2825
1556 3676
2304 2362
738 3334
834 3752
2691 2936
272 1149
592 3700
546 3740
1299 3458
1046 2437
539 1195
748 1066
1437 2624
1512 2796
395 2912
1717 3970
518 768
808 1058
2491 3563
2885 3199
2315 3251
1139 2626
86 2242
207 2241
703 1099
770 921
1509 1758
1350 2383
116 1686
165 3497
1031 3176
1137 4007
2123 3218
1056 3167
1770 3703
2943 3648
1668 3064
1383 2316
613 2912
412 2828
288 3712
470 2716
1517 1577
1774 3378
902 2515
342 560
656 2668
149 566
653 3837
474 1010
412 2341
34 3868
1595 1780
2573 2920
232 3807
1012 1166
1608 3086
1240 1253
1803 3929
1503 3736
2756 3994
2305 2636
115 3286
1293 3380
2526 3738
887 1242
3643 3899
271 3317
1421 3636
1667 3293
1228 1244
1126 3790
2479 3852
697 1200
196 2084
191 1035
1942 2099
964 3205
281 1274
625 2687
282 3067
2199 3561
3222 3963
1567 2939
421 2191
1802 1864
1273 3209
97 2486
2934 3045
135 1358
1427 3198
97 3225
1532 3028
837 2032
2379 3402
521 1206
2859 3566
850 1762
429 3734
880 3938
1893 3543
140 3953
408 1140
2962 3407
3709 3712
1754 3310
1989 3244
1016 1763
1854 2049
1978 3826
387 1889
432 3600
1265 1776
1487 2003
459 2279
1515 3803
19 435
208 3439
627 2133
638 2008
2021 2498
204 1861
2113 3374
2236 3470
411 2895
443 807
990 3813
748 1406
409 1873
69 914
352 1087
2035 3745
2232 3874
2447 2643
908 3925
998 1570
1175 1926
2078 3775
250 1103
554 591
1382 2007
1278 3021
696 1609
2607 3047
3292 3757
460 817
854 3127
1148 1264
1095 2603
677 3966
154 1819
1567 2607
1152 1223
711 2082
720 3836
1647 3217
132 2392
410 1531
822 1701
2337 2674
1493 3524
38 1560
335 3565
11 2099
287 3122
1039 2149
1755 2126
240 454
365 3077
850 857
545 2501
2058 3166
1891 2894
660 2627
723 1500
2819 2980
1616 2141
384 1655
3407 3458
1260 1924
524 2416
2447 2906
1481 3319
1268 1760
1635 3697
459 1157
102 796
827 2187
657 3450
1709 1732
2889 3357
1021 1912
1521 2859
599 3174
1105 2006
838 1464
2586 3514
2046 2102
461 514
121 574
2728 3289
1072 1985
1248 2781
1755 2653
1754 2331
1154 2328
2650 4016
716 3252
1620 3691
1255 3534
1124 2474
461 3737
2672 3597
2825 3532
942 1256
132 1920
2166 2933
652 3018
1889 3724
2983 3547
2003 3046
490 2132
3516 3994
1717 1728
2610 3118
902 1930
599 871
128 2665
700 1693
578 1303
1119 3922
1137 3113
284 709
513 932
598 2494
159 237
1052 3200
1725 3749
783 920
2046 3568
1072 3568
944 3513
1214 3603
2224 3020
882 1826
728 2299
1714 1952
3280 3313
1717 2412
1673 3370
1926 3715
955 1276
2503 3064
1051 3811
3307 3551
179 3622
1121 1416
283 2670
735 2830
1011 1047
2210 2945
300 2965
565 1887
1627 3160
2021 3773
2150 2895
1261 3308
608 851
526 3803
2048 3907
1478 2584
900 2602
217 3957
2939 3520
161 1946
1703 1933
752 3123
1446 2807
34 1576
2965 3755
2343 3724
1252 2901
2167 2600
860 2769
1542 3257
3090 3837
1026 2747
1942 3002
492 3712
592 2366
1070 1290
1280 3270
662 1754
1801 2187
721 2267
1305 2880
747 1185
452 3048
3692 3706
50 2145
1473 3617
1506 3499
1152 1737
2171 2524
604 1981
1179 3250
1283 2684
68 1454
801 1209
381 2780
1604 2828
749 2231
871 2014
3047 3535
1969 2461
9 3688
257 1924
2259 3639
529 2062
2080 2340
1896 2964
2121 2382
62 759
1371 3261
887 2830
2650 2751
198 2783
724 3823
2838 4018
1493 2230
1144 1366
336 2885
1270 3320
1424 3685
1107 3959
1353 3797
1695 2516
305 582
147 1747
79 959
660 3997
2634 3288
3452 3783
310 476
710 3501
932 990
1998 2465
1670 3846
514 1590
1791 3395
999 3666
1133 3247
109 1793
754 1525
2228 3764
1403 3775
867 2780
528 2908
573 1989
2560 3152
731 1953
2287 3699
2445 3895
2122 3704
1035 2520
477 1417
70 2359
1336 1358
1077 3128
1056 2261
1610 3002
1280 1762
2361 2409
1151 3956
581 1630
801 1317
1070 3176
2735 3805
186 1151
1194 2073
2275 3232
901 2503
1737 3753
422 530
1389 1712
559 2988
213 499
2495 3832
101 3525
1589 2388
2302 2764
1972 2482
669 1995
2466 3294
825 1356
2416 3254
511 3035
1813 2963
3847 3882
2883 3329
412 3933
219 3476
2368 2452
1373 1976
1140 2204
3522 3888
1644 3585
968 3921
2299 2860
550 2474
1661 2632
3796 3869
2444 3892
2808 3067
2529 3157
3317 4008
78 984
481 3206
527 2612
110 1665
1115 2642
1580 3478
1116 2510
1276 2386
85 2478
779 2869
537 641
2804 3198
1763 2991
497 3089
275 3365
776 2411
968 1236
1360 3634
340 2581
1262 2139
130 2130
2189 2286
1917 3527
745 1207
576 1009
1835 2056
16 1605
1102 1146
519 563
1327 1894
3383 3478
512 3998
2497 3997
958 4012
1757 1959
1181 2268
1530 2148
2126 2722
880 2245
2046 2947
2620 3741
2056 3194
2090 3020
2461 3292
1335 2133
667 3437
2285 3905
493 2209
1226 2496
2269 3409
359 2184
1878 4033
986 1714
1031 1870
666 3973
724 741
1959 3780
981 3166
1362 2164
588 2459
191 2395
355 3339
412 1413
462 1807
1828 3585
1188 2699
825 1981
1978 3520
115 1860
2370 3251
537 4007
297 1096
1353 3130
193 371
5 2892
426 445
1967 3325
129 3907
3383 3454
273 987
726 3619
84 3501
529 1669
1423 2579
2981 3384
3034 3240
1757 3568
731 4030
2570 3491
1285 3375
2547 4011
2207 4036
3207 3453
875 3517
598 1551
2278 2932
3162 3778
259 2356
357 3114
1417 3115
1008 1702
509 3041
1774 3895
123 3617
3084 3098
1686 1874
481 2053
518 3519
131 1301
597 2202
1170 3961
0 2351
1018 1650
1982 3710
323 3703
2713 3762
3322 3966
1508 2991
1012 1585
177 797
1938 2287
1245 1688
63 3182
1863 3517
2102 2704
144 3182
455 3766
252 2027
3238 3390
2767 3176
38 479
872 1304
249 568
3117 3618
2921 3696
707 3800
786 2558
473 1993
1665 2683
274 1922
1559 3346
128 2439
635 2444
639 1721
2476 3418
196 2709
441 1859
274 1409
2238 2767
52 1450
3103 3127
1495 3535
1354 1827
1810 3298
1966 3320
595 993
3031 3374
2541 2604
1291 2311
2241 3425
1396 1943
1135 1938
408 2079
842 3742
519 3957
369 2029
3257 3437
1311 3675
93 3500
650 2311
610 2525
662 3864
908 3364
2168 3287
545 3000
536 2897
10 571
2606 2756
1829 2050
1204 1723
2431 3031
3484 3800
652 723
1491 2271
3301 3606
1177 2099
1651 3683
1577 3499
84 2053
1564 3333
2070 3288
960 2640
3358 3852
2064 2387
52 3863
2324 2504
138 2858
2684 3504
2422 2976
1666 2778
3537 3772
521 2559
1241 3430
1407 3939
715 1875
362 1309
3133 3913
3396 3673
714 3848
2514 2525
1243 3491
9 830
2914 3059
2492 3584
2062 3474
2623 3752
1185 3775
2886 3681
1038 1334
3979 4011
570 632
591 871
504 3289
2215 3622
28 3730
321 2065
1280 3346
1085 1893
1474 3188
3469 3644
204 3987
1378 2673
1671 3835
507 938
2410 3234
55 1005
1188 2501
2851 3643
1314 3878
161 3193
2246 2464
367 2163
3188 3273
3513 3623
1440 2819
3200 3838
2379 3049
591 1939
2770 3615
1300 2445
989 3434
1407 3920
3593 3804
2178 2580
2447 3255
3262 3785
1353 2073
1555 3784
102 2773
653 1114
2355 3786
2942 3583
1847 2638
687 3244
644 3043
112 3547
778 2927
1655 3462
1069 3577
626 3884
587 1740
2366 2452
353 3553
955 3123
1876 3492
812 3633
618 1215
324 3742
1366 3918
1594 3753
1656 1995
1617 3701
568 1872
176 3656
1942 2125
1292 2917
2276 3012
80 654
149 3309
713 2305
1882 2470
1235 2381
423 1950
2828 3019
1900 2580
782 3775
1707 2493
2764 3596
2450 2875
860 950
1226 2220
506 1998
477 1947
2021 2441
2814 3304
338 992
2115 3148
2744 2999
2789 3942
591 971
3560 3827
1265 2381
471 1897
56 3309
651 1942
499 576
538 2175
962 2287
3754 3834
476 2291
252 2617
1808 2184
87 986
2405 2932
1083 2848
1894 3074
848 1946
592 1834
1038 3079
1 3358
1002 1742
1132 1303
345 3098
614 4015
1971 2167
2121 3835
2346 2455
3382 3642
633 1588
2238 3702
963 1634
1451 3735
439 4019
2049 2855
1681 2703
102 3695
1539 2864
1167 3169
504 3026
3354 3812
935 1060
2899 3273
285 1719
456 3462
1196 2203
853 4032
591 3411
1516 3909
1273 3179
996 2361
1762 2996
929 3891
224 2365
2631 2837
99 185
1928 3531
1306 1464
635 1693
1798 2744
2673 3300
1560 3817
256 2868
1565 3427
2352 3734
1021 2826
2130 2234
530 1717
503 2503
804 2372
672 4017
382 396
581 835
1496 2660
1303 2224
1244 1491
1491 2591
65 3830
528 1608
1327 1601
601 3912
1502 2402
3090 3312
227 512
670 3122
473 2887
952 3202
59 2938
164 3684
529 3906
2898 3880
1696 3774
839 3845
1482 3350
399 3756
1051 3727
790 2074
341 373
973 3451
3659 4020
642 3918
2098 2933
2407 2614
1328 2379
3273 3731
2646 3407
602 1349
2865 3395
79 1738
104 3166
3260 3991
345 2964
1417 3492
912 3784
465 1442
292 3194
791 1927
1013 3664
590 2214
3623 3828
1968 2517
1419 3955
2261 3954
1436 3136
1383 3936
1008 1240
2655 3038
1333 1388
1534 1662
844 2321
124 2995
831 1455
301 3248
772 3682
576 2480
1366 3441
504 2263
1872 3969
67 1168
2284 2935
184 2812
620 1142
1274 3416
811 1635
1525 3094
2386 3128
2812 3490
3097 3401
744 1386
3620 3887
1440 2586
625 942
2831 3754
689 3605
3297 3910
1577 3292
435 2885
90 2610
834 1815
1592 3560
2470 3532
258 2898
1443 3546
519 672
3201 3952
665 2543
1522 2398
1080 2105
1040 1934
2929 3981
1485 2844
401 1624
1464 3947
2955 3391
833 1022
1420 3228
554 2290
2279 3249
1413 1717
72 2653
1798 3694
540 1630
1740 3298
704 2880
1160 2307
558 947
1603 3446
969 3278
48 3208
625 694
219 3121
1321 3138
1962 2983
3516 3737
455 2699
2730 3552
1482 2897
67 1173
641 1623
1731 3344
447 1936
984 2115
985 3099
2393 3960
1707 1971
398 564
2314 3059
3329 3392
192 672
2637 3482
1666 2933
735 1321
371 549
3127 3794
1259 2820
1601 2342
1107 3836
1384 3639
745 1078
1076 3247
2311 3272
3714 3881
240 1039
2359 3070
271 642
1228 3887
973 3873
1589 3665
1401 2977
54 889
428 3165
1401 3467
758 1353
476 973
221 1423
391 1093
342 2493
10 2747
1174 3006
154 2068
1926 2290
1727 2458
98 542
1491 1600
51 2073
1722 3802
3499 3529
2727 3170
1147 2005
3082 3235
949 3961
721 3431
498 3741
929 1184
2040 2430
682 2212
1057 1588
2815 3001
159 3259
1772 3700
568 2914
1227 2561
3106 3296
1492 2872
1305 2056
842 1994
1583 4008
2735 3564
1482 3197
2928 3459
887 1122
1780 2019
1151 3537
2332 3218
3446 3970
1404 1882
1604 2533
600 1388
1778 3259
1039 2359
887 1315
348 1984
1978 3035
2087 3598
2505 3227
2070 2704
3129 3570
368 1302
2799 3132
76 1132
833 3989
1592 3208
816 3290
1668 3474
149 3933
1679 3399
371 2332
1490 2421
18 708
3085 3385
2024 3796
1301 1722
692 3643
994 3368
2006 2779
2116 3823
216 3500
1818 2646
1793 2737
331 499
55 1451
2550 3408
1436 2622
2289 3723
513 1740
2789 3630
2864 3646
2825 3901
727 3172
2649 3362
2337 2611
1386 3398
3588 3633
1362 1414
857 3699
568 2436
10 284
906 2896
2320 2437
600 3493
403 1028
449 3586
535 2023
386 2534
1511 2070
1208 3704
1902 2658
2482 2659
2323 3605
699 3121
2789 3383
970 2641
1575 2028
1512 3700
1164 1210
86 560
451 2021
1648 3529
2022 3750
2029 3204
12 3770
1738 2362
3127 3269
1961 2722
1445 1827
213 706
2000 2567
253 796
702 2219
528 1961
1504 3147
818 3387
359 2194
118 3037
1176 3325
3046 3223
396 1609
3596 3887
749 3885
1054 2257
103 1430
252 1849
1217 1611
1633 2594
226 1099
2267 3636
447 3393
804 2540
1152 1510
129 2603
2118 3906
1132 1277
2689 2901
3015 3535
1317 2462
252 1739
1407 3463
1817 2172
259 3414
1249 3615
865 3259
964 2185
2682 3857
2421 3173
1750 3745
1239 2865
2274 2394
297 1196
400 3334
2245 3188
834 3280
408 779
556 2027
805 3825
14 3924
143 3114
1349 1356
867 3253
781 3682
1481 3646
1626 3390
1844 1887
2382 2776
531 977
2187 3068
1651 1652
1900 2364
818 3776
622 2219
1938 2974
2266 2890
1228 2460
106 1880
549 3375
2029 2686
1653 3870
1051 2588
528 855
369 3052
2645 2800
742 972
3909 4012
2067 3674
1804 2609
2712 3117
437 2545
939 3702
910 2423
513 2145
30 2527
251 1321
544 2757
2500 3478
1124 2773
140 2238
748 3793
639 1577
3227 3575
1510 3372
71 2880
314 2277
1817 3487
1311 2577
137 543
1090 3900
625 2395
860 4009
1507 1619
784 2398
454 2544
733 3877
2427 2874
2352 3649
1932 2658
2144 2946
50 1417
765 3376
1107 1925
1396 3981
1273 3377
2540 3484
457 1860
1015 1507
1451 2293
325 3406
2246 2577
332 3961
2783 3746
1326 1627
1982 3861
571 1080
1929 3009
909 2390
102 3811
444 2419
2233 3307
427 1781
1357 2867
2195 3610
280 3206
2283 2679
1233 1995
1213 3568
932 2485
1623 2279
2221 3315
1492 3547
1940 2409
2893 3679
2723 2872
1743 2483
1425 3340
1016 2140
1298 3299
358 610
79 688
1420 2552
2710 3459
1656 2069
1991 3697
232 2987
799 3623
1787 2476
1071 3587
795 3563
1408 1899
314 2778
294 3109
3887 4019
1067 2317
2454 3669
318 2825
1284 1697
1145 2197
961 1655
1030 3311
1181 3576
1699 2424
1070 1408
379 477
315 4038
3697 3736
658 2418
2110 3150
2507 3303
192 3136
400 1182
897 2623
560 3444
2102 2874
339 753
1474 3998
49 1332
1174 1196
1152 2190
1284 2684
421 2359
735 1883
1304 1551
2220 3883
161 3969
2854 2970
420 1914
4032 4033
644 1835
1002 4019
647 739
1360 1520
1682 2446
259 2644
2747 3497
2582 3269
2019 3201
185 1932
54 2887
899 3271
229 1398
887 2076
1510 3345
1589 2642
2849 3972
375 2831
1732 2086
602 3938
1060 2174
1430 2027
311 1983
81 3770
2239 3200
1486 1543
1229 3136
608 1300
692 3922
2871 3950
558 3769
3792 3977
1301 3542
1754 2374
2345 3135
443 3355
1184 1238
3058 3075
34 2958
19 326
1003 1968
2094 3859
219 2735
983 3055
1624 3157
1435 3652
1316 3079
418 1545
1304 2548
1882 2329
1469 1698
181 1930
1288 1787
3357 3860
2752 3788
71 85
1727 3368
424 661
943 1138
64 3069
189 3127
715 1530
901 2966
284 3514
791 1927
1611 3737
892 2911
1570 3302
1207 1252
294 2553
359 2818
77 1298
1227 1355
2535 3802
183 1000
1873 2701
2628 3975
2300 2986
317 2026
730 4026
1125 3121
49 3444
186 376
1095 1935
686 1607
259 1273
504 3706
2276 3898
998 3332
521 2640
708 993
553 3994
1364 2568
1376 2162
132 312
1729 3046
884 1428
1892 3269
1105 1682
328 2092
1078 2224
222 2517
2401 3800
1146 1162
193 2460
1449 2844
443 1219
1241 1977
1826 2366
51 1177
1585 3772
1198 3028
1228 2932
262 3344
1660 2325
823 980
1674 2296
1807 2578
1173 1827
477 3001
1265 2600
235 3246
2764 3170
1490 1884
2079 2428
1419 3101
882 3669
380 1117
1478 3383
2567 3833
2529 3022
1721 3310
2255 3277
16 773
765 3807
12 3648
1367 3837
3803 3975
1438 2867
1821 3283
306 2571
162 3675
3224 3310
1599 3776
14 3170
1584 2074
406 2854
1038 3758
895 2192
901 1990
2852 3131
1183 1747
1354 2766
953 3476
1417 1624
453 2892
2269 2493
3142 3176
3725 3962
1427 3177
946 1044
1479 1914
2237 2867
845 3620
352 511
2730 3534
463 2541
1049 1418
1131 1692
797 3548
837 1960
1947 3807
297 3493
481 2601
2589 3254
2021 3224
2941 3028
984 1717
2682 2836
449 1603
483 3245
0 1468
503 3421
1771 2891
1914 3722
944 1573
1831 2662
2384 2806
1613 2448
1011 1442
1857 3191
1129 1513
3694 3882
1722 4012
513 3480
717 3696
61 588
139 614
516 993
1089 3176
398 976
235 2226
2143 2762
3335 3933
939 3511
2614 3689
928 2002
894 1459
1895 3056
1185 1733
2908 3817
1288 2592
540 3860
1199 2266
775 1318
448 2656
1091 3692
760 1906
201 2618
1444 2817
775 3793
695 741
785 3387
579 3451
632 2611
552 3696
1346 4006
3449 3846
280 3148
1505 3936
2252 3022
1944 3589
1837 3309
973 2497
2633 3758
1354 2465
2877 3869
86 3376
1079 2645
513 2795
988 3405
2333 3378
328 3441
341 987
1046 3017
721 1096
1031 2860
1366 2392
1356 3862
1693 3318
402 737
3434 3735
458 2953
3135 3950
1051 2839
296 462
1379 2465
1142 2231
1027 3845
2298 3071
126 605
1302 1593
3507 3766
1501 2773
814 992
2352 3803
128 353
1310 1907
1100 2984
1828 3559
1363 1859
54 444
601 3150
3241 3488
145 2666
9 598
767 1186
3088 3962
640 1004
777 2133
293 3221
1453 1846
1678 2587
1465 1973
633 981
2103 3826
38 3339
1389 3045
2857 3473
2035 3600
2249 3124
2933 3123
2719 3653
1774 4021
1790 2593
2720 3486
2830 3003
860 3903
442 1729
1802 3188
1338 2276
807 1809
1255 3345
2719 2884
535 3996
1388 2921
976 1848
44 425
3620 3936
2386 3542
1179 1866
767 914
960 2559
950 1267
1481 3910
1362 3039
383 2622
118 362
767 2839
1643 3543
1258 3112
474 3527
16 960
475 2973
1614 2063
298 3736
1025 1405
1867 2397
243 3943
1963 3495
2467 3153
221 2129
1242 3060
1357 2529
3030 3863
26 502
319 1179
892 2899
2869 3197
19 2009
229 2159
2956 3594
3051 3875
1352 1892
1146 2605
663 2206
14 2929
179 2140
105 1255
149 1312
2029 2653
1483 2845
250 3438
1704 3338
1762 1773
746 3980
257 1944
745 3450
2419 3537
130 2686
562 600
696 1142
3163 3296
1746 3834
1033 3105
1784 3754
1156 3627
1029 3846
688 1984
2401 3109
1998 2692
268 562
1024 2626
2539 3990
3434 3785
1352 2014
2495 4022
1235 3445
549 3635
2025 2375
688 3099
549 2451
2119 3466
564 2069
821 1325
2517 3647
3830 3953
1491 3179
3119 3389
447 3026
1825 3556
907 3529
1111 1624
49 3254
838 3922
1486 1682
1548 1707
420 3818
2440 3991
597 1269
2137 2435
1354 2084
3428 3454
871 2142
1167 2325
1306 3729
2629 3150
362 3397
1575 3368
2583 2646
1770 3808
744 3255
603 1597
466 3213
1343 2880
158 1120
553 2638
3400 3975
1276 2168
1110 3113
427 2166
1975 3691
1075 3381
2093 3304
1220 1342
1326 1621
3162 3570
1916 3570
2929 3449
1590 2601
3337 3987
1783 3894
561 852
2287 2379
1046 4032
1607 3506
2312 2595
593 2611
667 879
822 1948
1758 2751
2294 3250
648 1306
781 2296
3431 3710
401 3798
1606 2083
634 1674
586 3038
794 3135
412 1945
724 2928
2100 2434
1867 3540
1761 2946
16 193
3274 3726
1626 3692
1463 2727
263 2686
2229 2384
206 3192
2360 3763
438 2332
1828 2792
501 1350
142 321
2058 2869
796 3366
805 3870
2948 3891
855 1144
2146 2782
2202 3950
2710 3077
2480 3805
1895 3996
932 2769
1766 1893
386 776
807 3759
24 1918
1479 2820
8 1671
2039 3332
1142 2363
476 2004
393 2869
1604 2471
1218 1894
665 3517
1657 2690
575 1706
2619 3506
1689 3013
956 2853
1230 3455
758 2998
2128 4001
462 2634
2044 2746
1318 2607
3364 3720
39 1053
1537 3408
1641 2318
1411 2844
2586 3529
3850 3865
858 2379
1101 3877
1834 3484
2388 3998
1138 2038
2442 3703
1720 3571
1240 2843
851 2010
2618 3509
91 3686
230 487
189 1187
1106 1435
1143 3128
3400 4035
2296 3566
858 1377
1589 3544
31 1836
1543 2067
2981 3174
493 674
1258 2927
1177 1402
343 3696
850 3845
1453 2796
1535 2221
1918 2908
2519 3277
1511 2934
942 3015
118 2093
1882 2987
589 945
3182 3775
375 692
250 371
1186 1703
124 3501
2469 4037
739 2968
2519 3811
1716 3116
1696 2278
912 1589
2661 3003
1766 3399
2263 3006
375 902
1886 3567
1201 4009
538 882
543 1153
