925 1181
784 810
2484 2615
2730 3395
1522 1590
2469 2655
2112 2353
3033 3387
1601 1629
1107 1662
107 1447
2273 2302
1116 1816
423 556
3061 3266
990 3278
1985 2392
1793 1842
1369 1779
958 1468
2392 2430
0 20
580 1374
695 700
1079 1290
2302 2530
1793 1867
428 1210
933 1794
3320 3381
2165 2619
1019 1862
385 507
378 676
1184 1819
2880 2974
409 515
2093 2593
3578 3938
1964 2371
1434 1846
1479 1715
2561 2573
2043 2489
2694 2763
1917 1985
1684 2862
3518 3824
415 558
20 115
0 40
753 819
2835 3387
2234 2303
3024 3225
2153 2302
2150 2408
1926 2612
953 1563
370 431
1076 1644
1940 2151
2927 3400
1101 1191
3464 3612
3448 3944
2697 3373
2121 2244
2109 2409
695 777
362 413
1649 1732
1689 1827
1110 1327
373 566
3442 3678
1250 1367
2299 2564
2309 2340
2131 2576
2128 2333
422 604
2539 2590
957 1298
1281 1751
1500 1634
3437 3536
3082 3344
394 436
3253 3345
2032 2473
444 445
1238 1330
828 880
2243 2603
2564 2646
2190 2376
2109 2521
978 1439
2507 2611
1553 1847
2756 3090
2072 2232
1917 2586
3822 3870
2059 2543
2867 3213
1050 1779
2019 2303
996 1087
3527 3966
364 476
1983 2359
2266 2464
1946 2271
2201 2278
1963 1971
2026 2367
636 678
1136 1174
1017 1845
2169 2183
1538 1662
3035 3416
107 1723
1101 1185
990 2822
2854 3104
1939 2062
1153 1839
1459 1647
3437 3441
142 186
1709 1807
3980 3984
2199 2597
651 1012
2881 3188
2087 2283
1684 3182
3811 3949
2754 2800
366 1446
1984 2020
1142 1464
856 878
2701 3182
1752 1757
2084 2393
1467 1584
376 460
908 1537
3138 3307
2687 3360
1019 1036
2073 2184
2862 3195
1391 1600
1984 2374
428 544
1153 1456
714 789
200 248
1373 1382
2675 2914
2786 3174
2840 3172
2924 3184
431 506
2031 2327
2069 2625
1989 2059
1054 1376
1360 1567
107 914
2233 2520
1473 1654
2363 2428
483 1773
2780 3233
3735 3921
2340 2654
1052 1807
107 1680
1420 1590
2412 2587
1320 1695
2103 2500
2080 2656
204 277
1303 1786
2471 2592
1652 1827
1017 1551
1126 1377
348 473
3587 3920
3219 3369
3005 3302
500 565
2887 3363
2064 2077
1515 1638
2778 2938
2849 3350
473 542
1584 1721
1388 1888
1916 2509
1017 1842
2506 2561
3572 3705
2986 3033
925 1250
959 1359
2054 2194
2864 2985
56 203
3345 3434
370 458
1123 1590
2337 2435
2174 2224
1235 1475
1940 2163
3437 3535
1267 1849
2135 2293
1290 1600
2787 3253
2896 3304
2910 3090
1321 1780
3107 3186
2184 2354
1322 1691
2328 2529
978 1184
1429 1786
1509 1610
1515 1729
3140 3194
1374 1694
2532 2600
1480 1821
2012 2116
1588 1806
3104 3294
2325 2525
947 1399
1302 1746
1080 1210
2414 2478
1068 1238
2730 3264
2356 2526
2007 2240
1404 1636
800 853
2327 2643
1916 2111
2174 2294
3741 3780
2148 2315
1954 2629
993 1753
3593 3680
2354 2550
2863 3201
0 244
1269 1879
1727 1876
745 784
1423 1448
3527 3702
1288 1331
2707 3133
1366 1767
1155 1574
3830 3842
1135 1377
1495 1595
1003 1352
2510 2512
1622 1761
3087 3219
1431 1589
947 1128
1156 1589
2374 2600
2960 3399
2108 2201
2131 2308
505 554
2833 3332
2684 3350
3586 3712
136 2133
2502 2582
1158 1215
915 1881
3437 3566
2117 2215
452 555
422 617
1605 1746
429 466
1107 1861
2696 3001
1043 1045
739 780
2326 2504
947 1765
2123 2551
1995 2171
1229 1432
1332 1549
154 219
1414 1862
2291 2406
3547 3779
1643 1730
2964 3326
1146 1557
1175 1471
3697 3971
2815 2911
1227 1379
896 1432
1978 2049
3274 3353
1345 1347
2676 2839
2028 2372
1529 1778
2054 2241
2756 3364
1107 1302
236 303
1989 2331
3734 3877
2873 2915
2123 2484
1123 1610
2785 3249
107 1748
1082 1764
53 88
2108 2307
2966 3078
504 506
1912 2305
1968 2585
2372 2582
1584 1612
3514 3611
3437 3751
641 1113
767 839
376 450
1047 1267
2078 2108
2104 2339
993 1659
2101 2338
2404 2576
2782 2916
2084 2352
107 1867
1997 2086
3452 3824
1912 2329
3460 3464
748 787
719 823
107 1673
1949 2173
2478 2623
1004 1331
2768 3263
1987 2417
966 1839
3437 3852
3381 3419
640 675
2004 2648
2662 3192
1124 1335
694 842
2445 2526
1017 1184
1936 2193
3076 3396
1600 1891
2973 3330
170 186
1352 1522
396 481
1335 1538
2311 2500
1352 1665
122 325
2187 2543
1937 2015
1919 2627
1327 1540
3026 3257
115 137
1316 1396
1004 1819
373 376
1480 1809
1205 1868
1272 1886
373 669
3151 3312
1736 1888
1516 1746
1684 2942
1281 1582
1718 2127
2071 2174
2336 2343
2750 2897
2296 2416
2212 2507
2011 2627
2347 2468
1074 1173
3136 3187
1165 1641
40 329
1613 1816
431 525
2032 2149
1113 1320
2102 2133
2201 2586
3114 3364
1938 2150
1275 1904
2086 2339
2550 2560
1971 2104
1451 1515
2131 2218
1086 1589
3298 3328
1663 1849
948 1543
2553 2638
3168 3412
2229 2423
2068 2280
2125 2149
3677 3756
1940 2264
1117 1125
2095 2172
2770 3277
2890 3166
903 1733
1132 1291
1274 1866
2239 2509
2698 2910
348 443
1130 1471
2333 2533
3152 3347
927 946
2751 2901
1947 2594
107 1142
3179 3258
2046 2271
1185 1804
2539 2546
3069 3088
2672 2937
481 547
997 1535
107 1277
1426 1578
3739 3892
1983 2590
3214 3312
1989 2083
2786 2873
2266 2329
984 1894
2546 2564
1166 1725
236 248
3833 3906
1559 1772
2235 2598
1947 2279
373 425
2677 3302
2664 2839
2928 3388
1663 1879
1014 1347
1409 1861
1054 1761
1122 1408
2046 2200
2819 3385
2054 2512
2831 2863
3617 3931
1292 1783
2236 2448
461 463
1515 1732
1315 1647
2087 2567
2553 2602
2030 2240
2229 2306
3587 3933
1912 2324
747 809
2982 3283
2026 2384
2061 2633
2187 2617
2004 2494
3225 3287
1656 1666
471 537
2203 2516
2464 2590
2171 2337
1054 1092
3572 3869
520 524
2839 3426
3566 3780
2232 2379
1345 1611
1554 1597
2164 2276
932 1074
2901 3360
1238 1842
1123 1361
1997 2574
2395 2495
705 824
2367 2379
3203 3240
1952 2296
2179 2356
1291 1637
1958 2583
1289 1471
1735 1753
2289 2475
1191 1551
3555 3617
917 1052
1227 1587
2237 2383
1972 1995
1918 1938
1421 1719
1981 2132
1971 2546
1620 1724
2163 2582
2233 2300
2989 3198
392 537
1873 1903
1465 2081
1912 2172
2125 2279
1257 1322
3033 3364
2471 2589
1983 2460
1684 2821
2872 3166
2370 2386
2064 2184
1965 2474
2713 3082
2188 2308
2027 2378
1929 2638
3049 3419
1966 2139
1997 2109
2750 2956
438 556
484 1300
1026 1589
1619 1707
1426 1786
1538 1653
2072 2516
2154 2593
2139 2546
1721 1796
2188 2460
3084 3149
3592 3626
2032 2537
455 466
1029 1346
3603 3828
1979 2462
2087 2149
2398 2649
1608 1714
2231 2411
2361 2523
2110 2652
2190 2550
1142 1549
1214 1377
916 1823
1277 1862
1620 1845
2065 2333
1267 1399
2232 2537
1912 2286
2778 3378
1983 2092
2342 2618
2372 2629
3335 3385
2127 2396
3108 3426
2306 2489
1331 1845
2344 2637
3871 3917
3449 3545
2108 2331
712 782
3038 3274
2819 3313
3721 3741
2174 2325
460 506
224 261
1047 1902
1109 1681
3191 3434
582 600
1968 2006
1919 1998
382 531
2210 2611
1795 1835
1227 1893
2047 2608
1623 1888
1432 1573
2751 2946
2803 3214
3142 3163
1120 1298
719 766
70 230
2149 2151
2910 2920
2172 2520
2786 2928
1122 1318
107 927
1300 1673
1692 1881
1323 1570
3437 3729
1166 1221
914 1247
2784 2848
1741 1826
925 1621
186 331
2410 2449
999 1617
2452 2637
1984 2552
1025 1113
2839 2916
1999 2620
2218 2299
1312 1369
2123 2356
1223 1794
921 1833
747 831
2718 3107
3046 3352
1912 2226
942 1502
107 1228
1981 2161
1943 2409
2386 2477
2038 2512
2133 2174
2306 2646
1267 1447
1621 1800
2395 2408
2216 2408
1012 1320
2294 2458
517 525
1409 1447
2526 2600
1715 1728
2026 2183
2213 2353
188 334
3516 3830
2359 2409
3663 3710
921 1269
1158 1235
1617 1746
3608 3921
1799 1833
1129 1462
2300 2478
2666 2749
1993 2482
916 1643
2807 3123
1522 1735
2340 2624
934 1269
1211 1522
408 561
2084 2427
2063 2446
1047 1146
3521 3710
3437 3725
795 820
3 283
959 1271
2118 2464
1936 2388
3561 3612
107 1282
1131 1472
1947 1954
1989 2543
2153 2384
1277 1790
2323 2575
2944 3433
1146 1352
1086 1250
2384 2589
2993 3029
1006 1156
1199 1789
2800 3078
1025 1853
3097 3302
2395 2602
2103 2220
2218 2543
2196 2372
2233 2484
2109 2542
1488 1823
261 318
1663 1839
211 285
2772 3374
2919 3078
2749 3108
3981 4019
1684 2969
1616 1645
1813 1839
2932 3330
2067 2476
1702 1909
795 829
1291 1622
1426 1655
1221 1504
16 329
1684 3319
3755 3830
2047 2503
2491 2616
1459 1591
1255 1805
226 333
3750 3756
1003 1390
2943 3293
484 1694
2683 2890
2671 3077
2597 2609
483 580
3291 3355
2268 2512
3030 3084
1209 1735
1017 1250
2991 3106
1365 1584
2384 2434
919 1732
1997 2088
1577 2629
1406 1495
2742 3316
2769 2978
2398 2419
2007 2567
2042 2087
1214 1911
1049 1589
1324 1661
916 1735
483 933
1405 1846
489 535
2026 2161
500 651
2139 2624
1959 2501
2194 2285
1683 1823
739 797
2111 2543
2213 2593
523 570
992 1787
2200 2410
1520 1791
2546 2554
1623 1867
1242 1789
1984 2253
2128 2544
1610 1613
2128 2629
3998 4023
132 134
1669 1741
1358 1694
2054 2458
2241 2279
62 170
3455 3521
1290 1522
1370 1833
1938 2090
3718 3793
2116 2645
1083 1833
1021 1691
2123 2539
3526 3850
2331 2418
2083 2095
2046 2495
3633 3873
1591 1764
2961 3098
1643 1799
3860 3966
2190 2237
579 622
2711 2951
3437 3835
2370 2638
1431 1584
2279 2479
1684 3338
2669 2909
925 1714
2229 2561
2110 2328
1146 1160
1684 3139
2756 2981
1024 1816
967 1054
376 570
2203 2223
1718 2224
2131 2579
2108 2154
2290 2492
2354 2477
580 1844
2033 2460
2874 3433
2354 2356
2093 2150
393 501
120 136
1051 1260
1289 1547
3458 3584
2009 2647
2124 2638
2698 2749
5 235
1912 2091
3462 3672
1612 1675
2698 3104
1331 1804
2102 2610
1431 1604
1721 1750
2564 2615
2071 2511
1390 1447
1100 1859
2334 2339
864 893
1912 2551
2717 3348
1428 1904
370 432
1610 1886
1056 1124
2273 2343
2071 2102
1985 2601
438 506
946 1750
967 1175
2869 2991
2046 2590
1917 2165
2030 2200
2708 3397
1535 1793
2927 3234
1929 1971
1948 2609
3275 3318
967 1622
1049 1659
2210 2348
1242 1867
1553 1579
953 1117
98 291
3705 3763
2536 2611
1249 1756
2177 2328
3319 3344
1256 1488
3437 3794
2763 2915
2702 3219
916 972
3572 3822
2244 2308
1912 2608
2054 2196
1539 1683
2755 3195
1180 1879
1989 2112
1454 1894
2966 3237
688 713
1082 1227
3460 3945
1130 1863
3462 3762
2717 2986
1104 1473
2241 2582
1984 2543
2222 2652
3233 3244
1710 1827
2069 2586
2063 2261
3539 3724
1014 1875
2742 3188
2327 2510
2083 2172
3452 3891
2233 2489
3168 3346
1972 2061
2773 3040
2750 2839
1029 1663
580 1744
2025 2658
2266 2526
2526 2655
2500 2615
1226 1482
348 424
1557 1746
0 252
1290 1352
2754 2944
2716 3002
1730 1737
1173 1388
2089 2440
483 1012
3554 3794
1925 1966
1131 1304
423 513
2370 2556
1367 1488
902 981
2043 2433
2715 2787
1534 1642
1017 1416
949 1052
1006 1336
2718 3418
1021 1129
1849 1864
221 285
1420 1795
1793 1796
2349 2426
1539 1839
2081 2328
3240 3342
2174 2511
969 1729
1277 1292
3100 3366
2020 2112
2327 2415
1003 1523
2920 3226
1221 1903
1684 2686
1132 1211
2199 2530
2423 2539
1539 1819
2892 3207
1998 2159
2828 2936
3321 3365
1963 2393
369 518
2083 2619
2005 2059
2777 3108
916 1754
3517 3577
361 568
902 1576
1086 1679
1011 1624
2724 2737
2292 2465
2009 2657
1684 2835
1935 1973
3437 3475
1202 1253
1984 2266
2410 2551
2188 2290
885 887
3197 3216
3082 3201
697 818
3557 3731
1359 1772
1914 1927
726 845
1508 1824
1267 1833
1652 1712
3025 3123
2960 3426
1984 2213
2111 2199
2165 2266
2687 3013
1082 1873
1941 2370
1940 2250
3209 3212
3438 3533
2688 2903
1784 1787
1707 1888
1107 1683
2172 2369
696 773
107 981
2059 2261
1918 1946
3010 3104
482 515
1250 1597
2033 2489
1207 1380
1522 1765
1921 2297
3401 3427
3101 3419
1966 2309
1841 1862
2064 2460
2324 2368
2199 2582
2981 3400
3980 4017
2945 2960
3480 3667
1714 1888
373 475
2351 2597
2815 3304
1107 1620
941 1502
2259 2598
2851 3229
1092 1761
2329 2574
1221 1596
3687 3804
2386 2561
1912 2587
2279 2567
2754 2956
2028 2196
1219 1551
600 632
436 525
2959 3318
2909 3303
2005 2124
3318 3325
1129 1298
3574 3576
1353 1357
599 640
3000 3387
1472 1630
3604 3913
3437 3726
3330 3404
993 1491
1079 1734
1684 3351
2482 2619
747 783
2667 3050
938 1216
497 500
2862 3324
1684 2995
1280 1509
964 1876
2679 2929
1966 2386
1238 1456
2019 2037
1121 1189
2072 2096
2002 2598
1467 1735
1014 1204
952 1663
1086 1391
1914 2657
953 1610
1642 2999
978 1047
705 731
2134 2385
1926 2235
2526 2552
2353 2550
26 118
1983 2369
515 614
2095 2112
107 905
3198 3291
3548 3908
1938 2376
2268 2588
2663 3090
1943 2078
1185 1659
1929 1983
1480 1758
3225 3403
1048 1717
2131 2543
2966 3047
1014 1636
3326 3342
1330 1623
896 1859
1912 2105
2751 2772
2323 2331
1067 1081
2088 2507
1335 1746
2410 2428
1912 2199
2187 2377
1758 2764
1864 1888
2575 2655
901 1363
1076 1399
1983 2074
1189 1482
738 760
1561 1702
1622 1795
2264 2592
3683 3790
1472 1650
3437 3806
3293 3348
1946 2560
3437 3863
2029 2637
1003 1888
1775 1845
2546 2654
1074 1522
391 483
2369 2575
2297 2337
503 526
2738 3400
636 680
2742 2770
1966 1986
1230 1721
2866 3142
3241 3410
2878 2904
943 1308
2331 2386
107 1059
3703 3938
1714 1796
583 615
2203 2509
2384 2509
1515 1591
2020 2253
830 853
2240 2549
2002 2153
2552 2561
3584 3690
107 1549
492 606
2348 2549
2093 2164
896 1350
2970 3070
1979 2253
703 824
2717 3065
3114 3231
693 726
1968 2633
2216 2370
1140 1666
2005 2407
2864 3324
1198 1757
1370 1447
3684 3736
979 1499
1010 1770
1962 2073
2989 3240
1684 3024
1684 3421
1917 2290
3712 3938
2304 2368
2275 2376
1929 2142
2731 2890
3499 3825
3577 3948
1230 1689
946 1717
26 133
1041 1831
2302 2384
1062 1435
1117 1255
988 1298
2093 2218
1839 1845
1590 1765
2339 2630
2782 3174
1505 1534
1341 1351
2093 2220
1984 2492
2020 2381
1478 1910
2979 3081
2306 2354
2042 2544
3567 3917
896 1873
3386 3403
2073 2578
1547 1816
1348 1630
1984 2607
1971 2552
2070 2488
2176 2603
2140 2324
1916 2498
1048 1589
697 701
56 66
2088 2154
2793 2849
2043 2500
1622 1730
1235 1277
2706 3056
1340 1888
2142 2559
2112 2271
2190 2560
2266 2500
2937 3406
2410 2469
2551 2600
2045 2140
2129 2614
1938 2559
2068 2567
2376 2542
376 412
2764 3222
3324 3426
2154 2602
2183 2617
3643 3855
1192 1872
414 423
1985 2179
1255 1757
2999 3361
2054 2589
2038 2072
1269 1750
2223 2336
1501 1851
2188 2579
53 242
1452 1468
2904 3291
1735 1804
2071 2137
3096 3098
1912 2277
2680 2877
1303 1894
1783 1786
2338 2344
2711 2989
1125 1256
2054 2273
997 1835
107 1664
252 280
1373 1742
946 1782
2698 2911
1128 1799
2882 3027
3145 3274
2822 3164
2674 3201
2151 2187
1281 1742
461 559
3533 3795
1227 1591
41 111
417 560
431 566
592 666
2244 2467
2920 2940
1379 1475
2940 3348
2081 2588
3018 3100
2867 3098
422 653
3076 3258
197 272
2147 2575
713 827
3506 3711
2874 3158
2912 2927
2746 3363
60 158
1472 1876
1624 1783
484 560
1006 1665
1331 1809
1189 1311
2539 2604
3584 3768
3355 3434
2201 2554
3722 3921
2154 2307
2781 3425
1221 1229
1971 2059
2117 2254
1941 2590
2862 3286
732 818
906 1205
1250 1888
2828 3344
2478 2586
974 1236
2314 2397
1104 1322
1198 1752
715 814
3615 3776
2233 2343
1912 2575
2543 2578
1863 1911
1164 1600
1091 1752
2720 3017
2004 2337
2086 2240
1929 2309
984 1661
2354 2607
178 272
2446 2638
3554 3752
1238 1613
2215 2292
3160 3397
2906 3220
2095 2624
1334 1551
425 456
1960 2152
997 1809
2191 2436
2512 2629
2118 2276
1359 1402
3023 3213
2863 3151
2095 2220
107 1901
2334 2393
2157 2225
2450 2614
1912 2410
2266 2290
3201 3347
1618 1718
2290 2590
1079 1199
946 1375
1391 1665
2411 2474
2183 2567
1604 1768
3070 3106
3667 3968
953 1520
809 817
3653 3720
2102 2616
517 1095
2778 2853
2563 2654
1296 1529
2095 2504
26 280
1048 1110
1331 1589
1539 1789
2266 2275
1524 1688
107 1417
1509 1774
2206 2392
1600 1609
1912 2173
984 1099
2954 3279
2236 2341
353 400
2669 3348
1964 2608
2206 2299
1925 2521
3070 3152
2526 2604
2928 3056
373 553
3842 3877
2939 3049
1179 1300
2750 2872
2247 2461
2955 3337
419 469
2149 2547
1625 1878
1179 1631
616 631
1931 2061
2118 2300
2347 2451
2796 2936
1047 1330
2332 2509
1079 1600
2989 3386
2095 2591
2839 3174
2574 2631
1684 3390
1059 1867
1971 2374
2335 2497
1502 1783
2261 2601
1156 1271
2960 3033
2309 2575
2485 2539
107 1042
2086 2607
1060 1204
3052 3286
2749 3142
280 332
1976 1991
3102 3152
1236 1536
1985 2395
2326 2564
107 1602
1925 2464
2702 3027
2140 2654
2059 2646
2419 2510
2030 2520
1422 1808
1610 1809
2235 2333
1997 2257
1467 1823
1227 1292
1925 2275
1912 2413
3705 3869
1981 2280
993 1730
1012 1778
1126 1821
2165 2275
2399 2555
566 1630
2117 2135
975 1404
1429 1526
1109 1311
400 503
2005 2253
1769 1845
773 780
3528 3681
2104 2165
2742 3265
967 1589
2093 2410
2062 2603
1330 1821
1398 1799
3267 3351
703 765
592 654
1621 1689
1170 1783
1719 1825
1684 3376
2104 2136
3443 3738
797 808
1184 1653
2921 3249
643 670
3070 3146
1123 1271
1977 2566
2090 2237
3633 3938
1971 2607
3575 3672
966 1547
93 111
2193 2656
1964 2453
2026 2191
408 444
1647 1655
2091 2160
2143 2627
2602 2624
1184 1662
2219 2406
1146 1757
2003 2434
2471 2473
2215 2267
1721 1888
804 856
2986 3073
1431 1689
2028 2054
3087 3369
2878 3049
2149 2279
107 1590
1100 1158
1559 1689
2078 2407
56 291
2045 2553
2410 2553
1577 2298
2206 2275
1255 1559
1124 1589
1142 1294
107 976
1235 1315
1565 1740
1227 1728
1912 2472
1345 1742
1948 2598
2218 2386
517 544
2685 2724
694 831
2078 2607
80 249
2363 2507
2054 2294
122 232
2176 2610
1335 1849
2154 2340
1920 1939
1153 1331
2109 2271
2471 2608
2809 3036
1120 1227
1962 1979
704 799
3442 3698
1947 2003
2669 2985
1288 1542
1997 2543
1730 1813
1085 3886
2929 3364
1086 1135
1522 1835
3169 3351
2059 2381
907 1172
1948 2629
2172 2261
1339 1757
3702 3737
737 745
2056 2299
2045 2638
3184 3303
456 553
3596 3674
2775 3018
3438 3734
698 870
380 505
1427 1584
1912 2250
1471 1488
2174 2319
2945 3293
641 1882
1290 1416
1604 1868
951 1702
2165 2601
2974 3220
420 439
1587 1596
1993 2184
3437 3706
1083 1153
2754 3399
3146 3351
3703 3926
2315 2338
2134 2398
1912 2591
2132 2399
2207 2393
3061 3405
1347 1502
1029 1688
1985 2240
2352 2414
352 408
1021 1587
3202 3324
2573 2624
3437 3757
2140 2244
1227 1502
2672 2778
2187 2246
1048 1613
1130 1211
713 800
2674 3049
1149 1199
2064 2391
1316 1382
2661 2765
2780 2863
2506 2526
1557 1800
2235 2509
2142 2326
1024 1390
2308 2586
2927 2966
2254 2372
2081 2432
1806 1825
1271 1456
2839 3142
1199 1757
2107 2488
1059 1291
1487 1604
1173 1868
504 529
2028 2328
1912 2081
538 1545
1962 2179
2877 3033
3584 3763
2334 2604
2090 2559
954 1373
2115 2607
3011 3182
3622 3821
475 507
2133 2512
1172 1598
2681 3029
1315 1841
2754 2920
2053 2075
953 1621
1984 2278
2777 2928
3561 3803
2086 2404
2000 2202
2257 2331
1684 3199
2937 3011
1269 1761
966 1291
1989 2526
2060 2339
1032 1595
980 1823
771 818
1211 1471
2210 2359
3980 4037
1259 1482
563 1338
2353 2500
348 395
2327 2451
3296 3411
2307 2573
1009 1021
765 779
2892 2934
2881 3395
397 531
1995 2027
2880 2927
2307 2591
2676 2919
2932 3256
1574 1616
2189 2387
2925 2931
1104 1794
3142 3226
2037 2352
2666 2909
2376 2500
2103 2179
898 1309
85 188
2098 2142
2047 2185
1156 1173
747 792
3528 3596
2960 3348
1493 1787
915 1142
1929 2552
2149 2215
1987 2268
1329 1746
2509 2555
1006 1488
3465 3918
1003 1488
1173 1323
2094 2245
2442 2499
26 122
1172 1517
2890 3229
2033 2395
104 113
3980 4005
3240 3291
2192 2202
2239 2588
353 1677
2109 2201
1684 3081
1520 1842
1941 2423
3997 3998
2071 2254
2553 2604
2042 2543
1917 2578
1291 1547
2055 2229
1238 1757
906 1175
1388 1736
1414 1573
391 446
3077 3086
1632 1665
1940 2196
2216 2331
2271 2507
2037 2464
2686 3136
1833 1902
2551 2564
1984 2460
3330 3391
2109 2299
2507 2552
917 1876
2149 2343
2174 2327
2088 2520
727 853
432 482
2705 2874
2937 3152
2717 3078
1943 2073
3281 3378
947 1799
2800 2864
3073 3137
355 402
2292 2617
1271 1888
3188 3345
2012 2157
990 3263
1181 1554
2157 2337
2058 2218
1411 1520
1465 2282
374 520
2093 2201
2936 3082
2043 2482
3002 3379
2045 2201
2140 2212
107 1384
1191 1833
2905 3052
2140 2229
1211 1559
1465 2054
483 1349
1298 1691
2951 3404
1402 1580
3449 3841
618 633
2059 2095
596 1515
1571 1864
1126 1668
2131 2559
2866 2915
26 169
513 566
3449 3838
400 614
1718 1916
1259 1504
0 280
713 747
2910 2988
2619 2638
2689 2705
900 1014
2121 2257
789 806
2404 2410
107 1111
590 617
2153 2199
1684 3434
925 1688
1338 1496
2030 2623
526 538
227 263
3586 3788
1339 1584
1971 2630
2335 2488
800 851
1522 1557
1211 1843
2082 2228
460 558
1968 1995
2244 2500
1130 1888
1216 1452
698 747
515 580
265 311
1199 1323
1361 1563
1120 1379
1752 1795
3448 3527
2937 3145
348 358
1303 1742
2344 2451
2915 3026
2224 2451
2755 2928
1952 2458
1212 1356
2750 3073
417 556
1267 1723
1277 1859
2765 3344
1161 1618
1551 1898
398 430
2033 2073
1453 1694
1427 1487
1388 1754
583 659
3237 3286
2742 3060
2347 2601
2924 3098
1129 1257
67 141
1938 2218
1536 1703
2063 2404
3506 3833
1966 2020
2712 3201
1980 2284
1304 1709
1926 2451
2257 2500
1078 1323
1912 2148
1210 1692
2068 2101
2043 2339
2062 2242
3182 3351
352 394
1573 1576
107 1371
2362 2642
982 1101
2698 2827
1624 1770
2108 2271
2597 2598
2940 3417
1610 1612
1113 1881
2374 2606
2332 2385
3485 3518
2446 2593
1932 2081
348 448
1613 1685
3705 3714
677 680
2074 2546
1393 1409
2244 2331
2104 2409
3464 3777
1548 1880
1079 1613
2005 2564
1431 1467
2773 2916
2693 2802
3078 3108
2909 3426
2319 2461
82 314
651 1001
1684 3334
2164 2306
1445 1505
2264 2327
2180 2194
2104 2244
2751 3115
1920 2279
223 252
917 1899
3581 3649
2155 2235
1343 1630
2051 2614
1718 2032
1684 3164
1086 1416
3596 3737
2323 2414
2369 2520
3684 3692
3512 3577
136 2250
2758 3412
3636 3862
1272 1891
2764 3020
1467 1554
2140 2154
3090 3430
2148 2247
2789 3231
997 1811
3455 3886
2052 2594
3224 3421
1554 1754
1721 1724
735 800
603 605
94 315
1039 1211
1699 1807
0 127
1668 1888
2326 2507
1753 1761
2937 3397
2033 2469
747 770
1402 1542
2159 2284
2093 2579
2149 2338
1634 1725
2047 2224
1946 2563
1157 1594
136 1995
2165 2563
2254 2511
3047 3226
1329 1845
1943 2064
1917 2542
1534 2693
3214 3249
3456 3501
1066 1828
1605 1898
1471 1554
2039 2445
2663 3426
1943 2347
2862 3014
2468 2549
2007 2189
2002 2026
2526 2615
2029 2438
417 508
1057 1607
1684 2946
2045 2469
2078 2206
1980 2648
1986 2046
2681 3387
1199 1557
3483 3895
1509 1559
2084 2309
1238 1868
686 824
2694 2800
1623 1689
940 1221
1181 1352
414 483
1600 1813
3674 3830
2187 2512
1962 2090
2141 2419
932 980
403 470
2064 2233
1684 3341
921 1757
3437 3645
143 225
2970 3391
2747 2901
1399 1605
2223 2598
1035 1646
2747 2832
3149 3232
695 745
1991 2660
2125 2250
3119 3417
3495 3884
439 456
2956 3119
3510 3915
1957 2116
1335 1431
1639 1888
2679 3135
408 493
2083 2218
966 1367
1059 1112
1079 1524
1717 1730
2484 2593
2108 2172
1966 2573
2263 2621
1139 1703
3633 3667
2289 2473
1516 1737
1172 1604
133 141
1291 1334
2189 2594
3100 3320
107 923
2670 2982
2150 2593
2843 3136
2921 3263
1485 1813
3458 3951
2370 2560
2906 3056
2670 3311
606 1012
714 732
2699 2972
1998 2636
1533 1733
1334 1612
3493 3558
2992 3017
1530 1612
686 848
368 494
1256 1707
1104 1884
916 1746
2162 2325
2026 2567
1964 2505
167 310
2155 2325
21 134
2174 2581
2283 2338
1942 2007
1280 1483
2849 3035
1577 1618
1912 2161
1922 2129
2664 3033
483 1392
2664 2777
1979 1983
2409 2428
2359 2625
1589 1609
2800 3426
917 1894
2778 3306
1941 2101
2328 2501
1712 1804
2946 3065
1941 2482
2591 2607
2661 3261
2326 2468
2759 3202
5 180
1004 1632
3078 3384
2086 2172
2394 2445
107 1183
2916 3033
387 417
3140 3225
3508 3644
600 675
3120 3132
1642 2764
997 1255
2134 2588
1926 1947
2666 3339
2472 2609
3445 3725
1472 1906
2229 2484
95 319
1523 1723
118 268
705 720
559 637
1684 3318
1609 1730
2033 2172
2275 2520
1288 1399
2309 2646
2919 3149
1509 1612
2293 2629
2559 2578
2179 2352
1004 1707
1959 2292
951 1337
3002 3224
2224 2250
2675 3187
2153 2491
2002 2010
2683 3000
1126 1447
3076 3313
2299 2600
412 493
2742 2778
916 1597
1156 1238
921 993
3674 3692
1538 1603
1069 1621
2839 2911
620 644
1472 1482
353 1237
3040 3117
1047 1621
98 199
973 1369
2905 2988
2784 3034
2257 2392
1605 1757
2827 3284
2796 3297
3889 3943
517 651
719 755
2832 3017
348 364
1946 2575
3010 3388
2446 2575
404 515
1094 1531
2356 2374
1086 1267
3697 3938
1265 1376
414 492
2020 2485
1926 2102
2332 2555
1289 1589
2121 2489
2240 2348
2849 2991
2077 2428
1076 1250
781 815
1054 1795
1916 2544
1912 2363
2010 2328
2391 2556
994 1569
2326 2556
2786 3078
1272 1485
2880 3098
1584 1843
1810 1839
992 1784
543 545
2109 2507
1028 1589
2328 2511
3046 3319
2780 3049
2104 2560
1912 2563
1963 2253
2863 3101
3051 3102
2925 3036
1380 1516
2907 2940
2266 2409
1331 1539
2123 2591
2669 3064
2095 2654
1293 1305
2299 2563
3460 3529
917 1014
2907 2988
1981 2617
2061 2225
1267 1613
107 1169
483 524
778 828
3401 3425
3362 3426
1926 2002
3016 3144
1153 1810
1508 1638
3064 3232
1255 1813
366 446
1059 1622
1334 1341
0 209
2365 2633
1049 1377
2223 2279
1431 1441
2909 3399
1374 1790
2552 2611
2729 3435
2058 2526
1086 1402
2781 3157
2949 3128
2194 2472
1059 1724
122 284
2800 3040
1012 1358
1707 1826
2019 2234
2833 3355
107 899
2052 2151
1070 1703
708 713
1991 1995
2796 3201
2324 2395
2448 2540
475 525
1146 1689
404 456
2047 2087
1656 2826
2428 2602
697 856
2555 2643
1684 3381
1182 1675
1983 2043
2191 2555
1256 1554
932 1659
1231 1573
3438 3522
3558 3951
984 1014
1020 1099
2350 2588
2862 3119
984 1729
1099 1396
1076 1352
1201 1377
2290 2404
1962 2040
1054 1128
169 318
1431 1538
1059 1185
726 820
3116 3239
2778 3347
1211 1609
1938 2625
1117 1191
1976 2384
1842 1843
991 1590
2254 2398
1946 2218
1099 1406
465 538
2042 2279
1103 1706
430 471
2629 2649
2109 2485
2787 3027
1784 1798
1129 1611
763 849
1388 1772
1123 1805
2271 2578
2174 2285
934 1456
1997 2542
2289 2294
3206 3247
2232 2366
2077 2561
1941 2043
2266 2492
1684 3253
2334 2504
1980 2001
1107 1458
1275 1473
2005 2266
2115 2500
3437 3801
1669 1717
1940 2247
1471 1842
941 1281
1979 2300
1092 1390
3225 3288
1449 1707
1347 1479
2163 2328
2111 2588
2293 2496
967 1782
1997 2123
2991 3116
2063 2410
2856 2868
1968 2378
2122 2200
2111 2501
2213 2275
2993 3104
2289 2525
3369 3385
1918 2020
2169 2512
1751 1824
2970 3344
1101 1391
2052 2087
1184 1538
483 1464
3240 3321
2752 2781
2271 2326
1167 1241
3506 3784
2397 2577
1149 1485
5 213
3117 3274
970 1073
1345 1720
26 113
1164 1520
3210 3233
1338 1745
107 1745
2077 2370
1028 1867
1943 2492
1912 2167
2142 2512
2669 2944
2815 2986
171 217
2156 2360
2125 2174
348 422
1935 2006
2627 2633
1953 2551
1207 1605
2430 2552
1983 2564
2609 2629
1918 2213
2866 2906
418 557
3353 3386
2376 2624
9 156
1330 1888
2910 2927
2928 2988
2988 3158
1093 1168
2223 2471
3510 3869
1912 1963
2748 3051
1800 1879
3776 3960
2206 2395
1015 1315
959 1163
3204 3351
2994 3324
2598 2649
1944 2270
3643 3951
2675 3136
2271 2381
2074 2468
172 298
1534 1758
2223 2582
1364 1794
2155 2642
2118 2551
56 213
3102 3239
1211 1652
2092 2206
1470 1604
3612 3764
3109 3415
2163 2368
2969 3108
2073 2154
1590 1851
1540 1818
1418 1650
363 524
2306 2560
2691 3037
3437 3744
1684 3062
2973 3397
1912 2597
3578 3737
1919 2364
3877 3930
2092 2409
1399 1898
2915 3042
483 671
925 1891
2331 2549
2772 3242
3166 3238
3104 3243
2290 2446
107 1818
863 889
2344 2468
107 1654
2259 2649
1912 2411
2508 2594
2781 3347
2250 2643
3035 3267
269 329
1111 1368
1083 1207
1684 3117
2353 2499
2142 2323
1432 1495
427 563
1076 1485
2590 2655
1259 1709
374 525
80 266
2676 2985
2030 2123
907 1685
960 1447
2123 2607
166 173
2672 3298
2390 2511
2833 3411
2112 2244
1920 2149
2072 2420
3096 3426
925 1736
2748 3076
2376 2418
1684 3371
1004 1211
2084 2506
2819 2904
2098 2266
1545 1831
1947 2603
1329 1804
428 511
3475 3948
3129 3363
2165 2542
1970 2155
3824 3913
2248 2397
2090 2140
2229 2573
492 495
1293 1707
2233 2559
1912 2581
1936 2035
1993 2150
1557 1597
1423 1903
320 346
1392 1636
1059 1329
1813 1842
2984 3316
896 1392
3873 3966
1156 1845
107 1423
1135 1590
2462 2581
466 504
3437 3956
2056 2067
544 676
1243 1483
2409 2607
1019 1347
1305 1352
944 1041
2393 2584
3054 3184
960 1163
1951 2639
2492 2602
3500 3766
2128 2344
297 322
810 847
136 2617
2785 3299
1149 1603
2328 2525
2789 2807
1835 1861
637 1778
1086 1436
2052 2224
0 210
2007 2249
3090 3293
1971 1993
946 1420
641 1320
1312 1405
980 1663
1449 1735
1416 1707
373 431
1472 1847
1931 1995
1718 1948
2951 3162
999 1823
745 810
1938 2060
1983 2093
3239 3344
2259 2443
1211 1331
3132 3355
1963 2275
2183 2609
2077 2607
906 1128
2716 2859
2132 2246
353 1358
107 1091
3081 3263
1918 2287
2224 2461
2199 2543
3437 3953
724 766
1014 1454
2037 2179
1638 1786
2183 2267
1330 1361
1459 1680
944 1748
538 1320
3641 3960
1912 2631
1978 2474
2756 2993
58 3003
3557 3670
1938 2210
2912 3250
713 814
1 299
1173 1539
3193 3324
927 1214
1085 1705
1665 1712
2372 2616
2011 2171
1314 1378
1554 1750
122 304
2244 2352
1734 1741
2127 2394
2778 2833
2384 2417
2104 2356
538 1677
2719 3262
1391 1795
787 823
2712 2742
2806 2986
1352 1439
1946 2154
1004 1757
2135 2417
2240 2287
1919 2633
420 537
2831 2901
576 675
3090 3220
3479 3898
1432 1716
2085 2091
1242 1688
66 142
1985 2624
3002 3295
686 769
1008 1674
971 1429
136 2264
2329 2433
2877 3237
3090 3114
2526 2549
2872 3293
2516 2594
1684 3075
1107 1391
2102 2598
2156 2659
2110 2226
3150 3280
1166 1894
1083 1513
2133 2475
1153 1173
396 470
3852 3966
3296 3415
1356 1743
1102 1166
31 84
353 641
1267 1336
1064 1829
1116 1827
1332 1773
1159 1412
2037 2084
2590 2638
1480 1858
1101 1714
2775 2892
1018 1277
1489 1706
3702 3891
2134 2191
348 529
1563 1603
2754 3078
2772 3319
2127 2328
2071 2599
1366 1807
136 2009
2308 2542
2180 2510
2210 2564
1078 1335
1944 1964
2532 2602
2264 2394
2242 2610
2131 2323
3687 3824
1173 1219
1132 1370
1333 1895
2844 3087
1916 2343
2121 2492
3903 3924
1608 1730
1959 2032
2469 2619
2674 3116
1026 1369
2070 2260
1451 1824
2210 2607
1067 1235
3300 3430
959 1039
1998 2050
542 591
2370 2407
1954 2555
1666 3020
107 1742
1948 2649
1551 1610
1370 1483
2115 2271
1255 1614
1411 1891
2362 2416
2081 2399
2874 3238
1528 1557
3610 3732
1025 1536
1598 1668
2250 2473
1995 2660
2393 2499
2690 2803
378 492
2102 2510
444 538
483 1318
754 824
2225 2378
942 984
2198 2463
1966 2348
149 333
1472 1667
2047 2420
461 590
242 299
2927 3339
1947 2101
3047 3142
9 122
2010 2419
2418 2646
3810 3947
1004 1557
2384 2543
934 1750
2078 2423
1021 1635
1590 1883
2506 2607
1912 2120
2683 3123
2184 2446
397 402
3029 3384
596 604
2928 3084
1812 1893
2387 2460
2002 2279
2095 2200
2958 3100
2458 2594
2078 2363
3555 3810
1048 1407
1914 2648
1110 1750
901 1186
635 650
3494 3690
2586 2602
2323 2543
3786 3793
354 463
1268 1529
966 1813
2220 2430
2005 2086
2266 2600
1913 2530
1979 2040
2074 2374
2287 2446
3162 3306
2153 2463
2708 3115
1926 2194
971 1032
2161 2294
1238 1483
107 1479
1059 1765
2490 2650
2117 2637
2309 2428
1555 1726
1984 2410
1804 1842
3051 3296
2428 2593
57 184
98 186
2698 3426
1447 1863
3718 3833
2909 3104
1085 3692
2839 3232
1409 1608
3596 3721
3505 3827
2973 3434
1339 1724
2331 2391
2124 2602
2259 2543
2292 2468
1918 2064
2104 2625
2202 2626
2504 2559
1714 1833
2072 2461
2334 2433
1338 1473
2724 3086
1083 1612
2553 2590
1104 1129
1920 2471
1385 1778
2135 2315
1201 1483
2608 2649
527 559
2184 2392
2813 3409
2121 2433
373 461
2244 2359
3213 3220
2183 2224
2967 3426
2257 2324
1370 1598
1319 1798
1221 1432
1006 1542
2191 2241
2046 2631
2278 2590
2124 2578
1243 1659
374 566
2698 2915
1953 2121
3605 3800
1951 2494
3521 3797
1159 1686
2176 2235
107 966
2862 3029
353 1881
3191 3320
1076 1339
2830 2951
1243 1827
926 1722
140 214
947 1367
1577 2445
2139 2308
437 498
1918 2410
2925 3399
2136 2164
1975 2474
2560 2600
2800 3056
451 507
3747 3809
2059 2563
766 771
492 544
2062 2394
1229 1231
3437 3885
1741 1886
2187 2351
2410 2615
2607 2615
2862 2928
107 1493
1025 1324
350 397
2183 2273
2042 2502
933 1649
2306 2601
1516 1675
1918 2074
2188 2586
3797 3938
354 507
986 1225
3804 3830
1238 1584
395 560
922 1626
2795 3254
2679 2887
2950 3035
946 1617
60 313
2336 2379
3478 3783
464 552
1912 2504
128 186
2936 3396
2915 3014
3791 3901
2033 2550
3718 3924
2040 2489
2132 2183
3029 3220
188 341
2352 2484
2133 2406
2926 3256
3299 3403
1329 1600
2069 2578
1520 1816
2089 2126
1211 1757
1243 1765
1146 1267
763 787
1997 2492
1199 1341
0 290
1238 1804
2292 2461
1277 1715
3690 3878
2054 2617
3066 3322
951 1523
1986 2606
2711 2829
170 290
1125 1285
732 802
897 991
2223 2458
2689 2835
2123 2430
2818 3067
3662 3863
2102 2283
1410 1421
2890 2988
139 159
2284 2620
1086 1907
2338 2516
2266 2638
4000 4021
1328 1687
2665 3214
3830 3913
107 1707
3082 3203
2121 2556
2118 2521
2165 2573
1290 1793
1109 1338
1123 1614
1918 2352
3049 3120
2746 3056
3026 3090
2676 2943
932 1056
2944 3129
1359 1559
1979 2121
1074 1793
2172 2206
2827 3064
2180 2347
715 842
1569 1781
2074 2200
2911 2913
1457 1707
2032 2125
1021 1661
825 864
1290 1339
2299 2611
966 1416
1402 1888
804 849
3599 3615
1159 1183
2095 2258
2841 3248
1222 1580
1322 1347
1997 2468
1102 1495
1959 2394
1369 1663
56 231
1994 2194
2087 2199
2108 2507
2693 3319
395 542
3638 3844
798 855
475 544
2709 2795
1100 1279
2058 2139
199 261
2201 2331
2043 2606
781 827
2035 2236
2065 2608
1448 1628
484 1357
2046 2376
1663 1791
1238 1833
1621 1782
538 1080
2142 2336
2719 3298
1241 1536
1331 1376
2257 2478
2919 2927
2081 2138
1271 1816
1291 1800
2863 3381
1948 2148
1460 1765
3089 3188
404 503
2765 2780
1109 1348
2972 3382
1700 1827
107 1439
2679 2924
1020 1729
2718 2832
967 1796
3235 3280
1047 1389
3027 3150
993 1431
376 520
32 93
2160 2659
1006 1551
2243 2396
2374 2446
1101 1287
2941 3361
2081 2102
3437 3775
1912 2070
961 1197
3473 3628
2200 2573
3583 3869
953 1078
1222 1613
2327 2379
1594 1911
1551 1902
1175 1484
630 631
724 752
1997 2546
1528 1765
3437 3912
1600 1612
2165 2499
3497 3576
1920 2183
2190 2308
718 827
107 1658
2097 2659
995 1461
2902 3181
2763 2854
1912 1969
2233 2329
2370 2423
1718 2264
3437 3653
2946 3380
2399 2475
2742 3017
2839 2966
1559 1561
1590 1735
1919 2659
1649 1850
414 465
2252 2294
348 517
2055 2266
1697 1909
2083 2408
2346 2659
3508 3840
1173 1331
2703 2889
1309 1661
422 432
1605 1849
2093 2429
2261 2507
2009 2143
1465 2643
2887 3135
2309 2593
2084 2590
3981 4023
1216 1363
2144 2653
2329 2601
1495 1820
686 801
2026 2267
577 662
2047 2598
2611 2654
1040 1868
1771 1827
1735 1799
1207 1238
2366 2566
1563 1827
1800 1839
2202 2639
2030 2526
170 274
1130 1689
1171 1387
1571 1879
2216 2575
2992 3107
1684 2800
2084 2271
2870 2990
1912 2010
1221 1680
1156 1488
3078 3426
370 567
1212 1372
2921 3034
1074 1185
2211 2608
3568 3834
2090 2287
1402 1617
2045 2276
1604 1669
2084 2615
1382 1495
2031 2270
1399 1659
412 528
2229 2579
2033 2229
1330 1826
3049 3397
1928 1972
3512 3604
2684 3396
2887 3029
109 186
2090 2299
2742 3319
1044 1322
2250 2617
2793 3103
3194 3260
1639 1717
2223 2491
2368 2519
2959 3309
2018 2571
3448 3495
517 1543
348 353
2108 2123
2092 2300
1718 2052
1146 1172
1146 1367
3132 3434
1985 2074
2018 2538
1689 1833
916 1730
3558 3568
1940 2471
2874 3417
1173 1675
3509 3593
2969 3085
353 484
784 795
1958 2645
3918 3923
431 434
2047 2338
2190 2631
1077 1171
1075 1768
2224 2345
2918 3032
3521 3590
2786 3362
3541 3725
1684 3307
2768 3151
1079 1849
1540 1718
1199 1675
1014 1595
2073 2586
2040 2395
2426 2486
1221 1515
2414 2602
1603 1804
2708 3320
2352 2601
2283 2502
1999 2538
1076 1835
367 373
2356 2654
1199 1535
2058 2654
2748 3154
1971 2427
946 1800
2268 2508
1182 1195
3667 3962
2905 3426
408 445
2754 3023
1983 2356
2731 3257
2372 2598
597 619
420 936
392 428
1557 1721
897 1191
1604 1861
354 359
2149 2282
2062 2075
22 308
896 1850
478 534
2899 3139
3792 3924
2154 2363
1617 1835
3256 3376
108 320
1613 1902
2212 2404
1025 1844
1557 1707
944 1525
2078 2086
1136 1825
98 315
2054 2132
2782 3226
1128 1894
2344 2396
990 1678
567 3861
1505 1684
2088 2625
966 1809
2331 2556
3693 3734
2132 2274
3025 3084
2803 3140
2232 2336
1939 2511
965 1634
2271 2551
1024 1619
1685 1809
1992 2650
2071 2533
3577 3596
3162 3379
3845 3966
1549 1844
2754 3085
1082 1129
1149 1683
2766 2907
946 1735
2047 2472
1530 1795
56 298
1352 1376
2243 2509
3017 3287
2090 2575
2024 2378
1102 1282
2298 2582
1524 1689
2729 3119
161 203
1300 1606
67 315
3362 3435
2072 2333
2992 3397
414 675
1684 2685
2020 2363
1378 1548
3096 3363
1577 2032
483 1429
107 1309
2131 2237
75 188
1971 2407
2308 2331
2679 2985
3454 3586
3110 3302
1391 1516
1047 1126
372 539
2850 2911
946 1367
136 2511
2835 2874
3162 3207
942 1018
2730 3403
1684 2744
1205 1685
137 326
2259 2417
2062 2279
1040 1409
2468 2625
2064 2482
2480 2610
930 1155
1912 2368
1465 2351
2624 2654
934 1663
619 654
1791 1842
1589 1833
1953 2074
1556 1757
2937 3422
1288 1736
2088 2339
3480 3674
3674 3979
3004 3399
2081 2533
3495 3697
416 494
2290 2370
2154 2546
2064 2606
2347 2551
1516 1717
360 460
517 1514
1979 2506
3553 3769
2057 2087
3569 3906
2504 2549
934 1621
2864 3117
966 1211
2169 2592
2800 3433
2336 2511
1078 1547
2060 2200
1271 1285
546 547
3106 3416
2088 2468
2059 2625
1663 1800
2863 3034
1052 1188
373 471
0 327
171 1171
1932 2511
2669 2694
2200 2655
1472 1507
1376 1795
2603 2610
1971 2500
1101 1288
376 497
2693 2903
1172 1471
2104 2216
1132 1539
719 724
1377 1768
2604 2622
2711 2825
2056 2584
2030 2261
1078 1399
688 771
1431 1470
2311 2521
2796 2828
1971 2142
144 326
0 156
528 543
1175 1331
2933 2997
107 1315
2718 3043
1951 2061
1983 2549
3675 3708
1943 2369
3123 3135
2672 3185
2894 3124
1085 1098
2720 3060
3437 3736
446 491
2717 2754
1916 2273
1059 1563
374 553
3473 3725
1373 1502
2203 2491
3119 3166
389 1385
2278 2600
497 566
1480 1513
2112 2257
3535 3601
107 959
3508 3553
2030 2109
3449 3596
1779 1905
367 452
146 317
2601 2604
4023 4031
2282 2347
2333 2511
2828 3351
2133 2399
2872 3294
1462 1903
2081 2250
2369 2539
1916 2183
3442 3735
1912 2548
2200 2271
2188 2356
460 497
3284 3348
1489 1661
1390 1827
1915 2587
2575 2619
1998 2378
1542 1816
2073 2563
4021 4026
1718 2132
2956 2988
1938 2201
1684 2859
1645 1790
954 1495
2218 2520
3224 3406
1330 1621
2071 2267
2343 2384
1959 2302
1983 2154
1112 1572
964 1213
1675 1885
1184 1524
368 375
2564 2631
2277 2357
2590 2630
2068 2417
3224 3355
1989 2323
2913 3232
2966 3363
1322 1636
1117 1598
590 612
1953 2240
1129 1862
2796 3113
1104 1716
2060 2073
107 1386
29 252
1344 1524
3070 3265
2117 2242
1321 1909
2769 2807
2040 2334
2974 3417
2241 2512
223 271
2033 2353
1036 1841
2038 2215
1998 2627
941 1412
2279 2436
1916 2007
1272 1551
781 800
2800 3090
2047 2057
2410 2478
752 823
1230 1352
1052 1159
2199 2432
412 431
2669 3426
1447 1898
698 729
2172 2464
1661 1732
0 118
428 559
2229 2428
0 220
107 1265
1411 1554
1983 2546
3001 3154
977 1756
741 827
2724 2758
2376 2563
2657 2660
3197 3321
2149 2183
1016 1177
3022 3226
3643 3826
2977 3435
1684 3357
2271 2300
2097 2447
1316 1871
1198 1269
703 817
1409 1458
1569 1699
373 434
1089 1672
3527 3804
3000 3226
2410 2602
2374 2485
2199 2283
1331 1516
1758 1787
2445 2616
3762 3902
1369 1757
566 1358
997 1605
2339 2623
1149 1819
1359 1388
1946 1984
2032 2223
28 151
3115 3259
2901 3342
2047 2508
1148 1454
2124 2564
1470 1811
2880 3348
1998 2022
1684 3054
1153 1488
2244 2495
948 1113
2020 2306
2042 2642
1971 2086
896 1462
2083 2307
1107 1132
1516 1849
107 1706
2446 2464
1278 1867
2087 2273
1163 1800
1198 1879
2184 2395
2603 2617
1471 1643
913 1885
489 519
1245 1282
1390 1809
3072 3253
2673 2877
2165 2546
596 618
495 514
1577 1954
1684 3048
876 889
1211 1730
2751 3353
988 1720
2229 2464
1169 1904
2031 2242
369 455
2901 2996
2492 2625
1002 1890
1361 1669
450 474
781 805
2763 2913
738 795
2088 2140
0 182
959 1402
419 516
1323 1335
1413 1573
1320 1349
1605 1622
3581 3613
107 907
1955 2592
2564 2655
3040 3065
3503 3804
2139 2154
1285 1793
896 1067
2806 3286
92 266
3084 3257
3593 3947
3680 3833
1153 1652
107 1883
1273 1515
2271 2579
2206 2359
3627 3804
2950 3076
1823 1902
414 475
353 1855
1289 1483
348 552
961 1505
1269 1675
2005 2482
2674 3316
992 1798
2422 2558
107 938
2097 2640
553 556
1536 1629
1287 1612
107 1373
2944 3142
567 646
3525 3851
107 1359
1226 1507
1255 1509
901 1216
1070 1549
982 1336
2000 2365
1994 2138
2218 2550
480 543
2464 2578
1040 1519
479 515
1048 1393
2914 3361
2347 2418
2101 2279
1049 1557
2062 2415
2326 2655
2861 3218
2943 3220
1407 1754
927 1026
1471 1902
2730 3233
2290 2495
1101 1598
1126 1361
2812 3087
1929 2201
3101 3332
3397 3434
2045 2278
2121 2359
931 1743
2828 3076
630 664
1124 1230
980 1632
2131 2261
934 1608
1926 2036
1300 1514
1522 1643
3586 3830
1684 3346
1175 1391
1375 1752
366 1512
1684 2931
2469 2556
2694 3022
2783 2976
2368 2555
1917 2045
433 528
1786 1893
2363 2561
993 1813
3873 3968
982 1604
3097 3275
1487 1545
2730 2958
1182 1761
2145 2659
1684 2674
651 936
428 507
2676 3193
1291 1791
1479 1830
2786 2866
2359 2646
1916 2298
2474 2628
3825 3927
3062 3162
3511 3671
1314 1601
2778 2869
3254 3411
2179 2404
3126 3336
2778 3252
2319 2567
2546 2586
526 1209
1642 2903
2890 2956
363 368
56 212
1378 1837
2910 3417
2264 2280
719 726
2712 3351
1516 1750
3700 3830
3659 3930
982 1856
2974 3158
2390 2415
2103 2150
1086 1617
618 653
2056 2545
1465 2336
2028 2465
2381 2563
896 1628
2059 2386
1335 1551
373 565
1030 1043
2299 2506
500 591
2064 2275
2906 2985
2274 2390
3022 3098
3115 3247
3664 3918
1305 1860
1512 1740
41 116
1349 1744
1938 2324
1277 1716
2224 2246
2040 2323
1370 1712
2282 2472
2894 3172
2862 3293
1962 2391
2304 2394
2904 3009
1124 1542
1130 1398
86 175
1328 1511
2955 3256
2249 2268
1255 1367
2071 2427
2909 3363
2539 2550
2800 3026
3525 3968
1076 1132
1202 1858
2104 2300
2179 2212
2145 2146
2783 3274
969 1303
1973 2011
431 472
428 1226
1912 1955
2418 2607
1563 1800
2492 2546
2223 2516
2201 2237
1573 1893
578 662
1947 1981
2282 2302
1532 1632
3449 3586
972 1488
934 1559
2492 2573
1069 1431
2064 2543
2165 2495
1078 1330
1684 2672
3233 3412
1332 1358
1160 1902
2090 2142
2662 3397
688 845
1267 1752
713 780
1945 2336
2093 2561
932 1029
2742 2846
756 827
1559 1736
1953 2045
122 239
53 101
1021 1303
2348 2623
1917 2258
2028 2194
2754 3220
2218 2542
368 412
2324 2561
952 1589
2759 2946
3152 3235
3496 3672
2188 2556
2901 3201
1548 1798
1943 2216
1142 1844
2696 3360
1753 1886
1917 2112
2719 3386
925 927
697 777
2102 2116
2949 3155
2865 3365
432 471
1391 1457
2248 2644
107 1692
1399 1888
1993 2410
993 1799
2370 2607
1198 1367
1277 1475
2827 3098
2387 2478
2890 2994
1480 1804
1066 1082
3710 3835
2042 2649
1961 2128
3020 3196
1964 2416
2073 2108
1668 1810
917 1706
686 718
2839 2864
2209 2283
3873 3877
3072 3342
1126 1272
2485 2500
2026 2327
3465 3519
1409 1622
2537 2652
1684 3251
1284 1345
3011 3398
2054 2479
1920 2241
167 337
992 1548
698 881
2179 2307
1588 1866
723 727
2914 3256
3035 3355
2730 3219
2449 2594
3533 3760
2770 3252
2815 3363
719 787
1603 1619
107 1324
553 559
2131 2575
2112 2300
2247 2384
2002 2327
1022 1086
1205 1717
1049 1572
2332 2465
1101 1799
412 527
1985 2229
436 604
2831 3312
2052 2302
412 609
1951 2459
2164 2551
1289 1886
2564 2638
3058 3360
2875 3261
1570 1590
1344 1746
1589 1717
422 609
1373 1729
2063 2467
2165 2329
2133 2267
2260 2659
3018 3162
2973 3070
2187 2419
1918 2504
1366 1738
2206 2601
1985 2549
2058 2309
119 185
3152 3332
3174 3284
1281 1720
367 548
1186 1895
982 1271
3198 3347
1621 1668
517 1574
2037 2462
2059 2179
573 592
2354 2414
3966 3971
2007 2283
1028 1823
1113 1464
483 1373
3019 3285
3198 3321
455 506
3522 3979
2377 2512
128 176
2875 3182
348 456
2806 3430
2083 2564
538 580
2304 2537
1622 1675
1684 3197
423 561
1559 1621
747 804
107 1669
2184 2542
2151 2510
14 226
901 1468
2966 3090
1513 1639
1475 1716
1420 1571
1078 1250
2333 2629
3480 3545
913 1727
2592 2597
1684 2798
578 632
2507 2638
896 1893
1483 1722
141 257
3295 3366
1409 1559
1114 1882
2873 2988
1269 1352
1948 2071
2849 3146
413 535
2701 3298
2047 2367
1376 1460
2374 2631
368 553
2359 2489
2575 2604
107 1395
792 828
1966 2579
2241 2599
2322 2577
3625 3962
1399 1473
1912 2291
2512 2598
284 329
2410 2499
2067 2526
2131 2307
1204 1786
1912 2202
322 341
2748 3350
1227 1515
2046 2625
873 885
2754 2867
2809 3394
2905 3348
645 646
3092 3104
2951 3168
2561 2591
2055 2356
2813 3002
3493 3969
2384 2510
1684 3295
2304 2598
3090 3303
1376 1399
2074 2477
484 936
1207 1804
2161 2415
2398 2401
2138 2368
2404 2542
2090 2561
2045 2464
3111 3395
2149 2475
1132 1153
1431 1623
1918 2539
1912 2064
1966 1989
1469 1672
1086 1608
921 1888
2755 2757
713 848
1255 1717
400 428
2753 3116
2053 2344
2408 2552
2359 2549
2410 2559
3574 3642
1060 1573
641 1606
1943 2631
637 936
990 2941
2946 2957
2464 2600
2601 2630
2104 2482
2246 2461
1265 1782
3381 3434
1515 1824
2838 3003
2887 3400
115 220
1236 1709
1984 2331
2444 2490
1242 1250
1181 1795
0 101
1939 2328
3546 3939
353 363
1217 1658
1620 1665
2748 3274
2054 2163
2030 2213
1181 1752
2083 2553
2551 2606
2327 2458
1121 1259
1083 1619
348 499
2334 2391
2223 2289
3353 3434
254 330
2951 3107
56 222
0 297
1920 2512
1269 1391
1912 2112
973 1272
2506 2590
1024 1888
1102 1382
1538 1584
1597 1644
2819 3289
1014 1373
2916 2966
976 1374
1083 1707
1941 2144
2720 3076
2354 2619
1215 1649
1132 1619
946 1632
2796 3377
402 421
1238 1898
2420 2598
1199 1390
388 465
1916 2588
2683 2873
978 1730
2074 2086
1130 1547
3814 3949
1044 1235
2054 2465
2083 2240
1718 2336
2667 3211
1182 1663
1912 2655
306 328
2460 2600
2246 2247
1126 1291
1014 1812
2153 2283
2140 2339
1198 1600
1723 1864
188 342
2140 2484
1376 1608
2075 2280
2356 2369
2074 2213
494 517
455 528
1994 2183
1004 1431
2040 2237
1656 2764
2131 2532
2398 2547
995 1330
1104 1682
2018 2346
366 1549
99 177
1291 1712
514 566
2271 2607
1358 1616
53 322
2083 2150
3437 3891
925 1623
2945 3056
2334 2464
3088 3272
916 1554
3309 3325
2787 2901
376 545
136 1955
1912 2463
1695 1844
2408 2655
1628 1635
1746 1757
2351 2649
2329 2492
3084 3119
3437 3644
422 460
630 644
2551 2654
2062 2537
3538 3628
3479 3639
1684 2770
3486 3976
489 555
2244 2408
1941 1946
1011 1770
2207 2622
2662 3177
3448 3930
1390 1516
1109 1496
2904 3360
2235 2294
2072 2603
2281 2301
1048 1265
1962 2356
1225 1260
2064 2446
542 556
2039 2289
1162 1731
2176 2543
3511 3904
2853 3049
1612 1669
1399 1420
1172 1757
107 1155
2159 2297
1373 1893
1370 1839
2298 2425
16 118
902 1257
1329 1864
1541 1672
1120 1872
2451 2509
3437 3893
2069 2309
2188 2630
1091 1839
1080 1332
1943 1997
957 1345
1424 1548
1946 2084
1746 1816
2319 2508
1041 1348
3956 3972
1591 1862
2064 2542
2247 2343
2304 2310
2026 2347
2250 2332
2179 2257
1049 1888
2661 3206
1229 1279
916 1610
2047 2371
2711 2923
3590 3705
2322 2361
811 890
3366 3412
2485 2600
970 1433
3824 3966
724 824
3073 3293
1609 1782
2344 2598
1152 1630
1149 1420
2724 3133
3019 3350
3576 3860
510 521
1930 2313
1997 2324
2052 2174
1230 1662
1984 2423
1993 2464
3256 3401
1434 1441
1092 1827
2074 2261
978 1329
2045 2095
1940 2117
1204 1764
2334 2526
2488 2523
3611 3891
1926 2268
107 1847
1183 1686
1934 2091
706 752
2836 3190
2742 3179
2500 2521
1211 1230
1927 2585
3001 3295
2931 3324
1160 1173
2133 2322
1079 1184
2285 2390
2183 2246
2242 2362
2072 2336
3207 3371
1912 2517
506 604
2446 2482
2780 3116
2308 2429
1547 1832
1932 2533
2823 3287
2309 2430
322 345
2460 2521
2708 3079
1926 2189
3080 3104
132 311
1340 1826
1390 1849
473 495
1392 1432
3738 3915
1539 1620
2184 2489
1620 1730
1494 1687
2033 2309
2244 2326
2283 2537
222 238
1515 1820
3088 3280
1986 2354
2408 2504
2093 2257
107 1337
1026 1172
1086 1813
3672 3737
2126 2587
3133 3366
2233 2354
2148 2543
2090 2573
1388 1580
2253 2469
2148 2384
2500 2549
2850 3293
1522 1799
1184 1668
353 538
2241 2343
422 561
896 1857
1076 1126
1447 1570
3101 3350
1983 2005
2984 3107
1230 1361
1970 2434
2668 3048
1198 1199
1212 1443
765 807
1495 1751
2059 2655
969 1894
1465 2327
2869 2939
2400 2413
2379 2617
3265 3297
2031 2185
946 1833
3573 3797
2289 2296
2087 2111
2117 2282
2038 2473
415 460
136 2571
3459 3614
1160 1201
2471 2509
1926 2032
467 572
3078 3293
2199 2417
2833 3154
725 818
1242 1724
3330 3396
1772 1842
1132 1269
3073 3433
1917 1953
3568 3614
2103 2591
2770 3291
1662 1683
3437 3649
1505 1561
1390 1816
1924 1988
544 553
1958 2159
3139 3430
1146 1867
1694 1743
3514 3640
2874 2907
1367 1782
3231 3400
519 555
106 238
1146 1547
2172 2478
3106 3332
3291 3434
2673 3324
2069 2374
2005 2083
1509 1768
2432 2603
2322 2566
400 651
716 741
2212 2554
3022 3362
3005 3060
1577 2047
658 659
2849 3239
2986 3108
1335 1376
3443 3752
3084 3362
3612 3825
3540 3656
2187 2491
3065 3226
927 1376
1135 1881
3096 3149
2504 2655
2604 2638
1995 2337
1172 1619
2199 2509
2064 2093
2469 2551
1914 2627
2038 2419
2138 2333
56 285
1747 1787
694 828
2032 2419
1269 1643
2125 2294
1399 1522
2973 3345
2429 2590
451 471
1457 1600
1912 2409
1913 2413
3611 3838
3473 3538
1107 1269
3141 3354
3945 3956
2140 2352
1160 1222
2324 2482
1123 1130
2183 2247
2223 2519
2188 2469
2781 3005
2287 2630
2247 2282
370 544
242 302
2862 2994
2007 2086
1199 1530
1044 1158
1250 1431
1985 2147
1062 1357
2028 2333
3635 3830
2215 2543
2463 2642
2140 2201
40 274
2118 2646
3687 3702
1305 1621
2768 3302
1085 3674
2092 2478
2640 2657
2109 2348
1198 1737
1399 1712
2862 2915
1084 1173
3773 3850
483 1706
1376 1377
2047 2510
1964 2557
2404 2495
1370 1827
2064 2433
538 1767
1086 1256
3116 3265
1032 1729
1955 2458
1750 1819
2809 3388
1164 1334
2117 2567
1318 1358
1488 1898
1184 1737
2095 2233
1399 1554
659 681
2296 2425
3472 3526
107 1461
304 315
1132 1214
438 546
1953 2108
616 622
1390 1867
1921 2004
2501 2543
1590 1714
1684 3302
2332 2582
363 542
2454 2611
3757 3899
2992 3145
3062 3069
3554 3680
402 507
2783 2819
2073 2552
1393 1813
1367 1516
1598 1604
1718 2102
2369 2468
1431 1864
1185 1291
3517 3851
1086 1714
1086 1707
981 1479
1416 1827
2101 2652
3822 3869
2149 2273
1049 1416
1962 2601
0 34
1078 1377
1420 1823
2047 2582
2282 2333
430 497
2918 3196
1939 1945
2180 2642
2275 2611
2040 2218
2974 3174
2507 2646
2083 2604
3038 3320
2892 3412
2118 2539
1989 2410
14 214
2991 3132
2827 2913
3011 3160
2945 3220
1171 3290
3506 3620
2150 2240
2866 2956
2888 3137
2398 2555
2266 2561
2148 2283
1461 1758
2093 2154
1981 2072
483 544
3548 3661
948 1844
1547 1584
1086 1164
428 1545
3171 3214
2089 2313
2087 2305
1222 1842
1583 1716
1227 1841
1391 1535
1590 1613
0 89
2176 2180
1433 1511
2706 2896
1409 1768
4 78
2703 3318
2836 3005
2828 3185
2111 2461
1424 1895
3665 3931
2520 2549
3240 3335
1079 1340
2561 2593
2084 2482
2170 2255
2786 3000
690 773
1472 1541
2418 2521
107 484
2340 2602
934 1508
2854 3023
362 463
2953 3084
1912 2595
1377 1861
2237 2339
2218 2500
1993 2103
2323 2460
304 324
1551 1768
2134 2264
1465 2398
1256 1380
1438 1587
1204 1583
1979 2607
1619 1683
1637 1835
2020 2604
3475 3873
1912 2623
2064 2561
1335 1557
745 752
107 1538
1130 1305
1104 1303
277 315
1079 1243
1078 1665
3483 3617
389 1041
2283 2567
2755 2890
921 1685
1959 1987
2271 2564
2756 2862
1993 2578
983 1793
1192 1655
1963 2309
939 1342
2495 2579
3507 3754
2142 2233
2759 2820
2040 2468
3104 3232
1330 1389
760 766
2125 2516
1398 1538
702 839
1984 2404
2299 2625
3558 3792
1447 1835
122 332
1947 2537
633 666
2716 2785
3274 3291
1017 1092
1028 1584
2992 3330
1989 2037
119 252
1684 2729
3187 3256
3640 3828
2052 2203
456 497
1101 1789
1352 1471
925 1572
1997 2560
2081 2465
1191 1663
3726 3738
2896 2969
2010 2582
799 835
2242 2395
3260 3360
2950 3280
2246 2643
2115 2348
1078 1842
995 1535
1120 1611
3010 3026
2233 2574
1684 2832
2909 3184
1131 1310
439 444
924 1070
2124 2190
2912 3022
1384 1505
1520 1590
2689 3073
1234 1343
415 428
1194 1492
3213 3303
2028 2223
1171 1684
3065 3085
2082 2440
3072 3155
107 1697
2347 2630
2754 2863
2047 2325
1351 1361
960 1863
975 1872
2348 2586
3437 3856
1637 1746
1487 1910
3609 3886
1518 1567
1339 1737
1289 1352
2257 2573
2126 2236
2095 2560
1591 1884
1231 1448
2757 2911
3049 3297
953 1483
538 1870
1049 1523
2188 2646
793 817
1912 2648
2485 2553
1079 1612
1187 1410
1976 1998
3493 3719
393 399
3877 3948
2334 2573
2142 2179
2090 2229
2081 2390
1565 1692
3437 3505
1844 1853
1972 2297
2045 2074
2064 2404
3001 3168
2142 2468
92 94
925 1721
2340 2507
2309 2392
2199 2598
2063 2521
2732 3180
1979 2602
3900 3976
1099 1871
2005 2559
2579 2625
3176 3420
2121 2356
1318 1645
1030 1111
2189 2478
1528 1782
3082 3265
2395 2433
2275 2428
1934 2373
1070 1260
1955 2250
418 504
1036 1479
3687 3926
1932 2302
2482 2542
2384 2652
2109 2278
2220 2410
946 1539
1321 1863
2081 2617
1110 1377
56 313
1685 1746
1947 2509
1126 1539
3065 3184
3509 3794
2938 3341
2154 2275
2793 3332
1920 2194
2930 3372
4014 4030
107 1596
1259 1311
2960 3414
1059 1399
1488 1782
2793 3106
970 1567
2057 2572
1988 2207
747 819
2184 2266
2073 2374
2858 3275
1131 1169
1986 2300
428 1114
3793 3810
1684 2853
1522 1659
738 813
113 291
3521 3921
1551 1843
3633 3677
348 458
2202 2658
2355 2461
3437 3704
1117 1288
1446 1882
1947 2629
2010 2399
2689 3085
2220 2376
107 1597
1256 1668
2002 2419
1946 2118
1322 1404
2391 2552
2037 2607
3443 3630
3448 3611
1381 1636
3655 3960
13 98
903 1186
2334 2564
1128 1269
1156 1804
2151 2522
2378 2538
2504 2550
2237 2428
2242 2637
2753 3140
1800 1891
236 304
1258 1584
1954 2509
1377 1598
1059 1795
2546 2638
9 304
2188 2600
1217 1888
2429 2646
136 2247
1358 1490
2956 2977
2244 2329
2046 2276
1132 1886
999 1551
1435 1492
2546 2552
2088 2266
2150 2549
236 322
1946 2088
738 826
2109 2376
1309 1454
964 1259
2120 2156
0 88
1929 2287
2730 3214
1985 2600
1161 1846
3520 3550
1731 1814
1048 1449
431 436
2111 2194
1467 1886
1935 2000
2064 2655
2121 2561
1199 1280
968 1429
2734 2848
420 465
2121 2307
1104 1742
1522 1750
107 1127
1052 1428
980 1242
2679 3293
3542 3545
2206 2462
1940 2143
3524 3623
2102 2419
2877 2994
3456 3824
2124 2213
1605 1816
3468 3810
119 269
2200 2619
2790 2803
1336 1449
1331 1662
1639 1730
2124 2615
1358 1545
780 823
426 471
3538 3567
2806 2919
2957 3011
2131 2462
1370 1668
107 1014
2502 2533
925 1323
107 901
2712 3357
999 1621
1146 1791
1940 2598
493 500
3523 3581
1128 1199
2763 3237
2943 3078
2046 2059
1450 3011
2698 3026
637 1113
2184 2619
3115 3344
1153 1832
2407 2408
3804 3838
933 1014
1302 1619
1912 2561
2989 3089
1917 1983
2240 2619
2118 2638
1431 1757
2098 2164
1287 1516
1339 1768
2374 2615
1250 1795
3107 3343
1914 2024
53 302
2118 2423
908 1203
2663 2978
2758 3196
1277 1899
489 557
3684 3971
2132 2343
1986 2410
1184 1721
2234 2429
1277 1841
2298 2543
1081 1277
2041 2313
1849 1888
2758 2865
2745 2864
2108 2323
107 1220
1024 1302
2436 2458
2489 2602
1327 1813
2240 2550
1942 2631
2935 3072
369 561
1393 1540
3577 3693
942 1032
3177 3207
2033 2654
2833 3258
1912 2569
1189 1553
1659 1683
1165 1283
422 593
2165 2340
3447 3624
1359 1620
1926 2169
0 195
694 845
3609 3756
1129 1229
2708 2894
932 1898
2086 2408
3060 3403
2061 2284
1006 1293
2626 2660
1162 1814
2018 2027
1184 1799
915 1155
483 500
1566 1671
995 1274
725 771
2191 2264
3054 3399
3253 3264
417 497
2543 2594
1431 1842
2087 2223
107 1718
2563 2630
1217 1575
373 559
2144 2599
2756 3084
1302 1752
1465 2420
2516 2555
2890 3033
2901 3113
1614 1665
1966 2586
2728 3285
600 661
2786 2929
3731 3926
1358 1744
2129 2313
0 298
2679 3004
1331 1409
2976 3017
3205 3278
1551 1584
1390 1471
2161 2390
1230 1754
1923 2205
2348 2495
2165 2560
2728 3379
203 272
2512 2582
1608 1804
1099 1102
41 310
408 503
2117 2420
547 555
3150 3296
2982 3318
2187 2598
348 565
2194 2543
1153 1800
1791 1851
3800 3851
807 856
763 803
1086 1902
1085 1825
1163 1839
0 97
1918 2348
2863 3187
3437 3715
2707 3331
1737 1810
1456 1832
606 1744
925 1610
1185 1530
1116 1331
2147 2376
1296 1785
31 252
2694 3096
104 123
57 242
1341 1391
2235 2274
2073 2266
1622 1741
107 1317
2037 2624
2064 2150
2428 2543
3550 3633
370 465
2508 2597
1207 1341
1669 1835
596 1103
2324 2579
2363 2590
2135 2180
411 498
2384 2501
1078 1559
2071 2471
2586 2607
940 1472
1195 1637
1684 2804
374 569
2326 2369
717 798
2359 2433
2155 2289
1074 1470
1064 1831
1184 1827
702 725
3437 3979
2593 2646
805 844
3065 3301
3239 3416
3152 3353
2661 3060
2386 2607
3332 3355
3017 3261
2526 2638
2045 2240
1522 1823
1919 2636
404 566
89 219
1185 1329
2233 2244
2823 3267
1188 1472
2904 3082
2030 2340
2052 2372
1488 1557
573 625
1684 2717
1059 1431
2118 2542
397 523
2951 3219
2210 2244
2198 2598
917 1871
1370 1902
719 727
1917 2090
2257 2563
1398 1863
2716 3027
2686 2950
56 315
3692 3841
731 745
966 983
391 502
2549 2601
1219 1842
2054 2289
2955 3032
2077 2374
2191 2343
3586 3756
2139 2395
1912 2589
1645 1767
2827 2969
186 221
2737 3160
1219 1827
3696 3960
408 500
136 304
718 770
1289 1707
3256 3369
3208 3431
1513 1842
1086 1235
896 1742
3722 3773
2090 2409
2696 3140
2056 2376
2749 2750
2137 2468
348 419
1912 2649
1536 1690
2398 2458
916 1799
1341 1761
2199 2327
2078 2499
2036 2214
2322 2612
1373 1469
916 1285
1848 1871
2331 2433
1332 1695
419 486
3980 4014
2283 2616
1198 1340
2756 3104
957 1459
606 1565
2989 3087
2213 2369
1078 1359
2102 2588
2239 2267
922 1846
1319 1568
3437 3639
944 1072
1961 2281
2035 2397
3182 3386
2278 2370
1916 2221
3572 3714
2724 3356
1174 1803
2841 3089
53 213
2630 2654
2666 2917
2073 2489
107 1338
615 661
640 647
1181 1662
2054 2096
2359 2376
1052 1106
1931 2626
2710 2749
1367 1688
58 269
3106 3345
1003 1816
0 164
2369 2615
1912 2449
1961 2301
1965 2114
3525 3756
1720 1808
107 1733
917 942
3636 3921
896 1691
3838 3934
3645 3941
1314 1333
2271 2520
2077 2184
94 187
266 302
993 1746
2743 3119
3437 3471
1235 1872
768 839
3629 3921
2763 2931
778 819
2331 2613
107 1497
1947 2377
1970 2328
714 767
1078 1835
2326 2423
921 1059
1435 1584
2109 2477
2701 3179
0 177
92 204
2149 2199
1414 1716
2220 2306
2706 2891
348 572
2028 2609
3070 3267
414 515
2237 2381
2038 2498
2164 2462
3612 3758
1094 1545
2114 2412
2248 2286
3739 3868
2150 2611
2280 2608
1962 2037
2071 2289
2822 2941
3512 3929
3212 3321
2929 2956
2901 3418
1217 1364
1345 1379
1158 1872
2348 2467
3437 3916
1222 1675
2029 2605
2687 2742
1538 1750
2589 2616
3010 3080
362 535
1993 2369
2196 2465
1128 1597
0 221
2296 2610
2782 3284
1971 2556
1245 1661
3090 3163
1059 1584
1938 2579
2278 2495
2419 2608
2702 3107
2190 2418
906 1557
2793 3051
428 444
1989 2218
3593 3782
2220 2556
1329 1603
1912 2152
1158 1732
2136 2625
1056 1528
3038 3089
949 1630
724 786
1611 1841
1610 1796
1334 1621
1017 1737
1938 2123
924 1355
3577 3830
2153 2267
2606 2624
1966 2356
1654 1762
1331 1617
382 470
2211 2416
1352 1752
2397 2562
2256 2265
2672 3411
2309 2348
1689 1888
2309 2495
2777 3228
1645 1766
3097 3360
972 1900
1205 1238
2257 2446
483 503
959 1519
2751 3177
107 930
633 680
2313 2317
2077 2095
1160 1280
2220 2433
431 484
722 745
3596 3828
107 1786
2063 2359
1535 1608
1622 1839
941 1638
1570 1675
2719 2796
2392 2590
1209 1804
1963 2033
2365 2659
1645 1844
1948 2295
2266 2356
994 1159
1392 1479
980 1563
3224 3351
391 488
1723 1793
2085 2107
1305 1799
1062 1436
1288 1610
1619 1868
2139 2601
2001 2447
420 566
2093 2112
2992 3378
2669 3065
2957 3061
3511 3794
348 479
2087 2594
1078 1826
2252 2328
2294 2603
3446 3662
3711 3924
1083 1598
1945 2458
1985 2290
3448 3586
2169 2189
1984 2139
577 659
2363 2560
2742 3082
1465 1883
2220 2414
1465 2333
711 722
1963 2244
641 1830
3072 3403
1912 2405
1293 1335
827 828
2290 2348
1912 2137
1080 1844
3345 3352
1995 2583
2241 2643
1970 2243
2313 2441
1637 1675
3562 3919
1449 1836
2344 2509
1600 1659
2045 2121
598 618
1955 2053
2782 3348
1921 2627
1086 1849
3023 3324
2032 2394
2045 2188
2047 2065
941 1729
2694 3004
2949 2983
2223 2509
1267 1795
1164 1352
2361 2440
1032 1303
1971 2188
1075 1746
1130 1584
1488 1839
2533 2598
3519 3579
966 1336
2777 2911
2118 2507
1260 1355
1079 1888
2145 2642
2153 2461
3437 3772
2290 2407
2715 3276
2234 2386
1684 3152
141 172
3980 3986
1104 1426
2118 2122
2395 2606
1993 2037
1971 2625
2024 2640
1048 1753
370 416
2007 2149
1953 2005
2978 3392
1991 2004
2123 2311
2074 2237
507 553
1191 1290
2679 3025
1580 1849
1620 1754
387 436
2133 2187
3900 3924
1656 1702
2128 2338
2154 2559
2138 2508
3762 3934
745 842
3080 3390
2368 2458
1117 1339
2073 2139
1291 1437
3915 3956
1912 2224
1379 1655
3731 3938
2915 3137
1067 1432
2408 2551
1917 2266
2928 2974
3794 3924
2464 2553
2994 3104
1799 1888
589 623
1604 1730
2241 2347
1966 2073
2243 2594
3043 3360
1191 1827
2127 2616
504 555
1162 1696
1984 2184
3142 3195
188 323
374 391
2793 3355
1123 1467
1329 1757
641 1549
1198 1804
596 677
2067 2334
2290 2624
2201 2410
36 184
2347 2430
924 1228
3633 3797
2177 2333
2064 2408
2364 2659
2122 2410
2759 3324
3702 3721
107 1166
3499 3764
2578 2601
2315 2330
3779 3979
1819 1888
2679 2738
1452 1629
3035 3150
2110 2501
2206 2495
1509 1513
370 527
724 829
1612 1741
2176 2304
348 382
352 412
458 545
2398 2496
2894 3261
3501 3800
1184 1826
2109 2625
161 325
1291 1551
1020 1824
412 481
1577 2101
1292 1438
3635 3686
1352 1620
1150 1337
3148 3280
2313 2433
1663 1793
1053 1171
3437 3733
637 1148
1125 1191
3680 3895
3460 3972
1172 1605
2736 3327
2310 2461
2486 2622
399 501
2967 3234
2960 3129
3535 3927
2083 2477
2683 3090
3026 3104
1036 1655
3224 3313
2209 2525
1377 1584
698 872
1940 2180
2872 3363
2176 2336
2851 3430
2784 3349
2125 2512
415 444
2501 2603
2088 2115
1613 1795
2391 2495
477 516
948 1320
1190 1426
1035 1246
606 1487
1413 1475
1160 1835
2826 3165
2275 2601
1121 1482
928 1676
2904 3353
1559 1639
1549 1766
107 1062
926 960
1106 1121
1912 2503
1970 2531
2683 2743
644 664
2492 2604
1505 1758
1341 1370
1376 1835
1047 1675
1004 1375
2521 2590
1272 1753
3079 3332
2140 2549
1559 1752
1351 1702
2037 2218
1199 1205
1345 1635
3631 3786
2020 2428
2313 2448
142 334
1576 1636
2093 2340
2089 2614
2720 3239
2037 2299
2213 2278
3050 3171
3041 3101
2908 3096
3285 3410
1979 2323
2164 2593
3540 3563
1940 2463
2463 2629
2683 3104
2969 3304
3437 3902
1217 1584
1269 1312
1684 3143
2026 2350
2213 2630
107 1257
1559 1823
927 1460
1939 2432
2276 2615
1156 1898
966 1663
2179 2334
456 517
997 1029
2137 2597
2043 2464
3738 3761
465 591
1289 1584
2002 2151
2500 2631
107 1369
947 1528
995 1580
1221 1745
1313 1374
3232 3301
2039 2338
2132 2458
2210 2624
1041 1415
1688 1885
2279 2589
2275 2600
1405 3162
1987 2510
1588 1678
2485 2615
395 567
2078 2309
2190 2520
1671 1829
1185 1768
2340 2575
720 790
1172 1714
2863 3049
2007 2372
26 67
172 308
750 770
2240 2655
2786 3243
1943 2326
2467 2468
906 1609
1502 1894
1684 3324
0 308
1478 1545
1962 2326
2037 2108
3145 3291
3437 3821
1943 2564
1684 3300
606 1512
2033 2543
395 513
1367 1471
353 1012
1052 1620
2088 2326
2374 2464
1997 2276
2542 2590
2072 2283
925 1620
141 304
938 1648
3546 3662
1211 1604
2117 2377
872 874
2370 2654
3022 3149
1547 1886
1142 1881
2561 2625
3353 3403
1302 1610
1277 1848
2212 2408
2706 3362
938 1837
3128 3336
1612 1774
1497 1620
348 568
1984 2356
3738 3956
1402 1772
2153 2224
3337 3369
1966 2428
3769 3977
2074 2369
2189 2250
2210 2414
1940 2302
2183 2518
378 394
2127 2608
2839 2866
2104 2464
3738 3829
953 1804
3586 3796
409 500
2297 2364
2773 3362
2454 2478
1344 1416
3051 3182
1938 2212
2553 2625
2006 2011
2313 2540
2241 2273
1684 3303
713 719
1689 1877
1954 2264
1090 1141
1938 2084
3027 3101
3568 3825
2095 2309
2261 2468
2335 2440
2936 3378
2377 2419
2247 2389
2078 2115
1758 2979
1963 2590
595 659
107 1176
2257 2429
2176 2642
598 636
1126 1280
3251 3372
1066 1166
1941 1971
2764 3340
2087 2343
3468 3529
1714 1864
983 1040
2216 2356
2040 2376
3662 3905
2271 2573
946 1868
1603 1886
2084 2131
2465 2588
1663 1796
2020 2573
1132 1752
2353 2495
373 528
2080 2313
1079 1659
1643 1707
2053 2279
438 517
2233 2409
2739 2830
1920 2151
2118 2233
3297 3335
1817 1863
2183 2465
1143 1706
2339 2638
2150 2323
1612 1662
1238 1839
515 555
40 203
2068 2597
1489 1502
1198 1789
1086 1842
1929 2172
1431 1605
397 481
1398 1851
1304 1725
2218 2638
1086 1123
2056 2140
3132 3332
2174 2436
1970 2283
107 1785
2221 2434
687 739
2676 3195
1519 1620
1309 1751
21 200
418 514
1973 2297
1160 1800
1991 2494
1327 1384
2542 2600
3295 3334
2290 2550
1831 1901
857 3456
3752 3829
17 116
2184 2386
1067 1647
1945 2516
504 544
2073 2381
1995 2116
1399 1597
2240 2573
966 1746
1583 1899
3168 3177
2409 2586
573 633
2088 2352
2461 2555
2268 2645
484 1223
2319 2355
2103 2339
2081 2597
1379 1628
1017 1622
1359 1768
896 1373
107 1724
1786 1850
2150 2190
3551 3723
3599 3769
1920 2127
2108 2354
1604 1885
136 2268
1321 1626
68 143
1440 1718
589 620
1076 1600
1126 1608
2436 2589
1036 1277
2330 2336
3116 3350
1966 2560
1945 2241
1684 3045
2268 2471
2911 3090
2084 2423
1275 1709
2273 2555
2920 2986
2787 2849
1509 1520
3079 3386
2084 2381
3728 3740
2132 2169
1681 1727
2058 2552
2778 3225
2059 2575
1153 1470
1047 1626
2301 2535
1684 3294
630 672
2172 2179
414 582
3634 3761
107 1638
1684 2665
1723 1804
2078 2370
1482 1681
2748 3117
3725 3857
2293 2555
547 548
3219 3341
1375 1613
1981 2199
542 606
1431 1782
2607 2624
1921 2009
1390 1416
2896 2925
2124 2446
1310 1338
1548 1648
3118 3172
3225 3396
2151 2589
1471 1863
1100 1235
563 1217
2081 2344
927 1367
2465 2592
2266 2654
2057 2223
1291 1590
2323 2477
2233 2430
2102 2127
3102 3185
0 71
1238 1517
374 456
2053 2472
2278 2630
1340 1799
1132 1431
3715 3835
1127 1785
2165 2586
2520 2604
1290 1835
1613 1823
1718 2471
1973 1976
2920 3417
2863 3038
2716 2828
2231 2317
1112 1714
1973 2006
902 1899
1149 1589
2174 2211
2155 2419
360 506
2033 2340
2154 2600
760 814
2180 2597
941 1871
1021 1221
2161 2194
1920 2465
2768 3274
1150 1656
896 1475
1361 1584
1318 1881
1041 1681
2748 3106
1995 2009
3195 3284
373 456
2279 2293
2140 2526
2928 3010
3157 3350
1652 1800
2174 2510
387 465
2030 2374
414 654
2742 3345
3573 3891
1026 1559
1712 1832
3118 3160
3247 3347
1946 2353
1471 1804
953 1431
2257 2611
2401 2650
2007 2148
2254 2471
1018 1894
387 514
1986 2233
2850 2924
1402 1757
2134 2336
2186 2566
1059 1612
1431 1530
1621 1652
1479 1502
2172 2188
3948 3962
2793 3120
2164 2404
1661 1824
2081 2398
2359 2477
1684 3066
2118 2376
7 291
2064 2237
2031 2211
1006 1376
2183 2589
2203 2328
1935 2389
2492 2655
2896 2943
1584 1816
1868 1898
1971 2604
475 481
1538 1800
2472 2592
1359 1509
1086 1146
1014 1104
3915 3972
2507 2579
2875 3248
2229 2521
898 1261
2226 2510
3817 3831
2264 2333
2246 2617
2064 2418
769 828
2756 3362
400 487
2052 2068
2088 2287
136 2319
206 260
2345 2510
1230 1391
1511 1656
999 1612
2223 2394
737 828
1166 1241
1135 1688
3625 3948
2127 2491
1497 1646
3463 3591
2290 2430
1768 1804
3690 3803
2327 2603
1070 1781
2489 2593
348 433
1684 3389
2299 2414
378 580
2420 2629
2864 3054
72 212
2755 2877
1966 2058
3056 3193
2692 3233
2220 2542
3509 3718
2129 2236
2140 2500
2446 2573
2504 2619
1380 1431
1192 1595
641 1574
1408 1807
2108 2414
1962 2139
1817 1911
1273 1432
2296 2345
2897 2910
2684 2775
2043 2266
3664 3901
1662 1789
2149 2399
1688 1861
641 1565
2958 3280
2143 2343
2059 2606
483 1543
651 1318
2920 3124
136 2327
1983 2261
3590 3867
1070 1633
2257 2556
1912 2335
2123 2363
2220 2462
561 604
3491 3684
1185 1255
2696 3246
1366 1699
1570 1714
3718 3906
1112 1867
2108 2539
1520 1557
1376 1528
2074 2179
1154 1531
1919 1935
1605 1902
2052 2328
1348 1624
1456 1874
374 683
913 1620
2850 2943
1163 1352
2122 2188
925 1352
1483 1669
3021 3082
2183 2398
688 701
1495 1729
2906 3226
1214 1600
2862 3090
348 504
1054 1600
1150 1858
3503 3779
1471 1604
2781 3280
686 713
2607 2630
1473 1738
2165 2520
1009 1611
2054 2267
637 641
107 1609
2139 2140
1181 1800
2336 2502
3535 3645
1536 1881
2136 2172
971 1158
2154 2218
1538 1793
1059 1572
483 1166
2396 2603
1006 1799
2908 2986
2426 2513
1067 1824
2933 2949
1348 1529
1930 2035
2040 2543
2410 2590
1999 2143
1173 1861
2986 3195
752 784
475 566
2867 3078
2868 3224
2331 2462
1153 1809
482 517
1026 1149
1244 1703
2032 2398
1912 2484
2116 2225
1447 1619
2917 3301
1721 1835
1431 1737
1126 1662
106 169
2819 3342
980 1839
1199 1367
1565 1606
1912 2438
2926 3402
2199 2420
1376 1736
479 483
1357 1692
1196 1718
818 822
1625 1660
475 591
455 510
2240 2276
2220 2504
2123 2266
1666 3186
2024 2648
1292 1716
1991 2022
2787 3034
734 756
2088 2108
1179 1210
1160 1898
2081 2496
1345 1438
1049 1146
758 817
1287 1621
1613 1621
2169 2649
81 286
2679 2994
686 707
3039 3396
1338 1549
186 222
3701 3759
793 808
2976 3182
1101 1211
1173 1447
1351 1547
2032 2338
370 419
686 810
428 1109
934 1823
2213 2446
1014 1381
2169 2598
107 1215
2745 3430
1017 1604
1255 1800
1115 1345
2742 3027
1375 1669
2877 3022
1178 1641
1083 1331
2007 2285
703 797
91 110
1132 1256
1211 1250
800 856
2356 2625
2054 2302
1990 2152
1277 1576
3437 3520
1488 1547
1684 3310
1380 1610
724 834
3491 3938
1185 1613
3346 3379
2985 3339
56 199
1537 1567
1728 1764
2147 2476
783 787
1070 1496
1377 1563
1148 1492
1076 1185
3516 3523
3484 3817
428 1408
2283 2598
2928 3417
1674 1883
3475 3877
2222 2501
378 456
2676 2920
1075 1242
2077 2347
107 1209
1456 1604
2030 2201
3448 3545
2142 2579
388 492
1247 1604
1426 1790
2123 2229
2467 2554
2261 2409
1120 1841
2084 2409
2793 3330
2719 3172
920 1860
3210 3411
1309 1345
1483 1714
3545 3858
1303 1595
1945 2292
2323 2407
2866 3390
1272 1714
1004 1600
3186 3246
2724 3062
3672 3902
368 493
2047 2379
1997 2553
1943 2136
2574 2619
2328 2333
2083 2165
2782 2910
3082 3391
1951 2022
1684 3151
1006 1242
2218 2347
1757 1898
101 180
1799 1813
1351 1821
1268 1343
1054 1390
1001 1237
2408 2428
1514 1844
1954 2117
2334 2611
1648 1837
1979 2374
2190 2591
2966 3166
2060 2323
88 236
2226 2345
2240 2391
107 1600
1516 1888
840 848
2261 2340
107 1018
1730 1819
3212 3406
378 637
2724 3176
431 497
3013 3046
3821 3927
1078 1554
3021 3296
2604 2611
3452 3545
2229 2408
1926 2419
2909 3348
25 94
2064 2532
3581 3594
3033 3080
1966 2220
1478 1743
348 533
2849 3089
26 203
1182 1768
619 633
2232 2313
1292 1596
2054 2451
2324 2564
1934 1936
3488 3542
1980 2645
1409 1734
1800 1813
1447 1723
2901 3049
1997 2323
2928 3257
1084 1570
2211 2322
2024 2365
1125 1390
2090 2122
3103 3420
1649 1706
2394 2434
2221 2568
2381 2485
2986 3064
1125 1457
698 800
1406 1894
1376 1761
2508 2516
2333 2582
730 764
2172 2489
1185 1669
2716 3353
2290 2306
2754 3362
1639 1839
1684 3050
1365 1557
658 675
3090 3139
2104 2500
1481 1591
2669 2755
2125 2643
3016 3277
1757 1868
82 211
2025 2657
3090 3384
1985 2218
463 483
1938 2275
3035 3316
107 1313
1942 2303
1683 1836
3519 3759
1086 1861
1985 2348
916 1559
1172 1238
2370 2520
2261 2381
13 59
2853 3116
2914 3342
1718 2042
2877 2920
701 747
353 500
1107 1800
1259 1348
698 889
2673 2909
1516 1597
1449 1833
2464 2601
2026 2196
1086 1271
1515 1661
2410 2600
3014 3026
2068 2153
423 444
2172 2554
727 845
1318 1464
107 1880
2407 2539
72 132
2753 2869
378 400
2347 2560
978 1623
3569 3826
913 1709
2279 2629
3247 3252
2011 2494
1292 1611
376 471
1976 2012
107 1063
1396 1828
2141 2416
1201 1610
1964 2256
2753 3075
271 304
3567 3857
1376 1826
1513 1791
1973 2001
3097 3124
116 226
2078 2590
1580 1868
2257 2271
989 1628
1391 1399
2375 2548
1551 1813
1810 1826
980 1185
1324 1786
2546 2551
1299 1310
3437 3960
107 1407
366 559
1979 2590
1052 1897
840 856
1077 1577
1399 1471
1153 1868
2247 2273
2071 2241
3684 3780
2010 2133
59 238
927 1675
2747 2863
2989 3355
3343 3411
2258 2611
25 105
2053 2302
2130 2197
2782 2943
1483 1898
1390 1665
408 556
1980 2657
1569 1745
378 488
2088 2408
1926 2396
1285 1809
2712 3188
2680 2743
1172 1456
2336 2385
2328 2343
1191 1243
2951 3259
2151 2223
2206 2591
2395 2549
1182 1835
374 563
1128 1399
2996 3027
3604 3948
2688 3328
896 1277
2668 2727
1447 1772
1943 2046
20 312
1599 1761
2991 3239
2172 2391
898 1373
2498 2616
1011 1249
2601 2624
1985 2309
496 508
2 343
21 248
1375 1800
2053 2399
563 1808
3351 3360
2174 2616
819 880
1289 1714
68 263
3509 3896
1691 1873
1483 1589
2742 3378
3021 3397
2516 2544
1931 2004
930 1427
2047 2533
957 1691
1130 1467
525 559
2042 2194
1339 1491
1959 2062
3002 3341
1048 1377
1439 1757
2813 3178
3138 3211
2410 2554
2742 3148
26 265
2929 3104
428 461
1763 1844
62 122
2377 2479
3596 3824
3674 3847
960 1068
1146 1165
82 252
2430 2623
3144 3235
23 237
2294 2434
1675 1714
1530 1597
2151 2250
2115 2560
1041 1259
1619 1665
391 614
2188 2229
1912 1999
2822 3263
389 1348
2037 2408
2404 2520
1941 2090
3437 3584
1142 1574
2074 2112
710 810
2007 2127
1302 1612
1357 1397
2625 2638
2132 2537
2509 2510
25 297
1352 1598
1076 1597
3048 3431
2001 2640
1410 1676
497 544
1787 1895
1985 2210
1597 1707
1943 2500
450 481
2115 2542
2187 2294
3145 3182
2006 2014
1554 1891
2270 2557
2680 2763
1083 1457
2030 2206
2408 2410
67 223
366 402
1928 2018
1941 2338
1920 2372
3578 3877
1962 2210
1912 2508
2032 2332
1420 1813
2059 2115
1963 2339
947 1804
2991 3172
1086 1832
2123 2347
3129 3226
2944 3065
1234 1443
2414 2476
1221 1298
1491 1516
1267 1730
1983 2391
2737 2845
2183 2592
3136 3253
1064 1443
2748 2950
1684 3213
3521 3835
2183 2434
2875 3043
2664 2862
2032 2102
2465 2533
3519 3774
2073 2564
925 1222
1126 1886
2865 3167
1613 1737
1229 1857
2731 2786
1267 1823
2326 2477
2762 3353
1416 1752
1097 1533
2243 2387
2257 2354
3852 3971
2910 3345
1848 1894
1600 1819
2149 2643
1101 1214
921 1048
2828 2937
107 1643
2270 2642
2257 2504
1705 1719
1255 1467
111 312
2134 2496
2753 3145
2533 2597
2928 2960
3154 3207
3842 3908
2007 2617
1336 1604
2852 3220
2006 2097
2241 2509
1809 1813
1997 2467
2069 2619
107 928
2294 2498
1332 1625
1222 1839
1044 1100
2765 3132
2778 2901
107 1102
2199 2394
1946 2526
1610 1662
2176 2453
3738 3821
1047 1323
1663 1826
2022 2658
3136 3279
506 513
26 285
1173 1191
2153 2325
3437 3892
1986 2655
2257 2624
2112 2386
2201 2559
1045 1593
1388 1609
2906 3054
1205 1813
2940 3096
1997 2500
2542 2560
1951 1957
1076 1737
1920 2125
1438 1459
2539 2602
2187 2328
1979 2619
1955 2203
1970 2333
706 815
1557 1730
1994 2597
1352 1902
2159 2225
748 831
1901 1910
481 489
417 517
1531 1620
461 606
1523 1621
2755 3435
921 1551
313 325
1059 1810
3226 3390
2074 2309
584 596
2007 2384
1464 1794
3542 3658
3263 3287
0 153
1041 1070
1184 1331
2111 2273
3985 4014
2895 3331
2056 2216
107 1389
1184 1250
2726 2978
1504 1624
2010 2241
1993 2190
1110 1622
2709 2812
1912 2073
1347 1828
921 1399
1245 1786
2374 2484
2754 3142
1584 1826
917 1515
1173 1559
2845 3298
1199 1623
1997 2354
2289 2372
48 330
2356 2430
2839 3040
2661 2793
1984 2499
1329 1509
1509 1833
2300 2506
2054 2501
1059 1877
1298 1715
1545 1778
1947 2399
2673 2919
1163 1619
1237 1574
1066 1192
2901 3267
1684 2818
1528 1563
1219 1470
3376 3427
2154 2407
1059 1238
368 500
3581 3695
1339 1707
2005 2237
1918 2098
2095 2261
2180 2643
2430 2542
3233 3285
578 670
1684 3196
2948 3052
2064 2309
1402 1604
2773 2988
1425 1633
16 29
1067 1257
2121 2410
693 824
1684 2876
2007 2393
2093 2482
931 939
2778 3201
2339 2409
1984 2233
2098 2323
1017 1612
2323 2467
107 1289
2323 2326
1447 1675
3629 3850
1146 1209
3142 3387
2966 3390
1471 1605
1091 1619
1985 2615
1470 1563
2732 3181
1945 2351
1195 1800
2563 2604
2346 2538
1722 1730
2290 2611
2782 2985
2762 3027
2921 3198
618 680
2474 2577
25 158
2179 2347
2932 3196
1694 1910
1345 1716
1238 1522
1529 1650
2694 2717
2133 2256
817 819
3547 3684
2141 2637
1338 1807
953 1768
1378 1493
2799 3218
2163 2183
1187 1567
3649 3695
3219 3342
2966 3232
719 824
4004 4013
2681 3054
2749 3364
1376 1516
2323 2356
1926 2085
1947 2198
2229 2309
2409 2430
3027 3341
1184 1665
980 1272
2020 2579
1918 2073
2170 2444
2077 2124
3639 3830
3151 3406
2927 3117
2179 2546
2858 3302
2077 2118
2118 2520
198 393
1684 2840
212 271
2077 2121
2156 2162
1841 1857
113 186
1783 1794
1018 1303
2169 2343
1059 1079
1285 1707
2735 2996
1204 1887
2661 2716
1966 2261
1684 3102
1141 1634
2059 2121
1219 1399
2278 2324
107 1850
1791 1839
1938 2271
2279 2327
2328 2537
2062 2434
2109 2601
3087 3365
2074 2410
1948 2420
2873 3387
1036 1148
139 251
3518 3605
3894 3963
1399 1532
2966 3149
724 820
1934 2523
2059 2492
2092 2590
3506 3646
412 645
2913 3033
1577 2436
2762 3221
2131 2140
2126 2313
3446 3546
1180 1222
1101 1804
1613 1868
2047 2279
2302 2436
1336 1809
3552 3625
1923 2325
499 532
2679 2729
2134 2465
538 651
3591 3855
2030 2646
896 1479
1460 1480
1100 1231
1948 2338
1684 3136
4027 4038
2326 2638
1926 2111
1388 1620
2069 2090
2237 2646
3495 3545
3011 3332
1529 1781
1031 1666
2464 2631
1960 2120
979 1016
2353 2654
1983 2329
1984 2546
118 134
2039 2223
1213 1725
1287 1823
3575 3872
1898 1902
1993 2500
2194 2332
2331 2543
1175 1420
408 484
1081 1282
1623 1652
1148 1691
2887 3025
2165 2212
2381 2492
2782 3064
1191 1280
2054 2597
1577 2279
1117 1516
3741 3852
3947 3976
953 1163
2504 2602
896 1284
2578 2602
135 251
2593 2607
1115 1716
609 636
404 526
1047 1554
370 561
376 417
2925 2960
2669 3142
2098 2308
1718 2003
1970 2537
1927 2004
2773 2953
1399 1750
1356 1910
2139 2257
2404 2630
3072 3385
713 751
2669 3384
773 827
2115 2324
2020 2331
2063 2324
2133 2598
3219 3330
3437 3583
2038 2039
2229 2395
2339 2433
2140 2601
997 1336
2072 2161
2353 2615
993 1269
1972 2022
3437 3936
2862 2946
116 140
2098 2339
3545 3586
1185 1589
2989 3046
432 455
1211 1750
1167 1504
701 821
1986 2276
3437 3440
2669 3033
1304 1634
977 1338
774 824
2543 2615
588 654
1014 1129
3506 3515
2197 2236
231 329
2716 2748
953 1688
1570 1608
3651 3841
1330 1471
1367 1603
3455 3867
2543 2544
3280 3344
2257 2278
1993 2179
997 1571
980 1775
2771 2836
1730 1775
1758 3205
414 615
3532 3564
2783 3385
0 248
2730 2739
1612 1833
2289 2425
3521 3815
136 2463
1800 1836
997 1388
2787 2892
1539 1622
1470 1590
45 322
445 500
1983 2638
2492 2506
2006 2192
984 1502
1163 1559
130 277
2043 2646
1984 2606
2172 2428
2869 3386
2087 2250
122 251
2240 2326
1548 1895
1599 1901
1039 1842
2083 2550
3035 3353
3339 3426
2306 2410
1959 2319
1565 1767
947 1608
2495 2601
1991 2157
559 561
2332 2336
978 1721
1946 2276
1204 1221
322 339
999 1132
1126 1799
484 1349
1029 1160
3774 3918
363 417
2668 3374
686 768
1663 1799
3220 3417
479 525
3981 3997
2835 2946
1619 1809
2077 2520
695 840
3399 3433
1538 1717
2292 2508
2084 2495
0 254
1987 2057
1683 1724
1209 1752
707 746
1799 1827
1972 1973
1684 2681
2684 2937
2404 2638
1128 1621
1123 1833
1939 2396
1491 1842
3203 3291
3060 3360
1912 1926
2919 2960
2698 3090
1205 1329
2381 2560
921 1185
2089 2618
1912 1987
3157 3342
2139 2492
2731 3026
2088 2323
412 614
438 553
2036 2133
2292 2368
1522 1563
1994 2199
2491 2589
2257 2462
1985 2007
1129 1475
1322 1596
2864 2920
348 368
2255 2320
2084 2103
526 1688
953 1336
2324 2593
1488 1800
2000 2097
1974 2368
2863 3006
483 1014
1471 1768
2642 2653
1124 1810
1184 1877
2374 2532
2039 2597
1946 2348
2973 3115
2155 2525
2543 2555
963 1798
462 493
195 273
1425 1671
1037 1525
1684 2706
2428 2560
1329 1888
2127 2649
2085 2379
3486 3569
1149 1622
3558 3870
2339 2340
3528 3557
2213 2624
428 1912
3155 3368
3116 3332
1173 1793
1207 1789
1943 2376
2627 2647
2989 3070
1376 1551
435 497
1912 2518
1219 1662
707 714
3132 3296
2053 2087
1078 1302
2993 3047
26 172
2558 2618
939 1064
1925 2188
1971 2573
2183 2543
2123 2218
2969 3098
439 538
1459 1502
897 1768
1381 1857
2292 2512
2068 2249
2171 2660
1718 2491
1431 1877
524 525
1377 1447
1912 2001
2078 2090
2827 2910
2781 2787
3513 3799
754 848
1684 2769
693 837
3064 3142
2916 3078
1998 2284
2703 3314
2694 3023
3764 3931
2755 2912
2890 3119
1684 2754
3466 3510
1587 1647
912 1808
2392 2478
1525 1529
2104 2307
3355 3386
1214 1789
1102 1591
355 548
2866 2891
3501 3830
2713 3371
856 861
2010 2196
2469 2575
1379 1438
2506 2553
609 666
1092 1768
0 306
917 984
1211 1810
2018 2645
2118 2142
2059 2073
1960 2448
1948 2471
1491 1668
1684 3132
951 1687
473 535
2110 2394
2073 2074
2172 2376
2039 2072
2052 2555
3065 3228
1912 2130
980 1610
2468 2572
3437 3574
1971 2563
1439 1559
1229 1691
398 526
2683 2773
2278 2579
2224 2289
2412 2656
2988 3234
2104 2131
1479 1636
128 334
3926 3930
362 542
1229 1859
0 18
1671 1743
1504 1876
395 423
87 339
3773 3778
2262 2391
2081 2333
1926 2338
2002 2294
2828 3416
1010 1500
1356 1831
2823 3170
3438 3633
2938 3331
921 1753
947 1352
2585 2657
1114 1808
1288 1717
140 312
2102 2459
2867 2986
2081 2274
2423 2601
2032 2285
2327 2473
2087 2372
963 1097
103 323
2063 2550
1948 2351
2973 2989
1458 1782
1085 1847
1516 1623
2706 3220
0 120
2731 3090
1122 1543
2318 2362
978 1888
3065 3078
909 955
2839 3293
933 1502
1820 1828
2958 3179
3035 3277
1390 1530
3004 3022
980 1367
2151 2344
2210 2551
2354 2549
1470 1519
2844 2894
2299 2309
1440 1817
2221 2432
2873 2877
969 1742
3518 3596
984 1273
1007 1303
2078 2326
1720 1899
1352 1842
348 478
2005 2602
2186 2211
1970 2226
2850 3348
2430 2484
350 561
2268 2582
1522 1528
1059 1340
107 985
3471 3930
2215 2384
1393 1522
2331 2542
2084 2172
2518 2594
3470 3767
3437 3698
1534 2764
2730 3189
1766 1870
1559 1717
2699 2959
1563 1804
3448 3677
2772 3107
366 553
1335 1367
1973 2225
2257 2258
2161 2199
1517 1665
3330 3344
1494 1676
3631 3711
9 323
2410 2611
1054 1827
2073 2331
1047 1663
2045 2428
902 957
1912 2206
2348 2593
2863 3270
2068 2328
1399 1456
119 203
2815 3426
1646 1813
946 1196
2111 2617
1330 1610
1589 1750
982 1522
3021 3351
1199 1604
951 1327
1953 2374
2059 2553
3610 3979
1006 1522
2359 2446
391 512
1175 1663
2681 2743
2906 3096
2551 2602
2243 2267
3437 3466
363 1349
2318 2651
186 325
1222 1570
2087 2597
1341 1665
2342 2402
1310 1355
2032 2594
1011 1482
2007 2081
2937 3182
2897 3064
2883 3223
896 1192
1981 2294
1126 1198
3437 3740
1092 1124
1837 1895
2469 2520
513 610
1339 1416
2075 2081
2526 2586
925 1377
2125 2289
2275 2563
1918 2430
1509 1551
1124 1911
927 1048
2533 2649
3708 3957
2927 3232
2032 2169
2495 2546
1912 2611
369 554
2333 2384
2069 2323
1092 1609
1257 1862
2716 2719
1359 1861
3571 3836
2275 2323
2931 3184
2215 2285
2237 2590
3184 3226
3302 3330
2680 2750
1971 2430
136 2267
2718 2883
2045 2309
992 1747
1932 2135
978 1891
94 242
2394 2479
1251 1410
1287 1399
2060 2560
1255 1746
1101 1471
3190 3383
2006 2659
388 566
2073 2103
1684 2772
1912 2170
3511 3530
1129 1277
1070 1473
2150 2586
898 1742
107 1729
107 1165
938 1733
426 504
952 993
419 559
2267 2304
1950 2659
1683 1819
3437 3672
428 609
906 1126
2229 2462
396 547
107 1487
1290 1557
2356 2560
414 603
185 344
703 759
1534 1687
2645 2660
1288 1810
2807 3084
2117 2273
2839 3324
1330 1551
2347 2623
2507 2559
2278 2410
1984 2088
1488 1663
180 242
982 1029
2315 2567
1953 1993
2359 2590
1918 2469
1962 2408
3628 3857
1010 1828
366 1001
2137 2183
1205 1470
2936 3291
2738 3026
1485 1730
2189 2234
2433 2484
2153 2351
23 267
1580 1805
2056 2290
2403 2618
1465 2068
1388 1722
1207 1471
1059 1544
1006 1821
3563 3962
1577 2315
902 1158
824 829
2180 2330
972 1069
2212 2374
2108 2604
376 439
1204 1841
2131 2556
2669 2896
952 1467
612 619
0 93
1367 1819
170 313
2484 2554
1306 1507
1989 2030
55 261
968 1436
2319 2491
983 1370
352 404
1040 1849
3113 3347
1489 1783
2786 2827
1121 1472
2139 2499
1032 1812
1533 1747
3831 3842
1235 1857
2086 2482
136 2472
2187 2582
3038 3380
3767 3927
2757 2925
2125 2328
2368 2533
2133 2608
2042 2133
428 497
2839 3000
3017 3201
3455 3835
3019 3273
3350 3411
2043 2484
1983 2624
1054 1608
103 200
2533 2629
3390 3394
1548 1747
2951 3360
2698 2800
703 754
1528 1612
2907 3000
1017 1614
2086 2376
2069 2546
2909 3000
1941 2208
1076 1563
2055 2077
1488 1888
3072 3214
1547 1746
2210 2559
1163 1480
1340 1532
2491 2597
993 1796
348 475
1963 2123
2717 3195
3291 3351
1080 1514
2115 2363
2102 2294
2038 2180
2173 2540
2103 2477
2062 2543
2073 2601
1352 1811
3623 3947
2974 3363
1205 1255
406 437
13 238
446 482
107 1432
2102 2189
3671 3958
2261 2654
2786 2919
2098 2229
1946 2469
1153 1391
1109 1709
2765 3049
1468 1493
2991 3082
1305 1714
2128 2646
3345 3403
1733 1798
1040 1285
156 235
1931 2657
2084 2551
460 495
1465 2642
2500 2552
1660 1773
2539 2586
376 405
1277 1382
2040 2469
2672 2823
483 1763
1483 1665
1166 1525
2276 2630
1920 2235
952 1584
3457 3831
2049 2313
1068 1365
2871 3344
2554 2615
373 641
1352 1793
2835 3399
2132 2328
1684 3332
508 563
2138 2250
2669 2966
2328 2445
1975 2503
1572 1659
2059 2190
2423 2573
995 1280
107 1116
2101 2283
2359 2381
1912 2579
2104 2414
1305 1584
1935 2365
107 1719
924 1496
2937 2973
2681 2931
3684 3841
0 273
2549 2602
2698 3078
3040 3064
3182 3204
504 528
2068 2169
1945 2149
3924 3969
953 1271
2676 3301
456 465
1052 1444
2377 2498
1796 1849
2479 2501
2124 2150
1938 2074
67 119
2805 3121
1912 2090
1185 1520
2153 2294
1941 2507
2286 2371
2150 2615
962 1210
978 1610
2273 2285
1086 1312
1290 1753
1985 2414
1604 1842
3000 3435
1669 1761
2463 2512
734 805
1017 1752
1684 2688
1516 1868
1345 1448
2046 2552
908 1187
927 1551
1275 1672
2363 2370
1196 1449
3172 3201
2028 2042
194 204
3437 3609
1222 1835
2095 2616
1307 1705
1280 1551
2356 2638
1688 1804
2908 2909
1912 2384
2188 2559
1630 1807
1293 1746
2897 2925
39 105
1914 1980
2738 3036
2862 3054
398 408
446 475
2863 3113
819 856
2200 2429
2060 2272
2002 2510
2741 2896
1118 1648
1282 1649
980 1047
2507 2520
490 548
376 646
916 1256
3486 3909
1929 2586
2491 2592
1235 1436
1078 1181
2131 2619
497 560
1351 1662
3775 3953
1603 1714
2352 2482
200 239
2102 2267
2696 3248
2285 2377
2553 2600
2063 2607
971 1489
3392 3430
2449 2561
1158 1277
2187 2498
1340 1877
1371 1536
3478 3933
2057 2111
451 503
2218 2229
1369 1589
3242 3411
3830 3970
2284 2378
1075 1637
3609 3938
1431 1509
1148 1647
119 324
2253 2564
2757 2827
1231 1345
1912 2080
934 980
2533 2543
2123 2464
2021 2233
2919 3004
3172 3350
2426 2553
930 1645
1406 1824
3464 3829
2199 2315
3756 3889
1146 1344
2037 2476
1259 1815
1126 1195
2936 2998
1970 2592
3437 3497
2054 2246
107 1416
107 1797
980 1707
1912 2262
2993 3123
2253 2532
1962 2164
1985 2339
1665 1750
1024 1879
1984 2086
3104 3364
2739 3050
1209 1557
2827 2956
2706 2974
1 315
2928 2943
107 566
1960 2197
2369 2410
2398 2582
1175 1782
2815 3232
2934 2962
703 820
1312 1793
3633 3750
1536 1876
2028 2133
21 325
1547 1600
1175 1201
134 304
1576 1841
1124 1199
2745 3078
3557 3604
3035 3102
2268 2364
1653 1800
2244 2601
3051 3116
211 331
2124 2553
2142 2446
2697 2820
3040 3149
2588 2629
1322 1392
2742 3416
3504 3677
1985 2215
2188 2206
1601 1798
2324 2602
27 54
917 1081
980 1243
2029 2117
1245 1871
690 784
2507 2551
1292 1636
107 1146
348 351
1783 1820
3658 3756
971 1014
1523 1746
566 1740
580 1142
960 1668
458 470
2289 2322
1059 1488
3040 3047
1684 3215
2102 2555
1420 1721
1570 1772
3036 3363
1431 1849
981 988
1984 2575
84 276
1302 1707
2890 2913
1955 2463
2683 2993
3140 3145
2516 2629
3054 3064
3803 3890
961 1283
1500 1504
2074 2507
1945 2367
2199 2475
1912 2014
1148 1413
2853 3415
353 430
1114 1574
1358 1766
1083 1589
1938 2088
2578 2631
1245 1261
1462 1884
85 323
2148 2458
3288 3313
392 436
1948 2054
2824 3077
2720 3345
1230 1835
917 1281
1142 1358
1986 2619
1219 1902
2742 3277
1017 1799
107 1889
1938 2520
1036 1462
2054 2110
3441 3949
348 356
1273 1282
2306 2352
353 388
1181 1663
2267 2293
1330 1804
760 794
1437 1849
1092 1398
1059 1199
3734 3962
2374 2602
2253 2408
2910 2944
3150 3409
3060 3350
1918 2140
1914 2583
1574 1763
2206 2613
1714 1804
1718 2394
997 1620
2875 3060
2206 2579
118 322
2007 2434
2420 2510
1061 1687
1024 1804
2196 2215
1032 1871
653 666
980 1079
764 805
13 172
1125 1207
150 324
1984 1986
2072 2597
2090 2484
1473 1630
3226 3348
2083 2164
2734 2760
168 304
1376 1793
2149 2642
1283 1683
975 1235
1553 1620
3757 3836
2150 2276
1684 3234
1465 2597
3086 3103
2915 3054
2374 2507
1285 1456
31 67
136 2475
2306 2549
2786 3029
2251 2313
2916 3090
1634 1906
2247 2594
2839 2890
1108 1783
686 840
2943 2960
2347 2460
2188 2363
1998 2585
