414 597
1929 1946
1998 2000
1169 1748
1953 2468
1291 1391
601 629
3106 3299
2086 2324
2377 2649
1375 1750
2040 2409
2464 2586
2988 3166
2746 2920
1621 1721
3233 3379
3501 3651
1269 1522
353 1075
1076 1617
2090 2115
2083 2212
32 337
1209 1886
1820 1848
2055 2590
25 271
363 1616
67 199
456 523
363 527
3291 3341
1376 1846
1730 1750
1188 1366
1004 1663
3982 4026
2023 2089
1004 1750
1078 1717
1636 1820
1962 2275
2820 3275
441 564
2108 2460
1335 1471
1460 1501
1139 1275
950 1410
2206 2229
2078 2275
1598 1757
1126 1809
2803 2996
828 848
2713 3285
2407 2559
1259 1745
2495 2625
2189 2417
1275 1536
66 252
1072 1681
1613 1717
1156 1401
2055 2414
107 1687
3719 3924
2347 2419
2700 3248
1997 2030
2708 3434
2090 2131
1959 2471
1017 1132
3584 3620
1912 1961
1002 1105
2992 3201
1455 1473
2306 2326
1078 1390
1714 1826
3980 3999
2013 2018
3842 3968
1390 1589
1946 2131
1283 1817
361 376
2210 2216
122 186
1986 2339
2408 2546
2112 2543
1970 2125
366 566
2410 2484
184 346
3264 3358
1994 2117
428 570
1366 1725
1536 1686
1286 1459
2747 2865
2326 2611
2831 3214
2369 2485
2064 2578
2282 2617
2286 2361
2235 2603
1042 1225
943 1168
1114 1248
3719 3895
2111 2169
3047 3090
242 346
1107 1810
2131 2376
2352 2433
2877 3064
1361 1637
1941 2215
2131 2287
1156 1230
3232 3426
2866 3426
2484 2574
1946 2630
978 1124
686 782
1663 1746
452 510
1945 2111
1402 1619
1571 1754
2184 2290
650 665
1204 1273
2793 3288
3238 3387
2717 2966
1117 1370
712 714
1256 1832
728 797
2734 2790
2149 2519
107 483
137 289
2189 2427
1366 1667
1757 1768
1959 2161
2784 3211
2756 3073
1986 2184
2278 2532
107 1299
1191 1610
1536 1727
1024 1133
2327 2543
2890 3123
2760 3222
926 1191
1086 1557
2304 2399
2039 2144
1684 3028
698 878
999 1707
922 1780
414 556
3107 3313
1156 1399
2677 2688
1268 1531
1947 2384
782 786
2054 2652
1938 2334
353 936
3493 3506
1130 1839
1684 3156
1547 1823
2183 2187
1912 2077
1938 2233
1431 1600
3035 3320
3540 3618
3590 3944
3452 3611
1273 1502
3803 3906
595 635
1483 1632
1717 1800
1684 2933
3487 3925
760 842
1677 1844
3033 3054
2101 2396
2393 2404
3747 3933
2398 2616
2334 2467
1101 1712
916 1125
3239 3419
142 345
2328 2351
483 492
2716 3198
1548 1733
1420 1902
2989 2992
641 1459
1925 2218
2083 2278
2378 2417
1921 2639
2679 2757
966 1886
1127 1840
2741 3000
2892 3415
2093 2139
2118 2615
1416 1717
2222 2377
1420 1839
3480 3625
1309 1742
1993 2521
366 1878
1707 1746
1024 1199
2408 2409
2428 2646
2315 2384
1491 1707
1684 3201
1608 1621
1292 1628
2706 3324
1315 1423
3641 3655
24 194
3169 3385
2084 2290
908 1033
1742 1871
1377 1637
82 271
1078 1238
2591 2638
1293 1796
3464 3945
1124 1538
2556 2624
2245 2535
3473 3567
2088 2190
3238 3435
1955 2144
2675 2955
1391 1402
3439 3699
2250 2312
1684 3077
1181 1365
1718 2199
1591 1899
1712 1793
1006 1163
1092 1485
2059 2324
107 420
355 474
1238 1717
2236 2317
1765 1791
2071 2133
2271 2630
2283 2293
917 1481
1684 3305
2083 2348
1029 1086
368 371
1127 1472
414 642
2409 2468
1983 2623
3591 3951
582 583
2 333
2428 2430
1196 1753
2409 2543
2011 2025
107 1029
2143 2250
1941 2491
705 827
2329 2359
2078 2574
3553 3840
3267 3381
1076 1675
1335 1665
1146 1643
1070 1828
2356 2579
2376 2553
2694 3104
3437 3607
1464 1660
2744 3256
3076 3281
2674 2796
2793 3191
2174 2419
1999 2116
2340 2631
1420 1663
2271 2460
408 512
2068 2187
363 367
2874 2945
563 634
917 954
2579 2611
2356 2554
3594 3883
1024 1501
1059 1211
2793 3320
2104 2123
2681 2994
2683 2738
3102 3150
2183 2436
2554 2607
2331 2428
2005 2240
1126 1439
1360 1803
2553 2559
1925 2504
2118 2334
1488 1868
1916 1954
1938 2104
2423 2549
946 1431
2002 2605
3116 3397
2601 2638
1912 2500
3204 3291
1204 1875
1752 1804
1918 2542
919 1245
2218 2521
1006 1287
914 1885
2261 2553
1979 2409
2592 2629
2232 2643
1199 1813
0 54
2124 2428
1925 2184
2227 2313
1156 1685
2184 2331
3101 3198
2875 3332
1059 1839
1718 1955
2149 2529
2468 2552
2196 2543
420 1673
2208 2592
2976 3298
2409 2429
492 580
3593 3738
942 1324
1211 1291
2538 2639
1684 3398
1925 2500
311 344
2289 2642
2340 2506
3902 3934
3759 3836
1330 1352
1993 2556
953 1040
698 891
2680 2986
1237 1853
496 513
180 254
3187 3337
361 547
2033 2347
9 252
1652 1809
1199 1772
2042 2191
2369 2460
458 475
1925 2590
444 495
1689 1707
1329 1833
951 973
2233 2507
1912 2545
1413 1715
1250 1796
1431 1449
1948 2187
2900 3412
3605 3785
2956 3384
1932 2010
2376 2391
72 165
2495 2553
2909 3384
2905 3304
348 376
2040 2266
1017 1816
2043 2352
2109 2590
2045 2433
409 497
722 853
1230 1334
1032 1732
2727 3024
2156 2160
2850 2864
2384 2597
483 1406
2820 3295
2317 2587
1547 1619
3540 3968
107 1709
1921 2027
2233 2551
3277 3321
1912 2344
2276 2408
2467 2601
1945 2511
2206 2600
2220 2554
2855 2904
1912 2007
1943 1971
1912 2420
62 236
40 142
1979 2467
1238 1289
2073 2348
2319 2347
2836 2954
2880 3000
2993 3033
1613 1675
1153 1746
1951 2001
1075 1737
3617 3793
2077 2142
1966 2449
3042 3426
719 764
2309 2560
542 560
2101 2199
2084 2220
3468 3823
2770 3411
350 433
3794 3969
747 797
1159 1783
1437 1911
1125 1336
1962 2485
917 1820
1920 1959
2090 2381
3437 3853
2323 2495
1936 1978
1169 1703
1124 1211
2934 3370
1086 1467
3347 3406
418 555
3672 3838
925 1530
2715 2831
3683 3842
2943 3065
1291 1597
919 1261
2054 2567
3289 3302
1684 2790
1256 1768
606 1699
705 803
1285 1668
898 1732
2909 3226
2468 2594
1085 3556
2912 3078
916 1172
2753 3434
2742 3199
2685 3081
1504 1541
1986 2142
1196 1735
2078 2506
26 69
3722 3850
2062 2327
3692 3851
492 524
1563 1683
2068 2144
359 481
2374 2654
2124 2229
921 1621
1989 2190
1184 1724
2915 3078
573 680
3259 3276
2053 2333
1398 1833
1427 1801
3119 3257
1997 2625
2677 2764
2711 3177
1684 3067
3725 3743
1684 2735
3187 3196
2705 2925
1135 1723
1092 1250
370 428
1070 1446
3292 3341
627 659
2328 2608
3730 3824
394 398
2157 2417
1684 2827
2819 3192
708 730
1153 1172
2121 2602
1377 1663
3296 3434
2869 2937
1979 2063
1917 2055
1191 1620
2773 3166
118 342
2118 2543
2081 2367
1070 1469
2122 2369
2304 2594
1912 2175
934 1551
697 719
1618 1827
1688 1864
2715 3146
483 1694
3207 3241
2472 2555
3714 3906
460 492
3172 3313
2781 3335
1078 1551
1917 2307
25 186
2404 2600
3069 3154
1378 1629
1985 2369
2143 2512
0 146
1199 1816
1014 1473
500 503
1587 1893
1590 1639
1040 1589
1389 1898
1376 1637
1104 1432
559 669
726 830
2600 2611
145 179
2945 3433
1310 1876
2499 2591
1448 1596
1946 2352
2300 2576
2090 2546
2090 2240
983 1399
2676 2698
1059 1191
107 1849
2414 2543
1925 2150
2110 2327
1528 1835
687 759
1833 1886
3150 3297
1947 2518
2539 2630
2308 2624
1172 1868
1230 1243
1020 1066
1589 1598
1542 1665
1509 1765
3084 3293
2088 2206
2137 2351
792 850
1076 1532
901 1895
2028 2187
107 1453
1129 1647
107 1821
713 817
465 601
999 1068
475 490
1946 2083
1954 2009
2043 2188
485 518
695 781
3152 3288
2504 2560
1601 1787
1004 1539
2778 3261
515 545
1914 2645
3027 3380
1322 1720
1912 2267
2363 2549
1620 1864
1741 1879
2524 2611
2126 2283
952 1269
916 1376
2081 2347
2282 2315
1173 1389
2176 2294
2223 2250
428 1446
1966 2095
1986 2391
2104 2602
2777 2910
1547 1589
1199 1305
3119 3135
1532 1597
1925 2056
1402 1900
3587 3641
2237 2308
1614 1799
2436 2543
1163 1605
1979 2604
3929 3948
2150 2539
2684 2894
1965 2133
2104 2139
3150 3419
1182 1528
719 817
170 185
1589 1735
2071 2072
1024 1028
1519 1688
1489 1495
2525 2603
1718 2588
1786 1873
2139 2326
1302 1816
1211 1376
363 1744
903 1895
2047 2384
3474 3604
2103 2352
1954 2472
2135 2475
2748 3116
2962 3001
2676 3149
2386 2395
1156 1288
1916 1970
3024 3107
3667 3683
953 1086
2410 2638
389 1699
2828 2875
2351 2420
1941 2148
2749 2909
915 948
131 177
1912 2089
3469 3474
1255 1663
423 634
2938 3182
2231 2448
3495 3618
1373 1706
2131 2521
3060 3381
461 561
1391 1826
1060 1067
2058 2093
1074 1553
2163 2395
2203 2533
1989 2499
1195 1835
3545 3611
1479 1573
2429 2512
2261 2352
730 783
1457 1712
128 322
980 1267
1049 1116
1293 1608
2261 2485
2211 2637
2184 2261
2078 2150
1117 1849
2779 3356
1289 1431
156 258
1078 1329
1912 2052
395 398
1211 1335
1341 1888
1272 1823
1106 1418
277 339
2285 2336
1912 2093
1107 1149
357 486
2742 3206
2104 2407
3980 3982
1319 1371
2264 2537
2738 2864
3396 3422
2037 2121
1148 1347
2010 2081
1324 1871
2854 3430
1376 1653
2111 2385
369 442
2331 2469
1666 1684
2334 2363
1665 1842
1037 1109
2853 2869
2869 3335
2750 3108
2223 2345
906 1867
2047 2191
1035 1170
1684 3180
1736 1768
1590 1612
1107 1584
107 1319
1943 2546
1912 2475
3206 3291
1577 2283
2683 2854
3920 3964
2347 2624
400 493
994 1427
3463 3793
1604 1800
2716 3260
1613 1622
2863 3296
1935 2585
727 752
2253 2484
2757 2919
1067 1841
2664 3029
3049 3102
2679 3417
457 459
1377 1804
366 1427
3567 3595
239 303
1109 1139
3034 3178
1471 1659
2064 2329
2873 3435
2208 2462
1075 1290
589 636
2278 2339
1404 1899
1610 1752
1129 1404
1507 1876
2039 2148
2103 2460
308 323
2102 2344
2738 2809
637 1374
2006 2225
925 1054
3576 3596
995 1239
2045 2404
975 1379
2786 3433
1059 1370
1917 1984
1360 1726
0 247
1195 1563
1367 1620
2140 2359
606 917
2154 2216
2331 2654
2386 2464
917 1121
1684 3408
778 830
1684 3392
2090 2206
1478 1671
1940 2010
1613 1772
3635 3731
896 1751
980 993
1946 2507
1256 1551
2121 2559
0 33
2090 2625
2409 2625
2091 2197
1936 2497
1606 1844
1948 2081
1948 2463
1033 1697
2951 3103
1946 2164
981 1204
304 322
383 387
2862 3104
966 1559
2473 2547
903 1892
2394 2473
1024 1707
1104 1596
3295 3415
1534 1701
969 1820
2095 2369
387 444
2224 2643
1951 2157
2234 2506
2724 3068
2956 3417
2891 3234
2153 2508
1663 1665
1918 2056
1569 1646
1955 2328
3391 3416
3038 3291
1912 2280
2189 2589
917 944
952 1059
2521 2526
1216 1378
1204 1279
1589 1721
1512 1790
3026 3052
2086 2201
1377 1886
2682 3366
1255 1272
2198 2518
1964 2317
2825 3075
2087 2144
1689 1735
1475 1682
2661 3049
1249 1703
1684 2962
3437 3739
1981 2592
2257 2404
3150 3277
1380 1712
1081 1742
1285 1598
2266 2350
1167 1783
1185 1509
373 496
2697 2962
3793 3924
2183 2302
2005 2625
2045 2561
1099 1894
2077 2369
1126 1196
829 842
2244 2507
1431 1480
770 797
2169 2516
706 805
605 644
1547 1662
3493 3900
73 299
1298 1475
2161 2652
2224 2330
54 119
2140 2600
2384 2531
3849 3904
2064 2381
1181 1839
1962 2359
3288 3393
982 1207
1078 1735
1207 1370
2188 2574
428 492
2273 2582
1554 1563
2972 3309
1502 1725
1082 1190
966 1431
823 828
1936 1990
211 239
1199 1370
2109 2276
1146 1214
3198 3379
2135 2336
2200 2575
1019 1591
1126 1717
3102 3344
2800 3174
2770 3280
2007 2332
3494 3705
2115 2418
2986 3065
2500 2507
526 1528
3488 3605
2020 2556
1963 2074
428 430
3039 3199
419 567
1917 2468
729 878
641 1313
951 1274
2040 2311
2365 2645
130 322
107 1000
2196 2471
3712 3734
1345 1638
1312 1520
592 633
1419 1684
2348 2646
2109 2374
1917 2206
916 1791
151 310
193 259
2394 2571
1182 1420
2045 2220
3002 3420
1958 2364
2960 3119
3521 3728
1044 1221
2078 2526
419 483
127 281
3480 3586
2087 2629
2063 2464
1076 1551
2131 2179
1655 1715
1947 2415
1941 2333
2698 2906
2726 3045
2081 2252
1238 1800
1199 1835
136 2225
420 506
686 756
2071 2384
1238 1826
0 323
2299 2423
36 284
1330 1879
983 1331
2384 2400
1917 2154
2071 2151
2068 2135
2005 2395
2275 2404
2471 2617
1577 2319
2026 2336
1526 1545
1522 1603
3437 3833
2206 2543
1472 1633
1721 1902
3450 3860
3280 3296
947 1730
2323 2354
686 776
2806 2891
1973 2620
1455 1654
1729 1850
2482 2549
686 749
1409 1570
2074 2611
760 800
2283 2491
2589 2617
2676 2777
2683 3080
1912 2086
1547 1613
2944 3153
1420 1888
2124 2139
493 538
2407 2500
2901 3167
2865 3236
1019 1279
1943 2573
903 1363
3672 3852
713 752
2032 2143
2086 2233
302 330
2894 3111
348 352
2220 2563
3047 3096
2257 2339
1330 1722
1810 1879
2030 2229
107 348
3456 3495
925 1613
2354 2646
1509 1617
1957 1991
1302 1604
946 1377
2212 2564
1653 1717
1926 2510
3034 3327
3137 3231
2973 3106
2392 2607
1912 2590
2915 3096
1390 1523
465 683
1997 2604
2918 3256
618 666
2234 2393
898 1282
1997 2404
2629 2643
2559 2654
1454 1783
2184 2189
1622 1683
1648 1895
1221 1277
0 229
977 1348
995 1517
1522 1685
1620 1746
995 1447
380 457
859 885
2025 2620
1086 1809
1804 1839
902 1459
2191 2250
1327 1702
2891 2905
3024 3233
2026 2250
1053 1183
2559 2561
1563 1689
2352 2410
1215 1429
45 303
2031 2514
1547 1849
2755 3417
3454 3547
1467 1613
2973 3206
2040 2564
3177 3366
1720 1764
1199 1804
2867 2940
3526 3543
1912 2235
3019 3210
924 974
2828 2989
3519 3571
416 500
1017 1123
1465 2087
1191 1554
2414 2549
3107 3242
1049 1867
1052 1472
2063 2611
2246 2511
526 1540
3132 3291
2778 2921
2898 3214
1485 1718
2127 2367
1354 1660
1663 1724
3078 3363
1970 2081
3320 3378
3758 3945
1204 1503
2717 3033
953 1888
2679 2920
24 101
1577 2149
2781 2863
3486 3870
2021 2179
1078 1902
3259 3369
2140 2506
2086 2104
2738 2911
1352 1737
2315 2609
1644 1765
1963 2154
2047 2653
1388 1902
2807 2837
1166 1472
1839 1842
2676 3364
0 299
2040 2240
1076 1156
2222 2344
1580 1772
1516 1816
2880 3023
1062 1343
2451 2522
2131 2184
3227 3324
1768 1835
2071 2125
2770 2849
2374 2561
429 531
362 495
400 461
1118 1371
2078 2359
2043 2370
1584 1619
1979 2484
107 1418
719 745
1153 1160
2283 2589
1971 2056
1272 1644
2989 3330
917 1373
2531 2616
475 1374
1124 1858
1132 1199
2289 2617
3077 3373
2436 2502
314 342
1598 1879
1453 1818
2339 2468
3306 3331
2123 2554
1989 2088
934 1305
3252 3265
67 224
1227 1706
3452 3488
2139 2218
567 3487
2750 3040
1161 1911
1993 2030
2033 2244
3437 3940
2516 2649
1004 1250
133 236
1120 1129
3437 3671
2122 2615
2084 2139
1331 1559
2142 2590
2464 2495
2042 2385
3596 3926
1925 2109
515 524
2327 2617
1126 1605
2329 2551
2719 3051
1367 1789
2206 2218
2088 2443
1054 1293
2172 2521
488 527
2750 2782
3684 3938
2110 2199
1614 1819
2682 3233
1124 1827
2482 2520
2268 2327
2598 2609
1650 1828
902 1067
1688 1795
1352 1886
3574 3877
2742 3347
3106 3321
3737 3860
1979 2164
2064 2083
2419 2512
107 925
1126 1242
1107 1796
2939 3316
1013 1713
2206 2210
2040 2123
903 1548
1020 1661
941 1820
3672 3962
3514 3687
3926 3971
1406 1871
2087 2247
694 713
1059 1522
1104 1578
3437 3710
1259 1541
504 539
995 1029
2307 2553
2033 2261
2866 2911
3692 3756
107 1732
420 553
1986 2271
374 535
1983 1993
2045 2064
2907 3220
1577 2028
2960 3158
2224 2273
2084 2512
107 996
1288 1816
2005 2123
2250 2616
1345 1475
3486 3826
597 611
1639 1779
2559 2579
2706 2827
1912 1970
2200 2395
1984 2520
997 1610
2718 3187
484 1408
665 675
2504 2551
1423 1573
2240 2324
1523 1867
1973 2024
2716 3140
1997 2078
370 683
758 781
3005 3185
2185 2518
747 810
2293 2398
1032 1227
2095 2299
957 1148
1522 1622
2153 2268
2781 3027
349 508
1557 1879
2253 2593
2521 2564
30 329
0 19
1080 1565
2244 2506
953 1390
1267 1868
3493 3810
2344 2498
1281 1396
2039 2471
1242 1375
2537 2649
438 561
2793 3132
696 845
24 266
2005 2045
2925 3065
820 830
1329 1843
1214 1243
1986 2418
984 1215
3487 3566
1620 1804
1210 1549
1426 1720
2052 2649
1359 1571
2118 2429
500 614
3519 3757
2398 2512
2706 2749
1517 1613
2049 2628
3019 3412
618 631
966 1256
1989 2220
2323 2600
2068 2215
2206 2460
1993 2045
2785 3089
107 1856
1017 1125
1912 1992
2853 3297
1192 1479
3592 3891
2333 2597
2878 3346
2111 2125
2129 2656
2578 2590
2068 2268
107 1862
1948 2047
1964 2525
3148 3434
2072 2203
1352 1509
2136 2467
2892 3285
2476 2561
1086 1509
363 1844
2187 2496
1107 1288
1404 1611
1260 1304
1926 2186
1675 1765
1473 1901
3075 3097
2887 3090
2086 2553
392 473
1450 1505
3521 3827
1475 1790
1375 1737
376 610
932 1211
1516 1668
2039 2117
1019 1322
2753 3051
1028 1520
1962 2646
2241 2436
1685 1833
0 134
1925 2638
2800 3004
2147 2615
2180 2377
2037 2356
2040 2275
1950 1957
697 890
1337 1911
2870 3077
2669 2676
2756 2786
2121 2467
3120 3239
2083 2188
2124 2339
1406 1729
1589 1737
946 1083
1190 1715
2150 2404
2032 2588
2758 3366
2237 2604
2122 2184
3596 3627
2250 2508
56 277
1469 1624
2054 2143
561 669
1043 1889
3860 3884
1741 1898
1117 1302
400 421
487 492
1250 1789
2911 3202
1373 1894
2768 2921
2695 2943
1124 1772
1984 2200
1276 1791
22 339
2237 2521
2211 2318
1281 1820
354 361
2184 2233
2815 3040
320 329
2184 2334
3024 3328
3636 3802
1733 1787
960 1175
1078 1663
2850 2910
2074 2404
2738 2743
1737 1879
941 1020
2763 2880
2008 2232
1014 1508
978 1330
2050 2538
966 1230
2303 2526
1914 2022
1287 1804
2324 2542
2742 3212
2228 2440
3101 3146
1516 1663
1273 1820
706 810
2331 2539
3197 3299
978 1255
2022 2447
2007 2653
988 1221
23 227
2278 2602
978 1842
2077 2446
200 322
1056 1842
1954 2368
2339 2602
3306 3353
2416 2642
1476 1527
1172 1214
1040 1584
1423 1591
1983 2619
2754 2896
1012 1699
2073 2340
2045 2631
2220 2654
719 820
1171 1908
1675 1867
946 1816
2287 2363
2823 3350
2071 2138
107 1890
2987 3158
2290 2418
1132 1597
1577 2062
896 1573
2122 2619
2029 2298
2800 3000
1279 1857
2826 3211
2004 2620
1545 1767
2028 2616
1056 1238
1684 2846
1128 1539
2206 2408
2043 2276
2212 2275
2430 2500
1059 1735
389 1037
1951 2659
2939 3152
2135 2283
2152 2357
1986 2433
2676 2897
3569 3969
523 545
1947 2053
507 566
980 1608
2063 2602
2103 2200
1685 1813
2973 3223
2083 2631
3437 3456
2104 2142
2250 2463
422 545
1712 1898
3196 3255
2944 3243
72 291
368 416
2283 2642
1391 1551
2328 2642
1312 1827
3674 3788
1583 1903
2201 2520
3154 3162
1488 1554
3684 3721
1491 1617
2125 2133
1191 1842
2326 2383
1997 2084
3065 3108
1170 1820
1209 1800
2916 3129
2590 2591
1746 1750
3279 3353
3219 3409
107 987
2192 2657
1963 2578
1917 2136
3437 3452
1367 1879
1684 2960
1098 1567
3539 3690
2555 2598
2147 2383
1935 2364
2419 2603
2042 2629
107 1351
3437 3499
3460 3469
718 787
2492 2564
3210 3366
1530 1707
965 1500
2064 2244
1143 1418
1941 2542
1433 1825
3496 3505
1547 1864
3768 3793
1100 1221
580 1210
637 1673
1965 2049
960 1078
384 464
3481 3594
2911 3226
1973 2337
483 919
2131 2449
1809 1886
2217 2375
3486 3951
960 1024
549 563
3677 3851
107 1105
947 1376
2043 2326
1458 1488
1946 2112
3017 3397
2716 2989
2053 2117
1489 1729
1272 1312
2855 3280
2125 2372
2482 2602
107 1612
107 1235
966 1107
2271 2369
2729 2981
2559 2590
2989 3120
3240 3319
966 1714
1086 1689
2103 2326
1278 1344
1986 2363
713 781
2363 2521
3604 3790
1925 2078
3140 3161
3082 3316
3437 3635
2030 2118
1959 2072
3034 3345
1231 1462
3710 3907
107 1463
2674 3296
3437 3522
606 1671
1438 1592
2220 2290
2124 2287
1086 1660
2199 2361
1128 1272
0 142
2183 2555
1684 3418
3596 3635
1199 1377
2786 2944
1437 1909
1032 1704
1146 1222
2028 2330
1419 1437
897 1361
1912 2604
2086 2131
459 563
96 213
1205 1554
2142 2449
2233 2655
2873 3022
473 483
2729 2907
494 559
1385 1529
687 688
72 239
352 517
1608 1861
3657 3857
958 1333
924 1536
2278 2460
2872 3430
2032 2511
13 252
1275 1469
3002 3162
1971 2324
1542 1589
2084 2553
592 603
1135 1746
1247 1807
2278 2631
2894 3112
3145 3419
107 1406
3013 3299
1920 2617
2038 2187
2370 2575
3616 3799
3521 3685
2554 2590
1173 1553
2127 2144
107 1047
1590 1736
3741 3851
1079 1757
2420 2653
2666 2773
2987 3149
119 331
2861 3216
1070 1355
3057 3222
2125 2198
1284 1841
2084 2559
2302 2377
1041 1703
2072 2468
2148 2533
2346 2389
2176 2310
2339 2559
1479 1899
1190 1479
2257 2276
3179 3185
1132 1390
1598 1793
1522 1730
2112 2429
1920 2398
1025 1696
896 1635
2333 2594
1160 1669
2706 3096
2189 2347
2035 2107
1099 1316
107 1312
2796 3280
2210 2579
1185 1622
2919 3363
1250 1344
1235 1783
1153 1816
1107 1554
113 172
783 849
1269 1516
2329 2563
2074 2218
2201 2604
3280 3288
2337 2447
1344 1685
1280 1388
3768 3914
3082 3206
1465 1702
2142 2334
2664 3004
2118 2356
2143 2159
2539 2574
1108 1373
3070 3247
2254 2282
1260 1472
2062 2652
1039 1271
3498 3867
1028 1835
1663 1761
1102 1261
3111 3225
3578 3790
3437 3533
2410 2586
1989 2352
2191 2336
3660 3775
3101 3225
711 847
2689 2896
2551 2552
2972 3283
1067 1680
1396 1454
2037 2521
1121 1541
696 805
1684 3144
1014 1345
2675 3107
1985 1986
2129 2317
2815 3149
3768 3906
2070 2236
1117 1173
1082 1381
2344 2438
966 1793
3450 3497
1087 1838
1302 1750
1966 2352
763 820
348 560
2127 2629
2122 2407
2142 2561
400 482
413 445
2398 2594
1750 1800
2140 2347
199 313
2870 2934
1436 1686
2668 2795
2266 2631
3179 3434
2782 3384
2037 2077
1156 1810
2153 2347
2286 2503
1684 3047
2469 2526
3022 3294
1193 1585
1135 1835
2936 3027
1947 2588
1761 1833
280 315
2680 2925
707 767
2495 2564
2087 2293
2679 2946
1912 2187
2633 2636
2045 2363
2374 2381
1923 2525
2770 2778
772 845
3674 3677
747 856
1947 2247
897 1530
2110 2132
1351 1399
1156 1746
1718 1947
2849 3101
1684 2762
960 1238
1242 1653
1912 2609
2319 2351
2686 3075
1609 1842
419 493
2331 2560
1335 1365
1217 1444
3102 3320
2830 3154
1051 1500
1948 2516
1959 2068
3740 3835
1603 1752
2002 2183
917 992
203 239
2119 2371
180 346
1577 2273
1984 2542
999 1584
1983 2492
2874 2940
2036 2211
981 1448
1264 1749
2109 2484
2507 2553
583 635
503 514
3525 3842
2851 3231
2095 2423
2055 2302
2680 2706
2069 2339
1476 1670
2313 2366
966 1341
1082 1550
2216 2482
188 280
2206 2253
953 1717
1496 1703
2206 2539
1261 1273
107 1619
574 678
1684 2870
1684 2897
422 520
32 167
770 845
1190 1448
1551 1589
3 188
2763 3026
1330 1447
4026 4030
1791 1868
1971 2200
3539 3890
936 1677
2884 3390
3089 3397
2370 2601
2869 3252
1049 1816
3075 3313
3158 3363
1730 1811
2315 2420
1029 1551
2102 2508
2275 2423
2289 2471
3452 3902
2229 2602
3437 3795
3437 3937
3752 3945
1048 1471
500 548
3437 3945
2912 2956
1029 1173
3437 3667
2910 2913
695 805
1237 1313
1600 1663
1534 1674
1964 2117
1227 1576
1172 1173
2888 3300
3032 3187
348 519
2328 2491
2069 2212
1310 1703
1955 2537
1528 1637
2381 2433
2102 2259
107 1358
3018 3346
2148 2174
2434 2438
1571 1839
651 1692
2069 2604
1015 1592
2123 2257
1933 2317
2810 2986
1032 1192
107 1260
3034 3313
3005 3287
3571 3975
2849 3406
1028 1799
56 297
2039 2336
2681 2956
409 525
2068 2434
3736 3948
1587 1611
2850 2927
2218 2549
3148 3272
2092 2387
1998 2459
1396 1729
2081 2148
438 465
1142 1374
2103 2240
1072 1847
2554 2600
2179 2229
2542 2611
2473 2491
1623 1795
363 936
3705 3907
2955 3018
2154 2607
2047 2516
1003 1380
1517 1827
2030 2121
2755 2839
2694 3324
2313 2358
1277 1611
3214 3279
493 497
2675 3330
1547 1868
1361 1911
354 397
3545 3654
3644 3850
2150 2504
2485 2560
2389 2512
1385 1574
2190 2484
511 566
1684 2926
949 1072
1921 2378
934 1185
2135 2372
1940 2176
2451 2491
2112 2526
3485 3528
2139 2638
1862 1899
1787 1876
2755 3108
26 304
2354 2410
363 1512
3437 3623
3499 3532
1637 1888
2278 2446
2111 2472
1075 1813
1222 1389
2423 2624
2407 2543
2738 2773
3616 3647
3209 3320
1170 1303
645 651
392 566
3501 3968
1021 1036
1312 1879
752 805
2758 3256
1232 1371
2892 3233
1959 2243
553 645
1198 1416
906 1861
1587 1628
1523 1835
2059 2430
1580 1707
2033 2266
2201 2553
1195 1891
946 1612
1941 2099
1257 1647
2688 2693
2069 2369
2311 2334
1912 2495
2526 2607
3483 3690
367 546
1010 1412
2757 2969
965 1686
1302 1390
483 1142
2115 2154
490 491
784 853
1794 1844
2890 2931
3026 3137
921 952
1214 1652
2183 2344
3186 3320
2117 2144
27 119
915 1565
80 320
1289 1437
1216 1784
3509 3947
696 727
2890 2977
3480 3677
1388 1393
2189 2567
1153 1238
30 224
2864 3362
2271 2467
2308 2347
617 654
1984 2290
2430 2549
1628 1661
2668 3341
1613 1761
1983 2348
1061 1144
1269 1757
2266 2602
2112 2561
357 424
107 1239
1684 3098
376 614
2368 2461
1729 1751
2620 2627
1632 1835
1175 1835
3642 3838
1124 1222
1062 1876
1524 1888
1917 2323
1024 1839
1130 1271
686 724
170 188
1927 2337
2128 2502
388 544
1367 1431
2098 2172
3512 3533
2854 3303
955 1045
142 277
2279 2510
1986 2261
2005 2354
941 1742
921 967
3460 3601
1471 1547
2381 2549
2131 2423
82 119
3085 3232
1557 1663
1032 1373
449 543
353 637
2198 2344
3060 3145
966 1737
1392 1413
2153 2332
748 849
2047 2327
3520 3971
2526 2542
56 211
1917 2353
2165 2507
2943 2986
1959 2102
1940 2102
994 1479
2968 3020
2864 2960
2489 2638
2520 2560
1941 2071
2869 3060
2058 2290
2141 2289
1416 1623
2043 2354
2233 2374
1104 1859
360 442
1959 2075
2729 3166
2266 2477
3994 4018
1110 1321
1009 1628
1192 1682
1935 2636
2839 2910
2169 2273
1420 1879
1959 2396
3587 3696
239 265
3464 3554
2062 2351
2002 2246
3002 3082
925 1675
1940 2649
2329 2543
252 345
1343 1584
50 314
2460 2542
1684 2977
2757 2917
1235 1550
1614 1833
3022 3040
2276 2467
1056 1201
713 772
1981 2333
2181 2587
694 834
122 169
2799 3053
1001 1543
2257 2602
2309 2631
1765 1842
452 519
1356 1497
3642 3860
188 291
1241 1686
1078 1839
422 555
1079 1721
3815 3921
3835 3850
3488 3824
1184 1769
354 474
728 838
3437 3469
2890 2915
3018 3412
2060 2404
2943 3417
21 281
1646 1885
2288 2406
3036 3137
1983 2563
1083 1271
2356 2655
1523 1659
251 320
2170 2490
2827 2911
1943 2083
1610 1653
2212 2521
1620 1881
2045 2623
2164 2233
2243 2344
2069 2404
2240 2478
2409 2600
1456 1772
1006 1078
824 840
583 595
1361 1399
1436 1472
2899 3392
2194 2491
2179 2604
25 283
2095 2464
1769 1799
2331 2482
3642 3938
2201 2290
1577 2002
1222 1819
2220 2631
698 769
2138 2445
2948 3065
3029 3073
2135 2319
2166 2335
107 1813
1331 1361
2084 2407
2287 2410
373 402
1227 1475
1684 3013
1959 2042
2738 2839
819 823
2864 2908
2871 2875
1914 2633
2326 2604
526 1329
517 545
1576 1647
1113 1122
2869 3416
902 1204
2134 2642
2352 2578
1261 1893
1126 1768
2748 3188
2213 2229
1188 1500
361 557
2729 3362
2778 3239
3140 3219
2184 2478
747 758
2749 2920
3568 3810
966 1800
483 1751
2139 2489
1471 1480
1112 1242
805 837
954 1871
789 839
3664 3933
2968 3077
3437 3513
1918 2624
1662 1768
1156 1431
2954 3327
1210 1767
823 834
2037 2630
353 517
2672 3145
41 151
1141 1228
1377 1717
1920 2543
1645 1763
1520 1846
3794 3903
2132 2241
2875 3280
1539 1621
1912 1959
982 1537
2786 3324
914 1807
2053 2537
1620 1861
947 1391
2161 2336
1598 1619
107 1414
2064 2520
1298 1786
2352 2506
929 1317
2945 3257
107 1712
1221 1830
2908 3108
3152 3274
2101 2509
1373 1703
1684 3366
1590 1717
107 941
2758 3162
4018 4030
1642 3319
2871 2881
1955 1959
4 218
2336 2394
1564 1905
3830 3880
2031 2066
1014 1857
2218 2574
3236 3359
2556 2579
2446 2543
1663 1819
2674 3252
2122 2433
1938 2468
1181 1632
484 1740
2086 2190
2719 3102
1334 1765
2302 2463
353 1744
2059 2611
1006 1017
389 1415
2495 2654
1101 1736
2683 3417
2176 2199
1912 2113
2668 3215
3161 3225
966 1078
622 623
2007 2589
3120 3191
901 1601
2458 2617
1175 1334
2443 2527
1643 1804
1986 2093
2005 2131
2014 2225
2964 2979
2081 2247
1531 1543
1211 1632
3437 3543
3545 3831
2326 2593
376 444
1434 1822
3437 3815
2140 2408
926 1280
2334 2625
2026 2608
587 634
818 839
1462 1873
1612 1623
2880 2945
107 1671
1166 1373
1684 2958
2280 2390
1040 1238
1971 2088
2684 3262
2815 2839
1946 2606
1079 1242
1285 1399
2213 2542
1299 1703
1658 1807
2030 2484
1912 2374
3515 3958
1269 1291
2283 2463
1716 1862
40 113
1485 1845
1639 1714
107 1017
3458 3468
2917 3195
1112 1688
1789 1804
2863 3429
2088 2460
3680 3718
414 438
925 1539
2578 2593
2240 2504
1006 1612
2854 2931
2071 2510
643 675
2020 2423
2937 3206
1048 1409
1059 1532
1117 1609
2755 2872
0 239
2356 2469
107 1160
966 1390
2778 3082
1491 1864
2172 2210
2968 3258
2750 2866
1008 1708
2101 2479
1052 1541
2417 2459
2087 2385
2154 2625
1684 3280
1227 1404
1662 1879
1962 2190
1912 2570
2334 2543
1964 2361
2266 2630
2845 3261
3034 3287
1958 2116
1416 1724
2326 2578
2300 2543
3120 3146
2266 2381
2390 2434
2904 3247
1941 2039
2689 2717
3455 3498
3082 3116
3049 3411
3460 3466
1379 1462
1946 2468
1067 1379
1405 3168
3255 3264
2247 2289
1577 2653
2302 2491
1277 1661
2504 2624
1815 1869
2115 2331
2356 2573
2253 2607
563 1688
1444 1713
395 451
507 544
3304 3324
2492 2638
1963 2109
1333 1568
1076 1796
967 1238
2674 2781
1189 1348
2112 2552
2463 2616
107 1148
1684 3109
2101 2451
1613 1796
1261 1454
773 781
3177 3285
2976 3076
2067 2189
2038 2169
2043 2098
2724 2947
2083 2090
66 334
1390 1539
966 1285
2042 2436
1570 1663
1101 1551
3525 3656
483 1692
1004 1524
1491 1538
2086 2590
2150 2546
1684 2728
2007 2268
2194 2279
2916 3426
1549 1565
1520 1768
251 284
3437 3674
2748 3215
1086 1662
1256 1902
764 783
400 512
2951 3159
1456 1752
2282 2598
3471 3484
1006 1845
2276 2376
2921 3214
995 1431
1709 1749
1078 1437
925 1774
2777 2897
2733 3152
67 280
774 843
423 637
2992 3191
1345 1862
1014 1824
2905 3232
3608 3867
2410 2520
378 483
1736 1804
2142 2253
1929 2188
1291 1370
2784 3099
107 1219
1393 1551
3116 3320
1610 1753
2354 2539
2323 2446
2250 2498
1984 2308
2605 2649
2511 2592
1274 1708
722 768
946 1163
1369 1420
2139 2586
1365 1420
3039 3320
2977 3166
3576 3902
1972 2658
1689 1796
1993 2573
3107 3421
940 1906
2213 2619
2087 2264
2672 3319
2020 2290
2136 2576
2340 2478
2208 2560
9 277
2088 2150
1132 1175
2154 2381
1669 1746
3291 3320
2509 2537
9 295
1993 2124
2543 2598
496 515
1917 2520
239 261
1153 1230
1171 1450
2139 2253
828 847
1912 1988
1946 2240
2369 2499
1277 1578
1986 2086
2793 3297
1347 1495
3462 3930
26 277
538 1878
2941 3068
211 222
1460 1637
3318 3382
676 683
481 504
1413 1732
1941 2464
754 828
3829 3843
2068 2289
1211 1391
1923 2557
1298 1873
1597 1735
1999 2284
1465 2153
1359 1675
2033 2326
1195 1851
1032 1316
1060 1148
1122 1740
1190 1475
3064 3149
1574 1695
2312 2384
1938 2638
3722 3862
2827 2985
1445 1806
2676 3284
1237 1514
517 1237
1158 1413
2206 2381
2364 2636
1582 1729
3497 3707
1367 1605
1421 1866
1915 2156
2775 3233
2973 3422
2969 3284
2741 3078
1530 1668
2339 2395
1993 2370
2063 2646
3884 3902
2810 2920
107 998
2730 3162
1684 3078
1979 2564
1247 1725
3611 3672
2846 2914
931 1212
688 695
107 1079
2121 2469
2123 2615
1684 3131
3053 3105
1681 1847
3072 3086
2081 2132
2333 2598
2839 2985
40 332
372 429
1265 1608
1707 1730
1086 1556
2343 2498
1948 2072
2059 2216
67 290
2087 2191
1146 1230
3642 3930
2137 2143
376 481
3609 3968
1944 2242
1684 2758
1349 1673
596 1233
2005 2118
2936 3373
2433 2602
2575 2646
3028 3155
1986 2077
1165 1758
1589 1614
3084 3137
2868 3373
2033 2624
3349 3353
696 713
3456 3557
2107 2440
2069 2271
2706 3303
3297 3330
2352 2553
1230 1376
348 555
701 794
1966 2206
640 661
3191 3203
2218 2356
2030 2446
2538 2658
2241 2419
361 489
1932 2543
2190 2278
1986 2037
1369 1590
1330 1570
3040 3226
1917 2391
2102 2203
2679 3104
1459 1691
1168 1472
3232 3417
1004 1622
2045 2115
2117 2328
1918 2619
2758 3019
3049 3206
2229 2524
2409 2492
2060 2122
2124 2586
1097 1216
3604 3737
1404 1576
1975 1990
2928 2977
1175 1736
2089 2570
1739 1783
705 778
374 565
2951 3410
451 544
2030 2043
2381 2600
1296 1525
1079 1516
2123 2154
980 1323
3158 3433
2429 2430
3654 3824
3062 3289
2948 3184
993 1886
1491 1623
1346 1537
2003 2161
2039 2368
1942 2449
1993 2376
2863 3274
203 338
2118 2123
2142 2220
2937 3350
2071 2117
57 346
3002 3287
1389 1730
945 1406
2986 3054
2919 2985
2333 2498
2502 2543
2919 2986
1156 1799
1181 1746
2164 2324
1007 1170
3077 3125
3731 3884
2083 2244
3254 3343
1973 2116
2062 2222
2037 2507
1350 1413
1923 1944
1032 1495
2043 2485
1420 1467
2843 3032
3320 3386
1465 2543
2951 3415
1014 1015
641 1318
686 723
2074 2150
315 322
1256 1370
360 543
20 226
2578 2625
1348 1904
3437 3901
2139 2233
3446 3585
1191 1730
3437 3449
1983 2324
1181 1375
1972 2004
2244 2468
1966 2218
1377 1898
1196 1769
387 525
765 792
2078 2549
3406 3421
1376 1589
2423 2477
2098 2506
1450 1792
2996 3224
686 737
978 1835
896 1120
2083 2478
2936 3261
1563 1768
3813 3864
3767 3803
2282 2491
107 1570
2090 2593
2356 2586
2033 2037
962 1545
938 1568
1181 1584
1231 1647
2460 2550
1962 2655
3534 3906
1205 1250
1827 1891
1235 1273
2211 2610
1238 1471
3298 3396
2264 2377
1342 1700
1076 1833
3332 3403
1983 2495
2982 3382
1373 1396
439 451
2894 3185
2348 2564
2087 2344
917 1787
1718 2333
3596 3889
538 542
954 1661
1437 1626
2289 2509
1082 1192
2059 2520
217 324
2328 2542
3442 3526
2510 2555
1299 1727
2759 3426
1948 2461
2777 3085
1165 1719
1345 1859
1684 3422
1459 1628
2165 2323
3501 3734
2661 3321
1291 1714
2323 2410
414 579
1352 1868
2950 3101
768 833
2476 2507
2673 3436
483 1066
2133 2417
1981 2434
2118 2363
1175 1765
1066 1661
1182 1185
1742 1751
3576 3966
1155 1621
2116 2145
2220 2575
1079 1746
2701 3261
2038 2425
1842 1861
25 272
2223 2280
941 1282
3002 3221
1205 1608
1256 1361
1951 2004
2172 2591
1939 2243
354 519
2311 2462
2149 2588
686 750
2172 2386
1413 1647
2336 2434
2018 2116
2871 3062
2030 2184
3571 3774
2958 3302
1946 2586
2521 2654
198 501
1925 2492
2970 3416
3136 3335
1214 1329
3503 3731
1305 1524
2172 2539
484 1114
1481 1876
1341 1730
1117 1839
2754 3363
432 438
3107 3340
2282 2629
774 819
1984 2118
2750 2906
2267 2385
2776 3105
2940 3426
136 2543
2095 2646
1010 1228
414 644
2575 2579
941 1257
1979 2069
2666 3040
1964 2488
1989 2339
1979 2340
1447 1722
101 266
3703 3755
1408 1453
2669 2906
2002 2196
1979 2115
3326 3395
2045 2084
2018 2297
1184 1242
2003 2642
903 1097
3998 3999
2542 2549
2026 2279
2108 2306
1341 1608
1691 1884
3557 3702
1344 1352
2192 2640
2206 2507
1392 1459
2206 2348
1494 1705
2365 2627
2108 2374
1584 1658
1972 2639
1019 1611
1327 1520
2395 2654
2661 3201
107 1227
2143 2377
1291 1752
396 475
538 1679
2187 2461
1054 1707
896 1102
116 326
2698 2782
3118 3162
2837 3080
1107 1488
2735 3075
2290 2374
3610 3888
1101 1399
2005 2433
2276 2625
1361 1722
2112 2258
2033 2625
1323 1520
2392 2542
403 458
2172 2374
1636 1873
3619 3970
1945 2224
2198 2434
3239 3277
989 1104
91 259
2081 2594
1110 1717
2083 2590
483 567
1046 1194
1184 1603
2352 2464
26 62
1359 1796
3437 3793
2138 2592
3172 3179
2863 3365
107 1060
1714 1721
25 323
3256 3402
125 136
375 484
1918 2090
1125 1809
1993 2340
3653 3918
686 688
2257 2353
1352 1551
3542 3800
2276 2348
2856 3115
1320 1677
1305 1563
3926 3968
3082 3291
2095 2468
3082 3411
2833 2991
1985 1994
1912 2214
967 1614
2088 2552
913 1561
2237 2561
113 132
2925 3098
1380 1619
2863 3116
2560 2604
395 400
3761 3945
1580 1793
397 554
1038 1161
3469 3761
1217 1482
1979 2329
2056 2311
1535 1685
1645 1692
2264 2396
3611 3790
1447 1605
2839 3417
3011 3350
2194 2302
744 848
1029 1078
1550 1841
2028 2163
2220 2607
348 449
107 971
2290 2469
2818 3350
3437 3764
1391 1877
1344 1796
2064 2549
2960 3000
1175 1621
2335 2523
1017 1351
1033 1806
1128 1538
3443 3906
1659 1724
2198 2264
388 497
374 591
1517 1622
2183 2643
3555 3758
1938 2112
2911 3022
2068 2475
1600 1761
2376 2392
16 82
1947 2436
2343 2516
1936 2023
2243 2274
2109 2611
2356 2546
1488 1662
2772 3357
1983 2611
1181 1737
2325 2502
1684 3261
953 1330
949 1529
1953 2055
2111 2133
1205 1323
378 414
3529 3614
2928 3400
1192 1578
1100 1350
3884 3971
3014 3104
1984 2414
2240 2507
2154 2623
3120 3419
404 479
1059 1603
2180 2547
2056 2579
1471 1827
2672 3261
2720 3087
353 1475
1199 1619
2392 2404
1958 2171
2040 2142
1231 1347
3267 3320
1926 1970
1796 1804
2664 2738
1419 1758
1329 1813
2149 2582
2423 2586
2112 2604
1113 1473
1979 2624
1912 2382
615 665
595 681
1017 1867
3437 3868
1026 1613
2836 3383
1976 2472
2142 2526
1566 1743
2237 2352
3049 3115
606 1436
3645 3782
0 26
2539 2600
2292 2544
1912 2396
1912 2181
2124 2655
2046 2408
2283 2533
1014 1786
2244 2638
1021 1345
1813 1826
2151 2203
119 146
3046 3299
1290 1827
2763 2944
2064 2348
2307 2469
1144 1555
1420 1846
991 1283
2264 2597
2109 2526
2212 2220
2261 2607
1923 2610
2063 2123
422 663
713 734
1321 1561
723 824
1312 1819
1230 1746
2302 2502
2986 3433
1199 1827
1066 1820
1986 2340
1007 1429
2134 2616
967 1833
3154 3380
2153 2511
952 1530
3115 3291
1214 1723
2103 2115
428 520
2754 2806
1146 1195
2491 2555
2153 2617
2347 2543
1941 2199
107 1211
1130 1460
980 1879
2043 2607
2235 2461
1661 1871
1391 1754
925 1004
2300 2331
1799 1819
2180 2224
107 1266
1416 1771
2339 2369
1924 2259
2093 2307
2270 2425
2192 2365
3534 3758
3098 3195
997 1722
162 326
1966 2404
1146 1420
462 525
1929 2556
1985 2631
917 1742
2542 2546
2135 2512
1799 1886
2007 2302
2611 2619
1881 1910
1480 1666
1184 1683
1644 1652
6 95
26 55
357 369
2340 2489
1600 1752
2781 3151
2743 2907
107 1848
136 2538
2754 3022
173 427
1107 1351
3488 3902
947 1059
2028 2071
596 1412
1420 1736
357 459
1209 1242
3541 3874
376 488
2897 3232
1819 1835
107 1519
727 784
2782 3040
2928 3220
703 709
3061 3308
1684 3370
2869 3350
2617 2649
1026 1312
1912 2338
2141 2270
1597 1600
1261 1309
3291 3345
2769 2943
3525 3674
3101 3330
2726 3229
2778 3397
2092 2350
1997 2218
3611 3966
3223 3342
1243 1833
2040 2103
1191 1516
3051 3288
3089 3345
2924 3085
211 315
1997 2118
2862 2912
1934 2361
1983 2646
902 1190
1146 1164
2275 2654
2913 3384
978 1367
2060 2307
2184 2578
2340 2485
2093 2253
1305 1622
1182 1431
566 1237
3809 3933
2778 2991
3185 3419
1919 2143
1876 1906
2084 2631
376 397
21 88
949 1106
1146 1644
2719 3344
107 1280
1684 2732
1059 1793
1097 1424
2093 2121
2661 3182
1953 2339
2211 2289
1917 2563
1583 1841
308 334
2398 2589
2084 2611
2196 2496
2410 2526
2174 2338
1691 1716
2183 2319
1684 3330
1371 1880
3437 3829
318 334
2896 3363
3458 3900
937 1785
2063 2308
395 507
2052 2241
2104 2253
2936 3015
107 1499
3076 3434
3706 3794
107 1681
925 1076
2271 2276
1953 2104
1173 1519
2428 2468
1330 1791
2563 2564
2051 2558
2229 2392
1101 1665
2097 2192
2340 2477
1450 3278
2133 2343
2927 3096
2404 2423
2083 2200
2038 2463
728 805
1003 1835
3 26
982 1610
2949 3083
2946 3228
3870 3906
0 129
906 1110
1482 1496
2086 2575
2096 2568
2366 2592
2052 2458
2494 2538
2665 3345
2408 2414
1927 2011
2086 2604
1885 1897
2253 2539
2128 2509
2081 2491
2668 3177
2464 2526
1952 2368
1997 2326
588 678
1714 1902
2461 2475
1635 1857
686 734
1415 1469
970 1307
2033 2212
906 1659
1144 1174
925 1460
2077 2233
2103 2655
113 285
55 104
2477 2646
2777 2986
2138 2533
3035 3397
2988 3417
3836 3899
1024 1370
1489 1850
1525 1634
1617 1707
1985 2586
2521 2655
2282 2509
2827 2872
2243 2598
1204 1432
906 1551
2863 3316
1928 2284
3446 3580
1166 1820
2069 2464
1126 1712
1688 1737
2261 2624
842 853
3869 3870
1117 1205
1330 1604
2155 2247
2061 2647
1979 2098
3084 3300
2134 2153
2919 3054
1298 1347
1939 2032
1939 2292
2482 2521
475 1882
170 342
726 844
975 1862
2579 2630
2554 2586
2715 3050
1014 1158
3291 3406
2414 2469
3459 3534
3513 3616
705 726
1415 1783
1317 1561
1684 3155
576 650
1489 1503
2909 3232
2336 2533
2128 2151
2139 2482
3184 3294
414 480
1199 1842
119 122
1828 1893
363 402
1302 1800
1305 1471
3497 3926
1684 3069
517 556
2386 2414
947 1663
0 241
1125 1898
582 681
1001 1397
1941 2078
2674 3115
513 524
2340 2546
352 462
107 1322
3684 3797
2057 2608
1958 2585
1917 2084
1794 1910
2200 2600
1740 1882
1329 1528
1983 2446
1912 1952
953 1665
2088 2446
483 1881
2111 2572
1929 2542
3062 3366
1047 1471
2264 2379
3677 3684
2839 3364
2278 2564
2742 3120
372 455
1066 1824
2069 2500
1662 1689
2194 2555
2777 2782
1940 2333
2138 2643
2907 3417
2381 2590
2984 3223
2669 2910
348 374
732 806
2329 2623
1962 2095
1352 1491
2224 2475
2369 2579
3488 3858
1556 1810
2810 2867
1415 1472
0 192
2224 2555
2026 2550
1388 1768
2188 2307
819 824
3113 3148
1211 1305
603 684
2795 3307
1261 1595
2223 2330
185 285
2664 3250
2539 2554
1520 1597
2909 3026
3598 3698
3064 3108
2674 3381
686 785
3043 3110
73 126
978 1305
951 1033
3654 3703
3821 3933
2292 2509
2347 2546
1153 1471
53 146
2492 2552
3596 3672
1572 1730
1973 2627
1047 1352
2924 3293
2122 2551
2142 2482
2761 3237
1773 1881
1659 1891
2661 2770
1115 1862
888 889
1941 2194
939 1212
363 385
3279 3374
2278 2607
0 60
3591 3822
2246 2294
2275 2414
1603 1795
2030 2460
3437 3558
2458 2649
1036 1158
2381 2462
1322 1903
497 513
2125 2241
2747 3312
2681 2738
2020 2354
1159 1781
1088 1803
0 108
2384 2473
1367 1380
1377 1757
1971 2078
1324 1850
25 257
944 1169
946 1302
1968 2640
3440 3780
3047 3348
3303 3324
1946 2184
1376 1570
2404 2564
2062 2396
1385 1770
1935 2659
1912 2568
2149 2185
1250 1608
1237 1374
2420 2597
2107 2126
82 121
3475 3543
1049 1059
1173 1665
1816 1826
2624 2625
1153 1600
969 1783
2124 2600
2574 2590
2146 2152
2244 2552
1718 1940
1107 1330
1467 1509
1914 1973
2120 2260
2689 3064
1918 2266
2002 2054
323 341
2253 2619
404 440
348 362
434 523
686 780
3223 3420
3448 3838
1360 1847
1211 1886
3749 3789
1576 1691
1457 1898
1988 2426
2755 2944
2907 3293
2303 2339
1966 2526
3518 3838
2127 2498
1231 1475
2294 2332
142 297
2091 2173
2179 2184
654 685
94 299
544 570
1195 1768
3172 3298
1198 1532
1211 1243
2246 2582
703 792
1588 1687
700 795
1377 1621
25 79
2986 3166
3034 3342
2110 2432
947 1832
3785 3858
3203 3395
3564 3821
995 1323
784 834
1392 1655
4016 4025
3182 3350
2132 2280
2927 3417
651 1080
2264 2273
2139 2331
39 121
897 1590
1405 1467
1020 1108
1577 2174
2347 2556
2951 3233
1191 1352
3076 3350
2619 2655
2057 2199
2939 3027
862 865
3106 3391
3491 3966
373 491
2056 2078
3668 3761
734 784
2356 2604
1452 1648
1056 1813
708 774
3503 3959
948 1660
1431 1554
2194 2609
1608 1827
3838 3940
1288 1370
950 1445
1979 2404
2150 2326
2053 2191
188 304
14 310
1314 1548
414 602
925 1617
1085 1187
2894 3403
2047 2572
1912 2513
69 304
1985 2073
3069 3366
1912 2094
3052 3348
2347 2369
2064 2354
3097 3117
2719 3017
694 738
2001 2636
1292 1345
1471 1614
3596 3913
1991 2001
2205 2211
2032 2475
1344 1752
1352 1608
2223 2635
1984 2521
2292 2294
376 489
2332 2475
2662 2783
2275 2578
2787 2932
2005 2060
1663 1752
107 932
1604 1614
2717 2905
932 1330
1675 1730
2563 2602
2340 2574
2194 2509
2905 2913
1370 1610
1616 1744
1542 1898
3633 3968
980 1659
2095 2276
2212 2410
1957 1973
2278 2492
1010 1159
1563 1622
1963 2446
1960 2342
3051 3344
1319 1601
1361 1668
428 594
2847 3173
2312 2389
21 223
2028 2420
3038 3203
2081 2458
1056 1898
2292 2629
170 252
3907 3921
134 248
1086 1375
2160 2587
348 534
896 1170
172 268
1388 1522
2927 3022
1117 1902
2902 3131
1938 2446
1432 1438
2102 2196
2430 2563
2973 3280
3442 3521
1606 1744
2946 3211
3771 3949
1739 1876
1079 1214
3101 3366
2465 2643
497 515
2880 2966
0 74
2117 2463
36 135
3274 3397
2800 2912
1078 1491
3109 3212
3090 3339
1282 1786
2059 2200
3311 3382
2973 3239
1101 1800
2091 2126
1935 2494
1006 1741
3909 3931
2150 2237
248 291
1125 1488
2159 2657
175 277
2118 2467
2173 2534
3527 3902
1415 1507
1927 2365
1718 2187
1827 1902
2985 3052
2640 2658
2115 2339
2142 2172
1181 1335
1237 1800
1070 1738
3529 3915
2973 3021
1940 2616
1941 2180
249 302
1732 1783
1547 1888
3108 3348
601 1349
265 331
2661 3353
1449 1863
2102 2215
3118 3403
939 1154
107 944
2033 2233
1485 1782
2289 2616
1017 1457
10 169
1684 3229
1054 1724
1388 1813
1205 1861
688 856
967 1888
661 662
2921 3345
1006 1431
1160 1620
2229 2543
2091 2260
1473 1699
2047 2335
3168 3233
2336 2491
2729 2738
2931 3129
2694 3108
367 553
1714 1793
1938 2121
2847 3255
2138 2293
397 485
1563 1730
1304 1703
1138 1889
1228 1725
3124 3196
2385 2530
2032 2176
1199 1902
1846 1851
2910 3363
980 1393
1222 1590
2102 2198
921 1891
1487 1536
1963 2395
2102 2176
2532 2590
2047 2137
3758 3818
107 1283
2976 3378
1522 1559
906 1048
503 537
1532 1604
3456 3943
2500 2607
1351 1799
2142 2539
1718 1926
2135 2282
1153 1668
2271 2409
119 125
3640 3762
1001 1542
1138 1896
2244 2391
686 850
1940 2026
2112 2381
2172 2460
747 838
2896 2928
1835 1867
1078 1800
4027 4032
2429 2449
1267 1617
1467 1782
1298 1857
1765 1813
947 1637
3437 3443
48 80
2807 3394
2372 2471
107 1442
2707 3019
2839 3065
2124 2374
1086 1351
1153 1833
1420 1614
2386 2521
1440 1852
1122 1349
3090 3392
3318 3423
2849 3332
1184 1800
1066 1508
2863 2991
1761 1868
2104 2210
1985 2140
416 563
1310 1686
1341 1559
3169 3416
1617 1851
1163 1471
2206 2625
982 1256
2155 2491
2536 2591
2551 2575
1943 1963
2032 2543
165 334
2268 2635
107 920
3437 3707
1106 1749
47 301
1615 1806
1059 1712
1472 1807
1345 1459
2509 2547
958 1837
2309 2550
2142 2229
297 323
2351 2592
2033 2131
1199 1754
1597 1663
1390 1467
3437 3743
483 1284
1463 1804
1201 1811
1123 1799
1997 2253
391 637
484 1029
1809 1816
2115 2124
927 1513
3075 3357
2218 2606
651 905
2069 2098
1637 1845
2072 2199
688 723
3255 3385
2180 2516
2352 2549
3496 3629
3258 3360
107 1268
1163 1791
2043 2077
2109 2551
1480 1816
1926 2589
3070 3355
1160 1604
828 842
1102 1786
2121 2237
1411 1618
2055 2339
2026 2394
3154 3160
3437 3838
1730 1864
2679 2988
2368 2501
1184 1813
395 495
2088 2261
2748 2901
2235 2438
1480 1619
2214 2313
2059 2464
1082 1257
1416 1610
2410 2550
1340 1620
2201 2460
2486 2490
1063 1431
1177 1218
2212 2655
465 473
819 840
107 1893
40 317
1607 1896
1173 1639
2133 2209
1026 1757
2052 2102
2794 2810
1980 2012
948 1464
3018 3366
1229 1862
3720 3749
1205 1768
1482 1876
2199 2642
1083 1132
1060 1715
3100 3162
376 483
2003 2438
2763 3426
2911 3098
1238 1370
3758 3969
2183 2475
966 1799
2417 2598
1595 1729
1670 1765
2690 3349
2757 3036
1112 1209
1939 2241
3013 3060
1516 1604
3042 3303
1620 1689
348 451
2914 3380
2190 2586
3737 3804
2884 3044
1153 1617
2095 2253
3146 3277
4020 4027
1269 1799
2154 2206
376 432
745 755
2756 2924
1341 1416
1946 1983
3443 3645
1135 1761
1146 1614
968 1110
2561 2564
2367 2581
2924 2925
2793 2833
2137 2555
3098 3301
2212 2261
995 1083
388 475
2395 2655
2904 3411
2290 2376
1048 1827
1684 3138
1339 1750
2495 2623
2053 2134
483 1122
2669 2943
952 1149
1086 1112
2716 2753
1923 1964
989 1044
1684 3247
2680 3085
2951 3203
2033 2142
373 374
2866 2905
175 321
2474 2644
2428 2623
1080 1294
2340 2347
1149 1735
579 598
3060 3101
3116 3396
2969 3426
2700 2818
1684 3325
705 780
1044 1227
2122 2542
1576 1862
2745 3153
1209 1572
128 169
2057 2254
1702 1865
688 754
1395 1909
2002 2511
2833 3201
1456 1714
3046 3248
1070 1448
1684 2915
3611 3877
2040 2206
1917 2139
1205 1604
1048 1811
1621 1669
2059 2220
2338 2377
104 277
1036 1227
1405 3100
1925 2201
1503 1729
1465 2247
1789 1799
934 1768
2328 2394
1659 1800
1390 1746
2164 2601
2202 2659
1235 1284
2334 2601
1110 1711
2386 2423
1440 1702
731 805
611 654
2007 2588
1329 1391
2862 3433
2190 2593
2188 2347
2896 3284
932 1675
1205 1609
455 557
1280 1736
211 272
3829 3900
1371 1568
968 999
3489 3676
1312 1750
2896 2916
1761 1768
413 465
1684 2810
1951 1991
1995 2346
3437 3889
2005 2554
107 1760
500 537
1277 1284
2925 3129
1930 2117
1078 1832
48 302
24 180
1361 1662
2688 2725
3148 3403
1078 1791
3101 3224
3437 3547
2871 3111
1962 2428
2313 2558
1416 1597
2556 2625
1003 1746
1509 1718
1160 1609
2331 2423
2093 2484
978 1198
2258 2409
1308 1472
1222 1688
2300 2476
946 1516
2268 2385
1953 2073
921 1663
3087 3296
1428 1541
1675 1810
1004 1523
2241 2319
2969 3033
1211 1370
1613 1813
1183 1223
3639 3883
376 517
2117 2598
2056 2468
2485 2492
434 497
584 631
592 621
953 1707
1193 1387
2030 2104
3450 3731
2309 2482
457 477
104 200
2213 2464
1029 1613
2336 2451
1088 1193
1985 2386
1912 1940
2749 2810
2005 2404
1448 1857
1006 1132
2743 2777
2279 2399
1078 1126
2510 2511
1981 2003
469 505
897 1467
3481 3695
2216 2655
3608 3713
1204 1647
2777 3220
2992 3199
2840 3403
2240 2323
2668 3357
1280 1741
1352 1547
952 1017
1054 1861
3731 3790
2064 2477
1377 1612
1427 1673
1079 1589
999 1532
1993 2334
1912 2274
1280 1488
1159 1188
2992 3291
1920 2609
1028 1329
1981 2081
1376 1659
3162 3302
1979 2216
925 1184
1940 2191
2086 2467
2672 3386
1201 1608
368 526
1078 1580
3056 3220
1551 1669
2240 2467
2104 2218
1645 1801
1460 1842
2991 3265
2172 2467
2377 2598
2020 2542
2323 2549
2348 2604
3146 3381
2148 2635
2214 2366
1447 1888
2307 2446
2072 2508
1075 1752
2484 2526
2215 2547
412 494
1962 2504
397 541
1912 2455
973 1863
526 1710
3545 3605
2111 2491
709 777
3458 3643
1531 1743
2005 2104
2949 3063
2891 2913
1189 1226
1335 1584
3000 3238
698 862
3828 3966
1037 1259
1125 1199
2931 2960
1420 1520
3076 3378
3119 3293
644 680
172 199
922 1312
2890 3293
1274 1615
370 392
924 1469
1717 1867
246 315
2664 2986
3426 3430
2084 2526
1994 2315
3038 3154
916 1092
3835 3862
2237 2326
1059 1341
1999 2647
3499 3719
3558 3866
2601 2646
98 265
3353 3360
3734 3851
368 378
3002 3249
1684 3435
2103 2428
376 525
382 474
2540 2634
896 1417
925 1796
414 542
2772 2803
2795 3148
2866 3064
2853 3146
2776 3141
2376 2492
136 2081
423 436
3623 3786
3237 3390
2052 2183
1612 1639
3643 3976
1912 2388
2020 2309
755 814
2133 2294
2313 2342
107 1770
3119 3362
2266 2443
2188 2428
1149 1361
2344 2394
845 849
2108 2324
2033 2064
1175 1557
2139 2201
1988 2622
1439 1888
136 2068
2436 2471
1214 1712
1613 1757
408 465
513 634
2188 2370
1199 1741
2716 3321
1182 1352
1955 2199
1573 1636
2877 2910
1271 1902
1153 1516
1076 1669
1957 2659
3365 3395
526 1724
3194 3320
1929 2409
2171 2640
414 638
2072 2135
376 524
2040 2615
2161 2598
2224 2420
465 542
590 623
2666 3142
1399 1752
2987 3166
2026 2133
2042 2384
2739 3162
1912 1946
741 820
1912 2033
3088 3291
1370 1714
3762 3930
2290 2428
2418 2564
2140 2233
1972 2459
2588 2649
2229 2468
2708 2845
3207 3356
2758 2801
2071 2144
3437 3876
2233 2353
2199 2516
2138 2224
2043 2467
962 1487
2729 2994
1554 1669
2706 3000
1994 2543
1431 1535
483 1729
2444 2513
2095 2539
1207 1832
2102 2264
2045 2590
1916 2250
1238 1580
1962 2059
2233 2381
2102 2180
2460 2468
1480 1653
2056 2212
2526 2561
1684 2759
908 1274
3470 3521
2212 2464
2125 2582
2793 3397
452 460
1940 2032
2150 2561
357 516
2306 2559
1912 2233
2200 2607
407 543
1518 1620
1465 2183
614 676
1006 1712
1465 2289
130 213
1298 1591
3190 3221
2866 3056
2324 2433
3982 4023
1919 2346
2384 2465
2133 2610
1166 1661
1684 1758
1912 2156
2743 3023
363 373
2925 3324
2777 2867
1257 1315
1945 2039
1948 2436
1888 1898
159 281
2108 2122
2084 2300
1185 1376
698 895
980 1559
2077 2560
2250 2475
1912 2136
2054 2325
1502 1850
1456 1589
1184 1886
1029 1483
2131 2278
2765 2939
2112 2188
2073 2271
