1517 1726
1549 1664
706 3565
638 2336
3366 3839
402 1140
3165 3824
65 3858
1971 2146
1240 3126
681 2168
2317 3322
630 1778
2499 3479
2572 2799
62 718
631 1699
3085 3307
2869 3503
1601 1861
61 2153
1711 3096
118 1295
2009 3047
984 3260
1781 3051
2251 3683
255 1508
1261 3239
1191 3339
329 1364
1835 3780
2894 3750
534 1030
225 629
252 3518
19 3482
684 4009
2710 3954
670 2874
80 2917
49 3183
1078 3892
1842 3289
612 3995
1174 3350
270 2399
688 2535
1256 3859
2987 3344
197 1354
2911 3774
3709 3869
1266 2310
2513 2711
996 2811
600 2845
1060 1428
1421 3010
1044 3146
2023 2330
137 1979
1792 3578
1671 3239
61 3641
2092 2989
3644 3737
2500 3807
154 2290
1278 2315
486 617
2211 2901
1138 1891
457 2438
451 1970
1113 2010
854 3558
6 1312
245 3096
2326 3647
357 2017
1283 1898
597 1247
2709 3340
634 3692
1824 3725
178 370
2707 3398
1747 2588
3084 3724
243 1403
1533 2994
3359 4009
858 2047
2556 3270
235 3924
49 824
1340 3769
66 647
1223 3090
781 2316
1489 3282
64 2920
2791 3146
403 1475
1361 2375
227 3734
2155 3723
1082 3945
308 1711
493 3779
912 1177
3142 3605
590 2501
1506 3385
489 3819
2459 3874
462 2852
3688 3693
547 3865
391 649
2641 3956
1031 1887
332 3897
2086 3065
1478 1682
2316 2516
1794 2324
2820 3701
2280 2849
586 1388
859 3558
1338 1433
1767 2994
1101 1991
669 3186
244 1158
800 2149
890 2853
386 3884
303 1176
2245 3016
2073 2658
471 2494
2045 2983
521 906
2857 3019
1704 3413
784 3183
1667 1965
605 3082
3202 3869
829 1312
575 2619
991 3347
1341 2774
1461 3612
2036 2785
2497 2656
1461 1557
719 2150
686 1064
1029 2389
244 792
1778 3289
399 2227
548 2003
609 1075
1366 3752
68 1211
1204 3865
1594 3195
3230 3630
1834 2605
72 2141
2149 2473
1160 2524
1773 3657
720 1365
1506 2691
733 3152
48 2212
2366 2535
1700 2408
861 1248
703 2637
1468 3415
897 2191
1732 2847
50 3484
178 2632
230 714
134 775
1050 2915
1722 3949
380 921
466 984
334 2808
2944 3578
636 3383
2394 2635
2688 3083
306 923
34 3768
1244 3781
290 595
1671 2340
2826 2858
431 1741
2374 2860
659 952
111 2758
247 325
1004 1245
1152 3094
2291 3291
101 326
2738 3429
609 1624
1262 1781
125 786
831 1252
2004 3531
2509 3669
29 2933
612 2673
3021 3135
513 2179
1647 2282
3776 3799
1058 2882
2720 3988
1028 2339
3651 3773
401 590
976 1940
341 2474
1847 3016
2269 3099
2296 3035
1449 3994
990 3557
1032 2593
473 714
2950 3830
3037 3383
94 1881
1796 3698
1312 1798
1642 2530
2232 2641
2437 3720
1531 2820
760 1436
3205 3238
1072 2872
901 3843
2499 2665
42 3260
1394 3820
2774 3985
982 3597
1460 3912
566 2657
164 3951
1917 3341
3 2200
1331 2619
618 2811
498 559
1247 2801
180 3878
2307 2466
371 3799
668 3171
1689 2199
1118 3690
2109 3932
369 3912
968 1292
2574 3116
1659 1971
3394 3595
1776 2165
646 3012
703 1610
981 2066
3011 3210
459 977
686 1710
502 3402
1009 3881
399 2596
1065 2355
592 2463
2410 2629
2165 3515
791 1945
959 2746
119 368
1744 3200
268 2871
3075 3425
218 2062
2205 3332
2542 3714
778 2724
1981 2453
2286 2775
405 3623
3556 3946
2221 2467
543 2670
300 2044
494 1387
1630 3411
996 1998
476 673
217 1736
2389 3898
1542 1885
172 2318
2745 3366
3307 3403
1112 1831
1196 1279
1005 3276
825 2063
2109 3137
1853 1902
3460 3701
3094 3861
2575 3834
86 2805
1016 3359
1014 3974
2235 2940
3250 3587
3116 3358
901 2320
2007 2627
260 2593
1778 2342
278 1986
2336 3977
1858 3349
1417 2545
2814 2911
731 1742
1779 4002
1021 3379
894 2530
2229 3194
1094 1421
427 2462
229 294
2062 3766
1982 3358
472 3440
915 1732
2083 2308
2213 2783
1672 2061
212 3627
2626 3065
3669 3931
1034 2960
885 1653
1228 2987
671 3518
1401 3654
1915 2862
1123 3593
915 3100
1158 1312
752 1002
2051 3788
202 1237
3361 3893
506 1008
1251 1678
2384 2827
1747 1934
261 1766
536 2902
3089 3931
1619 3346
259 1187
1640 2064
1288 3963
206 1528
2249 2910
1177 3734
957 1333
1575 2849
428 2579
3218 3693
522 2055
3107 3122
852 1536
979 3990
2784 2882
2385 2821
312 319
840 3850
470 1960
126 2921
1060 1751
2326 4014
442 455
870 1276
495 3499
1438 2422
149 1893
143 1753
1645 2380
2708 3780
901 3258
1394 1517
63 1929
95 540
832 1423
3337 3666
1347 2631
530 1208
51 2837
1619 1866
264 3819
245 1923
1014 2886
2394 3622
623 3405
931 3005
142 2713
3366 3602
3274 3732
800 2329
594 3420
540 750
2807 4002
301 3051
143 522
752 2960
643 1470
462 3342
1935 3488
272 1100
2234 3791
918 2594
1561 1962
463 2415
893 3676
626 2596
1256 2084
1715 2298
1637 2403
1594 1638
2362 3165
3156 3613
308 1986
1722 2105
2114 3882
3199 3706
1138 1978
378 1755
2322 3246
362 2655
1747 2717
1018 1604
534 2171
1445 2569
2334 3675
917 1218
147 751
88 2361
59 3014
259 2269
1815 3985
232 2042
112 892
2435 2659
37 1352
552 3489
1408 3887
2077 2780
1561 1802
1382 1901
468 2641
1269 3981
216 3233
1126 1969
880 905
101 3087
2321 3012
931 2151
699 1905
279 1600
2423 3874
525 2071
3528 3942
1558 1910
277 2255
2309 3794
1540 3025
672 2394
453 986
1379 3457
342 3501
3254 3808
696 3340
240 3792
49 2534
348 3797
1183 3456
2443 2752
2020 3086
639 879
2512 3791
2758 3823
676 681
728 2094
2194 2921
1505 3200
554 2124
1670 3402
277 675
1095 1239
114 3234
37 1240
845 2892
1838 2467
746 814
623 848
511 3856
826 1646
3863 3962
1882 3611
203 1950
835 3366
1456 3084
3514 3959
585 4037
117 419
1623 3497
3702 3956
1115 3065
2325 3924
1812 2619
240 2155
1693 2989
5 2924
2206 2208
258 3562
666 2103
916 3236
2932 3514
1215 3850
677 1960
130 3695
1517 3537
3452 3739
97 2740
505 1035
761 2083
2635 3042
966 3154
1498 3523
1061 2318
3201 3638
2078 2862
2753 3362
2544 2686
1623 2324
2478 3038
1967 2666
2082 3426
1448 3353
1764 3321
707 3590
391 510
1153 3815
1712 2478
878 1872
466 3487
3563 3627
617 3897
1395 2246
2198 3795
2583 4004
1176 1229
1038 3671
595 3575
196 205
3584 3671
2543 2927
155 874
2826 2981
3206 3326
86 3427
213 3081
2226 2294
1264 2487
2789 3090
2276 3945
1290 2935
3405 3495
150 1516
103 1944
322 1904
980 3067
2372 3961
86 1657
1122 1201
501 3432
1659 3816
1232 1805
1320 3464
119 394
792 1932
2988 3239
3704 3923
333 804
1767 3900
1610 2119
638 1550
1460 1488
995 3916
1139 1640
148 1832
1597 1630
1456 2643
1483 4028
1974 2137
467 716
3213 3546
14 2430
1353 3872
2390 2563
1624 3246
548 3785
1817 2349
580 1974
2192 2708
2432 3727
1613 2850
1096 2723
1182 1954
1411 3433
3473 3675
1112 2716
2559 3938
2525 3950
29 1387
4 2129
359 566
345 2699
1181 3081
3544 3915
2145 3304
8 3248
731 3502
2346 2800
772 1361
209 1880
659 1804
585 1028
309 1221
2353 3021
1050 1948
3212 4014
1410 3157
301 1692
3147 3504
2321 3724
1760 3930
1155 2843
474 2973
3355 3410
409 3917
1548 2589
2855 3050
385 1868
575 775
211 2084
740 3294
605 3106
721 1513
909 2172
1065 2971
1542 1930
1084 2249
1006 2054
16 2106
1278 3100
227 505
2283 2963
2623 2779
163 2973
2184 2687
1095 3523
2276 3184
129 2678
2540 2983
152 3491
152 1626
3185 3584
610 739
1813 3847
1511 2856
540 1920
1426 2755
2046 3996
1353 2512
941 3184
1073 2231
702 2951
1089 1668
546 3510
975 2994
191 1977
1390 2193
1512 1868
2384 3229
3097 3862
2575 3416
1372 1420
2344 3740
2256 2500
271 4036
465 1922
774 3302
1759 2490
2252 3190
688 3536
545 3939
73 2308
577 1680
3000 3537
2169 3185
1768 2403
1142 2124
377 1296
420 3809
2442 3275
1218 4024
442 558
359 1549
2920 2980
1374 2062
2069 2451
1632 2855
1053 3448
259 3005
424 1787
3219 4029
419 3127
423 2302
1713 2085
285 3973
362 3235
845 1942
2068 2898
100 2689
955 2355
1152 3818
650 1756
330 1944
1615 3962
1083 1844
183 1999
686 1292
485 2658
1857 2956
2042 3484
21 1475
604 3818
2661 3429
874 1087
884 2943
3468 3618
417 4017
185 3850
578 3043
638 2170
2627 2981
988 2073
2625 2884
2234 3052
1788 1821
2439 3987
193 3190
3330 3503
663 3330
414 824
2087 3495
2551 3157
309 1369
1748 2527
165 1011
1096 1440
1342 1951
2122 2863
945 3968
1495 2740
30 934
382 3549
226 2266
1508 1926
438 1461
422 2741
502 1771
561 2016
1730 1794
3370 3484
22 941
3644 3936
2699 3153
2029 2980
1516 3164
2745 2851
1643 3865
351 3136
620 3876
145 2909
2755 3593
156 1638
1257 2671
272 3042
124 4020
3310 3973
1659 2816
264 3730
2238 2412
1203 2929
869 1168
847 3840
2392 3540
416 3226
1077 2601
68 1091
926 2282
111 646
1618 2627
2805 3839
1649 2940
2821 3777
450 703
788 2687
3659 3958
22 2448
2026 2477
1236 3936
583 3120
1119 2311
571 1226
2487 3107
1121 2171
3135 3240
1181 3030
153 3527
2249 3101
1334 2163
1687 2795
2769 3718
278 2283
1714 2179
1187 3278
3198 3368
2300 2810
429 2685
223 3577
2919 3528
156 167
1882 2912
556 1006
580 2553
3791 3823
509 3257
26 4037
2169 3831
1271 3892
3850 4010
1245 2924
1447 2334
1200 3814
942 2653
2682 3999
345 1218
1469 2387
145 578
3317 3570
3262 3715
197 2610
1632 3732
707 1598
3917 4011
1366 3046
2110 2356
3626 3650
2855 3079
2895 3721
1000 2155
534 2523
2794 2910
1817 3418
1727 3468
901 2166
225 2730
1674 3020
289 455
1189 2312
1438 2886
329 3340
811 2633
1147 3739
787 2640
870 3445
2212 2605
372 2101
109 789
1339 3018
1963 2972
713 3385
3085 3880
1015 2277
2460 3648
2345 3737
931 2898
1331 2999
387 3984
594 1779
306 2881
245 896
1367 3164
550 2081
24 2368
2974 2980
2909 3768
0 1092
3024 3765
497 3033
2928 3759
348 1862
1932 3534
1192 2409
1134 2960
1100 1994
1344 1633
554 3996
1689 3676
818 2626
2356 2361
904 2891
3523 3812
73 966
389 661
2056 3347
1325 1480
3317 3956
131 1443
1278 3409
580 646
1029 1960
1011 3151
308 376
130 1561
2562 3960
2077 2405
2134 3544
911 2484
131 1547
468 1056
1001 1434
75 364
2061 3956
1057 3100
1234 2124
264 2281
833 3098
985 1418
745 2203
1848 2393
1864 2099
2073 3210
647 735
1096 2931
596 2202
910 1539
3657 3969
1222 2231
391 3471
1100 1501
1107 1355
96 2239
564 2464
372 3074
31 1946
1235 1572
835 1577
1414 1683
373 2082
3097 3863
2449 3652
1383 3477
2587 2999
2576 3992
1531 2876
2990 3187
134 2768
2157 3618
1965 3898
380 507
2892 3080
201 1882
814 2624
1974 3083
2091 3910
1522 3690
1353 1780
214 2821
608 1625
249 2922
1044 3939
868 1182
1553 2771
1271 2087
666 1699
2621 4029
348 1425
1327 2578
1123 2522
1833 2226
986 1777
731 2976
475 3156
2354 3922
2285 3986
62 1471
2397 3752
923 1946
397 878
1235 1941
2528 3834
1310 2215
2439 3577
1680 4020
1414 3944
3543 4013
1420 3657
2034 3599
2873 3749
1518 3187
1281 1663
223 2382
3761 3847
132 1937
1361 1395
2739 3609
1793 2817
2036 2633
3330 3360
1981 2601
2597 3743
731 1780
2190 3302
2998 3930
389 3234
1926 2790
858 3871
486 903
1001 1168
1733 3402
402 420
1145 2190
381 2335
319 394
284 1156
614 2030
1355 3242
3056 3828
444 3998
343 2425
1041 2599
1039 1200
1966 3518
830 3881
706 2885
161 2344
3205 3538
1432 4027
1477 1880
1282 3724
752 3148
1019 2359
381 1108
369 423
334 1136
3394 3815
885 3615
1494 2965
2581 3502
311 1397
1625 1945
1069 2912
765 2981
735 3827
1472 3673
221 1468
329 2328
54 2603
1453 2645
258 2885
544 3949
1386 2478
1437 2297
1547 3198
201 1122
897 2598
1998 2329
2757 2765
1548 2678
564 734
2506 4004
802 2380
1568 2616
1486 2703
644 1075
166 2057
1832 3259
689 1041
1646 2668
306 2440
1865 3667
3277 3958
51 985
1911 2091
321 3127
752 2023
775 2315
1218 2937
3603 3692
2202 3084
2654 2826
3344 3453
873 1185
897 1448
1929 3299
2665 3384
190 710
252 3162
576 3297
1528 2419
621 4003
1796 3575
1222 1392
1336 1361
434 3017
1783 2103
54 2865
2318 3434
1739 3770
1120 3549
1292 2672
3288 3689
2566 2928
2284 2289
213 2865
178 3678
1739 3041
2565 2875
1337 2281
1581 2321
1405 2780
2644 3682
221 783
882 1496
708 2832
2937 3149
1888 3077
489 2140
3505 3978
644 1651
1734 2624
3116 3331
319 966
303 2806
3639 3792
1750 3441
236 3660
2631 3799
520 3466
557 566
2431 2834
782 3548
594 1535
940 2706
1613 1926
3359 3672
2219 3691
882 3265
2052 3749
351 2058
1763 2021
859 870
1810 1979
1262 3065
1184 2733
14 675
2031 2221
1363 2984
372 3086
3449 3549
1598 4027
61 648
64 1218
980 3520
1764 3064
1742 3194
840 2961
293 3084
1396 2982
2234 3743
2996 3822
197 2013
2737 3481
287 705
1217 3074
406 2705
2617 3712
86 3986
328 3250
816 2724
869 4008
2063 3233
1480 2575
2193 2773
125 147
3243 3395
901 1320
520 859
458 3450
1689 4018
2918 3111
2306 3636
796 3410
701 2608
128 2753
359 1660
2032 2847
3246 3418
951 3037
1606 3326
1544 3636
83 1768
2097 3638
315 1836
3415 3977
1342 3404
67 3489
1139 2399
1269 1942
2342 4028
794 3244
3252 3379
702 3339
3503 3658
597 3732
2308 3857
981 2107
148 1807
489 1827
2614 3539
2834 2900
646 1127
2719 3925
1268 2133
2833 4033
1065 2181
3263 3939
214 1477
707 2597
900 1422
3090 3383
56 2930
2573 2950
2370 3124
2762 3373
1661 1873
1085 3108
636 3148
2602 3576
2863 3689
869 2277
233 3847
791 1798
3270 3911
310 1600
1244 1585
71 3475
1416 3501
94 190
2252 3221
22 24
1289 2197
1441 3488
788 1914
58 2941
3691 3768
1413 2113
1722 2800
93 2762
868 1672
1138 3933
237 2024
1163 1246
2584 3501
1057 2341
1155 1761
673 3413
174 3839
126 3758
1540 2381
35 231
85 2764
3314 3565
2145 2352
2592 2802
542 2891
1172 3744
133 3278
2329 3570
895 2239
1238 2516
418 3704
1974 3181
1319 2179
433 983
280 1255
1757 3996
1686 2367
2629 3921
371 836
818 3512
1883 3993
3092 3272
389 599
318 3353
791 3827
2760 3344
1323 1905
436 3062
40 2255
1969 3602
2742 3151
1452 2059
1170 2768
3915 4009
1362 2212
2625 2992
345 1971
1018 4009
3172 3606
2417 2834
1111 1996
789 1209
324 1474
1174 2864
1487 3611
824 3008
653 3989
1688 2117
988 2270
316 3625
421 886
288 2940
2384 3908
1581 1642
1782 3703
2548 3685
896 2120
2105 3960
1264 2669
2097 3069
237 1675
2416 3209
2049 3648
705 998
1611 2457
1321 1910
1313 2809
115 3940
1441 4021
3069 3405
1473 1661
2390 3545
196 3820
2321 3383
633 2202
25 2274
1536 3921
1599 2385
2636 3908
1392 3672
1376 2444
1053 1520
2028 3670
2084 3779
1750 1871
186 891
2234 3281
2154 2821
1625 2310
2271 2796
705 2155
1552 1631
1627 2593
2156 3049
491 2406
1095 1311
378 2081
3355 3444
1899 2212
2216 3604
71 2929
1384 3197
1513 2027
963 2939
2314 3048
1892 2245
1208 2699
827 1466
6 2752
1155 3029
952 2940
76 3062
2361 2742
1300 3463
391 436
374 905
472 3508
61 1446
2059 3133
1479 3412
831 1434
1045 3685
1854 3056
1726 1748
1382 4010
576 2370
99 3093
485 3752
1583 1892
1979 3734
2224 3584
2090 3202
951 2873
1609 3868
741 1990
1202 3809
870 1938
1794 3629
1645 3324
478 3471
465 3948
40 3294
479 2918
566 3650
1711 2267
1534 3114
1158 3415
246 2759
1324 2678
2004 2837
1073 3781
1213 2560
1776 3487
1007 1750
2349 3804
196 3195
3571 3665
1091 3202
1081 3480
406 695
42 1684
106 3691
2062 3331
1498 3188
556 3873
262 3021
2201 3948
882 3087
317 1103
1846 2923
1254 3194
2143 2662
489 3527
1329 2579
960 3972
476 2939
1542 2894
2431 3219
899 1306
754 1375
2168 2325
2627 3229
1697 2790
1367 3515
660 1012
1093 2182
633 2928
978 2153
1488 3084
1530 2169
2534 3262
460 1580
1332 1879
2437 3552
15 3305
952 2303
1049 3594
737 2522
1774 2251
1869 2223
3420 3949
2907 3597
280 898
1393 3535
938 3768
2677 3439
635 1518
1326 2523
739 796
2264 3021
1561 1689
2295 3748
2921 3081
168 3382
762 1834
108 2881
361 2190
165 3043
1654 2221
447 912
212 1184
225 264
1202 3374
132 2562
1449 2996
3541 3978
1251 1520
645 3564
1362 2489
957 4010
161 803
652 2461
765 1615
566 2496
2131 2901
2832 3947
188 2121
864 3219
2312 3479
337 1405
2496 3623
3061 3303
2323 2740
294 1229
502 1468
2854 3625
890 1921
594 1973
493 975
271 1274
65 2320
1740 3720
1207 2063
1762 2786
2094 3194
1304 2158
1097 2093
372 3412
603 3387
2018 2109
2456 3418
441 603
2956 3374
1704 3936
1766 2774
791 3871
2660 3550
424 3626
2126 3751
1713 1813
259 1197
1942 3706
1034 1484
1799 2560
3159 3266
1613 1875
63 1647
1117 2126
70 1491
1672 2770
2210 2883
2324 3446
563 3567
1048 1992
909 3031
598 1055
2217 2320
1966 3081
2219 2726
878 2040
1572 1647
1389 3486
3096 3693
325 359
2578 3147
1677 3441
913 1700
1395 3171
2754 3672
970 1207
903 2641
1037 3977
3346 3928
1675 3911
2209 3604
371 4004
2457 3244
2914 3181
3067 3180
1225 3922
801 1088
3707 3974
844 2393
108 699
463 819
1575 3317
1016 2726
485 3058
2456 3854
1130 3180
1766 3465
2049 2189
1625 4038
2045 3424
3033 3491
1756 1842
1220 3535
2080 3699
32 608
1806 3761
980 1430
1371 3948
2911 3948
2757 2892
712 3466
1606 4036
2899 3786
216 1105
29 1417
638 1273
900 3490
865 1151
1256 3182
129 1893
1247 1681
1326 3853
2737 3203
714 3757
1301 2456
688 1682
1030 2804
2905 3899
884 1482
2558 2796
265 3305
162 1558
463 1350
2671 3980
2823 3855
2244 3689
3303 3642
1127 3136
2527 3340
1983 3669
1962 4021
955 3808
2721 2781
3142 3811
805 3637
2206 2993
246 3518
2102 2295
1783 3059
434 1245
692 2827
854 3570
1168 3445
620 2649
2223 4029
1062 1610
2470 2910
3189 3215
619 1879
2059 3581
1875 2661
1553 2152
2035 3274
633 3801
1471 1969
3598 3722
1298 3402
2550 3070
1727 3673
2551 2973
1856 3312
1290 3936
1162 1293
1562 2216
1853 2782
2343 3446
1344 1772
1303 2229
2257 2993
3695 4022
672 3371
1851 2881
225 633
2754 3557
384 2110
1313 1349
1900 2528
1341 2404
914 1004
1798 2193
850 1149
941 3110
1834 2523
159 775
2822 3384
461 1791
507 3509
263 665
304 889
1463 2350
985 3073
185 1917
711 3759
3165 3699
197 3367
1605 3563
206 2849
3123 3242
1721 3638
2331 3455
1937 2201
753 940
3049 3282
1383 3584
851 3526
271 2738
287 2618
1968 2897
2037 3753
1809 3445
573 1353
462 774
2033 2048
635 2992
2767 3729
3353 3741
1966 3575
4 3789
1187 3613
2667 2983
113 1133
99 2496
962 3038
1085 1372
1628 2851
527 1964
3850 3957
2175 2481
2848 3108
612 2011
1331 2025
446 3020
1077 2267
2686 3737
1068 2215
1130 2045
2129 2999
1063 1907
1612 3272
2626 2764
215 3653
2703 4016
2076 3544
1803 3504
2295 3265
12 89
1519 1538
2890 3706
935 4012
1943 3368
342 1296
414 2797
3296 3352
481 3249
1019 3996
2026 3501
1486 4018
1204 1406
1265 2066
1452 2135
335 358
867 3419
213 3163
2535 3028
2754 3278
1647 3459
819 1795
170 1971
632 3804
508 801
582 3858
727 3619
1423 3579
3235 3906
1918 3046
2428 2805
2791 3381
2727 3606
428 1947
1771 3884
813 3979
1585 3393
941 1919
425 3778
2592 3245
19 1250
1365 2946
1024 2305
2952 3361
1667 1670
2266 3138
1885 3752
2601 3979
153 3787
235 355
1097 1515
2602 3131
205 3872
1465 1946
468 2538
1631 2497
376 2536
690 2402
1061 3801
1176 3071
2504 2622
29 3794
444 665
2185 2528
432 3790
1877 2413
3464 4003
383 3449
2605 3712
700 3559
87 2806
257 1743
1543 1738
837 1367
1131 1617
1539 1799
440 1559
2107 3592
1166 1363
942 1947
2056 3144
710 3768
3338 3610
3404 3794
7 2721
1032 2554
1655 2815
348 1455
1997 3276
198 3018
1525 3113
2641 3383
1424 2454
2002 3235
439 2302
642 1399
1139 3411
1203 2864
813 3069
1239 2683
1862 3877
870 2619
774 3971
141 1071
2415 2883
1289 1976
825 977
1498 2487
3044 3706
2754 3683
1195 3991
911 3645
2840 3356
1269 3514
1519 2276
1185 3464
513 3017
1658 2480
305 3886
2091 3354
1646 3526
735 764
1312 1902
229 2872
849 2057
653 868
980 2490
445 916
1797 1865
1326 3716
470 3573
1472 2060
1341 2007
420 3622
1056 3328
1259 1661
1650 2702
2532 3080
1730 3076
2435 3007
1594 1769
367 375
312 3116
13 1450
127 3359
685 2723
1434 3740
2045 3134
480 1646
203 581
2159 3950
16 428
3100 3642
1648 1819
314 1341
1607 2258
728 2085
42 2772
648 2032
543 3460
3054 3240
1010 1279
3701 3858
2320 2713
1422 2846
974 2217
1302 3018
1714 2932
1685 3837
1446 2439
978 2502
2109 2227
381 1630
3413 3798
2648 3316
95 745
959 1470
1079 1249
1390 1815
2220 2606
752 1934
383 1428
1219 3308
641 3183
459 1438
2101 3519
798 1815
1875 2076
622 4035
895 3410
1088 3871
1774 2190
2837 3425
2071 3116
113 1069
846 2795
1644 2856
2609 3177
393 3670
878 1500
2193 2912
1403 2397
357 600
2129 2343
1890 2562
1903 3362
1942 2666
1991 2099
2729 3513
1946 2771
1629 4006
422 3640
348 3215
2203 3912
944 2832
377 3028
111 2629
1372 1525
129 390
878 1329
172 2684
3297 3900
141 2050
3499 3765
315 2205
1497 1964
215 3746
2191 3309
720 2857
983 3728
1287 2074
1599 1907
1752 3735
698 3009
743 2453
520 2879
444 3846
297 2763
902 2198
3435 4023
270 1761
702 3288
252 318
21 3393
575 1214
1489 3281
926 1281
802 2425
1431 2097
3044 3424
331 424
821 3047
1562 1733
2052 3834
2890 3152
2859 3802
708 3546
546 2600
2441 2602
1680 3371
638 2627
3156 3916
2178 2998
336 913
2196 4015
1819 3975
1449 1783
1287 1403
1495 1868
393 3214
1544 1743
3106 3138
3415 3976
179 3375
1250 2929
360 367
412 3513
27 3613
3109 4014
14 694
2196 3257
2284 3999
583 1555
457 1023
1481 2015
3218 3529
3152 3286
2503 3654
286 1882
1882 3909
2574 2907
134 3618
2619 3670
1407 2377
602 1422
3374 3903
281 1729
4 890
1610 3711
159 2038
1153 2859
1640 4020
1020 1380
450 1776
1019 3138
1608 3996
895 2015
599 2853
677 2902
590 1950
178 3995
1840 3484
2232 3343
2532 2769
1132 3893
831 2964
1241 2781
336 1079
2185 3951
3154 3387
1320 2842
382 1819
2687 3810
1968 2047
1555 3402
2778 3644
2433 2779
2960 3785
3009 3924
239 1263
2212 2740
2544 2839
352 3649
309 2112
3556 3985
1840 2340
909 1842
1778 3555
1944 3100
194 2528
476 2430
2048 3443
1109 3769
1219 1865
1114 2488
1414 2297
1465 3895
3415 3535
161 1671
1928 3439
321 3978
1072 1533
115 764
174 3043
2121 2569
581 2259
691 3558
2368 3625
976 3087
33 614
398 2810
1613 2665
2878 3723
1978 2795
3167 3529
2176 3913
3512 3854
907 3247
497 1483
2568 3197
2053 2999
382 2656
2269 2318
1829 3548
283 2065
1010 1831
3074 3270
2623 3766
312 1142
2987 3816
2582 3333
1016 3615
2161 3399
1649 1727
674 3336
3797 4001
1193 1649
544 1795
1726 2005
734 2213
1331 3011
1753 3720
823 3188
1028 1562
840 3003
203 2254
147 812
3615 3817
3745 3967
1407 2760
447 3973
879 1604
1166 3364
522 2230
1065 1796
321 2566
193 1989
238 3702
624 2692
1704 3040
788 3809
3349 3916
3393 3417
446 1274
332 608
988 1550
730 3416
2708 3038
764 1758
842 1094
1241 2182
2796 3532
2393 3891
608 642
667 945
2232 4027
2182 3135
490 2662
3879 4001
649 2204
39 483
218 1194
3150 3853
668 1422
118 1710
1390 3563
175 2057
948 2595
1752 1921
2256 3233
1040 1268
3390 3709
742 3912
1370 3139
1900 2228
234 1871
1394 3324
3013 3973
523 3364
2051 2262
2929 3945
552 3039
287 2651
238 1457
1091 1627
2819 3260
2671 2771
61 3973
844 2811
686 3756
2423 3752
2 2376
2707 3299
627 1135
917 2373
1864 2512
2701 2915
2258 3774
1037 3331
963 2026
2297 2419
821 970
283 3000
383 3087
287 1820
660 1884
141 2759
270 3430
216 2382
1819 3018
175 2055
1157 2367
608 865
380 1414
766 3092
3066 3671
300 1669
2427 3456
2308 3106
2175 3102
2133 3145
1560 3350
2518 2924
1506 3476
2378 3581
200 2644
1021 2508
490 3823
2601 2703
2229 3959
490 1947
0 1024
2329 3453
1730 3063
72 2700
864 2945
2829 4008
1676 3967
2716 2789
1861 3308
191 3722
99 2755
1564 3469
1135 1231
540 1286
464 1088
452 2540
3569 3701
1443 3738
651 3630
1960 2737
284 1928
2072 2762
1471 3015
570 1162
1122 3050
876 2824
916 2122
812 856
1118 1738
1284 3044
1016 2638
1398 3427
669 1246
7 3964
1040 2864
330 343
1172 2949
225 1739
3272 3704
965 3748
1927 2677
2625 2658
2778 2888
138 2548
480 781
595 2322
647 2839
353 3722
13 3565
2718 3840
3655 3788
2785 2866
144 2661
131 2014
629 2904
2475 3502
863 2095
2365 3188
979 2611
946 1574
398 1993
248 998
520 4028
2185 3414
2229 3845
70 2253
2231 2799
1556 3607
338 2124
512 3331
1869 2497
606 3155
1999 2715
768 1602
2086 2869
2413 3334
248 2208
231 798
77 263
802 1270
751 1892
504 1483
2328 4010
2150 2304
1115 3770
588 4025
2379 2568
750 2663
115 2204
382 2400
992 3095
3656 3917
2802 2916
1609 2556
1817 1910
1556 2121
257 380
403 1957
455 2805
82 3484
3714 3812
3040 3357
3451 3569
814 937
3968 4009
89 3489
1516 2875
2927 3164
2222 3465
1967 2739
839 3175
107 1915
2557 3983
2539 3379
995 2241
1451 3738
708 2459
1649 2381
238 3309
1688 2856
1053 3753
1249 3638
118 3451
653 3489
48 487
599 3153
717 1159
419 3075
3164 3799
1717 2999
1740 2554
209 1726
127 953
2247 2618
1353 2679
51 3447
1539 3004
92 967
1348 3705
1749 3896
1064 2754
942 2135
1617 2818
654 1469
1517 3589
1569 2020
497 975
99 3660
1665 3772
1539 3681
2174 3438
273 1280
1632 4004
3025 3445
706 1219
1313 2587
1350 3916
1216 3458
461 2234
1306 1531
1709 1713
2291 3120
2316 3664
3476 3714
1100 3465
817 842
1462 1642
336 4014
2633 3950
1096 2443
1154 4033
74 2866
3043 3789
2612 2859
3091 3786
217 1491
2401 3436
2037 3899
2357 3903
1577 3314
2173 2476
375 2200
87 2720
707 3555
764 2312
908 2491
624 652
906 1084
1681 2384
2288 2329
415 2681
740 3997
910 3644
16 20
875 1663
2956 3372
427 1525
