925 1181
784 810
2484 2615
2730 3395
1522 1590
2469 2655
2112 2353
3033 3387
1601 1629
1107 1662
107 1447
2273 2302
1116 1816
423 556
3061 3266
990 3278
1985 2392
1793 1842
1369 1779
958 1468
2392 2430
0 20
580 1374
695 700
1079 1290
2302 2530
1793 1867
428 1210
933 1794
3320 3381
2165 2619
1019 1862
385 507
378 676
1184 1819
2880 2974
409 515
2093 2593
3578 3938
1964 2371
1434 1846
1479 1715
2561 2573
2043 2489
2694 2763
1917 1985
1684 2862
3518 3824
415 558
20 115
1026 1109
285 3433
1402 3032
1714 2164
2841 3544
2381 3167
3225 3346
272 1204
2231 3254
1310 1448
2847 3939
589 1219
1327 3343
1661 2320
616 795
761 3462
281 2971
744 2992
539 2654
318 3240
75 3624
2036 2852
1205 2205
766 1827
1391 1421
1332 2771
1254 2841
2767 4011
2250 4018
684 3697
1259 1564
13 1870
1320 2274
1257 1314
1959 1989
951 3302
1203 1921
789 887
3185 3394
1677 2742
1637 3444
3370 3852
2122 2667
687 881
611 2440
80 3718
3036 3136
169 358
3227 3521
117 3820
