2664 2839
2928 3388
1663 1879
1014 1347
1409 1861
1054 1761
1122 1408
2046 2200
2819 3385
2054 2512
2831 2863
3617 3931
1292 1783
2236 2448
461 463
1515 1732
1315 1647
2087 2567
2553 2602
2030 2240
2229 2306
3587 3933
1912 2324
747 809
2982 3283
2026 2384
2061 2633
2187 2617
2004 2494
3225 3287
1656 1666
471 537
2203 2516
2464 2590
2171 2337
1054 1092
3572 3869
520 524
2839 3426
3566 3780
2232 2379
1345 1611
1554 1597
2164 2276
932 1074
2901 3360
1238 1842
1123 1361
1997 2574
2395 2495
705 824
2367 2379
3203 3240
1952 2296
2179 2356
1291 1637
1958 2583
1289 1471
1735 1753
2289 2475
1191 1551
3555 3617
917 1052
1227 1587
2237 2383
1972 1995
1918 1938
1421 1719
1981 2132
1971 2546
1620 1724
2163 2582
2233 2300
2989 3198
392 537
1873 1903
1465 2081
1912 2172
2125 2279
1257 1322
3033 3364
2471 2589
1983 2460
1684 2821
2872 3166
2370 2386
2064 2184
1965 2474
2713 3082
2188 2308
2027 2378
1929 2638
3049 3419
1966 2139
1997 2109
2750 2956
438 556
484 1300
1026 1589
1619 1707
1426 1786
1538 1653
2072 2516
2154 2593
2139 2546
1721 1796
2188 2460
3084 3149
3592 3626
2032 2537
455 466
1029 1346
3603 3828
1979 2462
2087 2149
2398 2649
1608 1714
2231 2411
2361 2523
2110 2652
2190 2550
1142 1549
1214 1377
916 1823
1277 1862
1620 1845
2065 2333
1267 1399
2232 2537
1912 2286
2778 3378
1983 2092
2342 2618
2372 2629
3335 3385
2127 2396
3108 3426
2306 2489
1331 1845
2344 2637
3871 3917
3449 3545
2108 2331
712 782
3038 3274
2819 3313
3721 3741
2174 2325
460 506
224 261
1047 1902
1109 1681
3191 3434
582 600
1968 2006
1919 1998
382 531
2210 2611
1795 1835
1227 1893
2047 2608
1623 1888
1432 1573
2751 2946
2803 3214
3142 3163
1120 1298
719 766
70 230
2149 2151
2910 2920
2172 2520
2786 2928
1122 1318
107 927
1300 1673
1692 1881
1323 1570
3437 3729
1166 1221
914 1247
2784 2848
1741 1826
925 1621
186 331
2410 2449
999 1617
2452 2637
1984 2552
1025 1113
2839 2916
1999 2620
2218 2299
1312 1369
2123 2356
1223 1794
921 1833
747 831
2718 3107
3046 3352
1912 2226
942 1502
107 1228
1981 2161
1943 2409
2386 2477
2038 2512
2133 2174
2306 2646
1267 1447
1621 1800
2395 2408
2216 2408
1012 1320
2294 2458
517 525
1409 1447
2526 2600
1715 1728
2026 2183
2213 2353
188 334
3516 3830
2359 2409
3663 3710
921 1269
1158 1235
1617 1746
3608 3921
1799 1833
1129 1462
2300 2478
2666 2749
1993 2482
916 1643
2807 3123
1522 1735
2340 2624
934 1269
1211 1522
408 561
2084 2427
2063 2446
1047 1146
3521 3710
3437 3725
795 820
3 283
959 1271
2118 2464
1936 2388
3561 3612
107 1282
1131 1472
1947 1954
1989 2543
2153 2384
1277 1790
2323 2575
2944 3433
1146 1352
1086 1250
2384 2589
2993 3029
1006 1156
1199 1789
2800 3078
1025 1853
3097 3302
2395 2602
2103 2220
2218 2543
2196 2372
2233 2484
2109 2542
1488 1823
261 318
1663 1839
211 285
2772 3374
2919 3078
2749 3108
3981 4019
1684 2969
1616 1645
1813 1839
2932 3330
2067 2476
1702 1909
795 829
1291 1622
1426 1655
1221 1504
16 329
1684 3319
3755 3830
2047 2503
2491 2616
1459 1591
1255 1805
226 333
3750 3756
1003 1390
2943 3293
484 1694
2683 2890
2671 3077
2597 2609
483 580
3291 3355
2268 2512
3030 3084
1209 1735
1017 1250
2991 3106
1365 1584
2384 2434
919 1732
1997 2088
1577 2629
1406 1495
2742 3316
2769 2978
2398 2419
2007 2567
2042 2087
1214 1911
1049 1589
1324 1661
916 1735
483 933
1405 1846
489 535
2026 2161
500 651
2139 2624
1959 2501
2194 2285
1683 1823
739 797
2111 2543
2213 2593
523 570
992 1787
2200 2410
1520 1791
2546 2554
1623 1867
1242 1789
1984 2253
2128 2544
1610 1613
2128 2629
3998 4023
132 134
1669 1741
1358 1694
2054 2458
2241 2279
62 170
3455 3521
1290 1522
1370 1833
1938 2090
3718 3793
2116 2645
1083 1833
1021 1691
2123 2539
3526 3850
2331 2418
2083 2095
2046 2495
3633 3873
1591 1764
2961 3098
1643 1799
3860 3966
2190 2237
579 622
2711 2951
3437 3835
2370 2638
1431 1584
2279 2479
1684 3338
2669 2909
925 1714
2229 2561
2110 2328
1146 1160
1684 3139
2756 2981
1024 1816
967 1054
376 570
2203 2223
1718 2224
2131 2579
2108 2154
2290 2492
2354 2477
580 1844
2033 2460
2874 3433
2354 2356
2093 2150
393 501
120 136
1051 1260
1289 1547
3458 3584
2009 2647
2124 2638
2698 2749
5 235
1912 2091
3462 3672
1612 1675
2698 3104
1331 1804
2102 2610
1431 1604
1721 1750
2564 2615
2071 2511
1390 1447
1100 1859
2334 2339
864 893
1912 2551
2717 3348
1428 1904
370 432
1610 1886
1056 1124
2273 2343
2071 2102
1985 2601
438 506
946 1750
967 1175
2869 2991
2046 2590
1917 2165
2030 2200
2708 3397
1535 1793
2927 3234
1929 1971
1948 2609
3275 3318
967 1622
1049 1659
2210 2348
1242 1867
1553 1579
953 1117
98 291
3705 3763
2536 2611
1249 1756
2177 2328
3319 3344
1256 1488
3437 3794
2763 2915
2702 3219
916 972
3572 3822
2244 2308
1912 2608
2054 2196
1539 1683
2755 3195
1180 1879
1989 2112
1454 1894
2966 3237
688 713
1082 1227
3460 3945
1130 1863
3462 3762
2717 2986
1104 1473
2241 2582
1984 2543
2222 2652
3233 3244
1710 1827
2069 2586
2063 2261
3539 3724
1014 1875
2742 3188
2327 2510
2083 2172
3452 3891
2233 2489
