925 1181
784 810
2484 2615
2730 3395
1522 1590
2469 2655
2112 2353
3033 3387
1601 1629
1107 1662
107 1447
2273 2302
1116 1816
423 556
3061 3266
990 3278
1985 2392
1793 1842
1369 1779
958 1468
2392 2430
0 20
580 1374
695 700
1079 1290
2302 2530
1793 1867
428 1210
933 1794
3320 3381
2165 2619
1019 1862
385 507
378 676
1184 1819
2880 2974
409 515
2093 2593
3578 3938
1964 2371
1434 1846
1479 1715
2561 2573
2043 2489
2694 2763
1917 1985
1684 2862
3518 3824
415 558
20 115
0 40
753 819
2835 3387
2234 2303
3024 3225
2153 2302
2150 2408
1926 2612
953 1563
370 431
1076 1644
1940 2151
2927 3400
1101 1191
3464 3612
3448 3944
2697 3373
2121 2244
2109 2409
695 777
362 413
1649 1732
1689 1827
1110 1327
373 566
3442 3678
1250 1367
2299 2564
2309 2340
2131 2576
2128 2333
422 604
2539 2590
957 1298
1281 1751
1500 1634
3437 3536
3082 3344
394 436
3253 3345
2032 2473
444 445
1238 1330
828 880
2243 2603
2564 2646
2190 2376
2109 2521
978 1439
2507 2611
1553 1847
2756 3090
2072 2232
1917 2586
3822 3870
2059 2543
2867 3213
1050 1779
2019 2303
996 1087
3527 3966
364 476
1983 2359
2266 2464
1946 2271
2201 2278
1963 1971
2026 2367
636 678
1136 1174
1017 1845
2169 2183
1538 1662
3035 3416
107 1723
1101 1185
990 2822
2854 3104
1939 2062
1153 1839
1459 1647
3437 3441
142 186
1709 1807
3980 3984
2199 2597
651 1012
2881 3188
2087 2283
1684 3182
3811 3949
2754 2800
366 1446
1984 2020
1142 1464
856 878
2701 3182
1752 1757
2084 2393
1467 1584
376 460
908 1537
3138 3307
2687 3360
1019 1036
2073 2184
2862 3195
1391 1600
1984 2374
428 544
1153 1456
714 789
200 248
1373 1382
2675 2914
2786 3174
2840 3172
2924 3184
431 506
2031 2327
2069 2625
1989 2059
1054 1376
1360 1567
107 914
2233 2520
1473 1654
2363 2428
483 1773
2780 3233
3735 3921
2340 2654
1052 1807
107 1680
1420 1590
2412 2587
1320 1695
2103 2500
2080 2656
204 277
1303 1786
2471 2592
1652 1827
1017 1551
1126 1377
348 473
3587 3920
3219 3369
3005 3302
500 565
2887 3363
2064 2077
1515 1638
2778 2938
2849 3350
473 542
1584 1721
1388 1888
1916 2509
1017 1842
2506 2561
3572 3705
2986 3033
925 1250
959 1359
2054 2194
2864 2985
56 203
3345 3434
370 458
1123 1590
2337 2435
2174 2224
1235 1475
1940 2163
3437 3535
1267 1849
2135 2293
1290 1600
2787 3253
2896 3304
2910 3090
1321 1780
3107 3186
2184 2354
1322 1691
2328 2529
978 1184
1429 1786
1509 1610
1515 1729
3140 3194
1374 1694
2532 2600
1480 1821
2012 2116
1588 1806
3104 3294
2325 2525
947 1399
1302 1746
1080 1210
2414 2478
1068 1238
2730 3264
2356 2526
2007 2240
1404 1636
800 853
2327 2643
1916 2111
2174 2294
3741 3780
2148 2315
1954 2629
993 1753
3593 3680
2354 2550
2863 3201
0 244
1269 1879
1727 1876
745 784
1423 1448
3527 3702
1288 1331
2707 3133
1366 1767
1155 1574
3830 3842
1135 1377
1495 1595
1003 1352
2510 2512
1622 1761
3087 3219
1431 1589
947 1128
1156 1589
2374 2600
2960 3399
2108 2201
2131 2308
505 554
2833 3332
2684 3350
3586 3712
136 2133
2502 2582
1158 1215
915 1881
3437 3566
2117 2215
452 555
422 617
1605 1746
429 466
1107 1861
2696 3001
1043 1045
739 780
2326 2504
947 1765
2123 2551
1995 2171
1229 1432
1332 1549
154 219
1414 1862
2291 2406
3547 3779
1643 1730
2964 3326
1146 1557
1175 1471
3697 3971
2815 2911
1227 1379
896 1432
1978 2049
3274 3353
1345 1347
2676 2839
2028 2372
1529 1778
2054 2241
2756 3364
1107 1302
236 303
1989 2331
3734 3877
2873 2915
2123 2484
1123 1610
2785 3249
107 1748
1082 1764
53 88
2108 2307
2966 3078
504 506
1912 2305
1968 2585
2372 2582
1584 1612
3514 3611
3437 3751
641 1113
767 839
376 450
1047 1267
2078 2108
2104 2339
993 1659
2101 2338
2404 2576
2782 2916
2084 2352
107 1867
1997 2086
3452 3824
1912 2329
3460 3464
748 787
719 823
107 1673
1949 2173
2478 2623
1004 1331
2768 3263
1987 2417
966 1839
3437 3852
3381 3419
640 675
2004 2648
2662 3192
1124 1335
694 842
2445 2526
1017 1184
1936 2193
3076 3396
1600 1891
2973 3330
170 186
1352 1522
396 481
1335 1538
2311 2500
1352 1665
122 325
2187 2543
1937 2015
1919 2627
1327 1540
3026 3257
115 137
1316 1396
1004 1819
373 376
1480 1809
1205 1868
1272 1886
373 669
3151 3312
1736 1888
1516 1746
1684 2942
1281 1582
1718 2127
2071 2174
2336 2343
2750 2897
2296 2416
2212 2507
2011 2627
2347 2468
1074 1173
3136 3187
1165 1641
40 329
1613 1816
431 525
2032 2149
1113 1320
2102 2133
2201 2586
3114 3364
1938 2150
1275 1904
2086 2339
2550 2560
1971 2104
1451 1515
2131 2218
1086 1589
3298 3328
1663 1849
948 1543
2553 2638
3168 3412
2229 2423
2068 2280
2125 2149
3677 3756
1940 2264
1117 1125
2095 2172
2770 3277
2890 3166
903 1733
1132 1291
1274 1866
2239 2509
2698 2910
348 443
1130 1471
2333 2533
3152 3347
927 946
2751 2901
1947 2594
107 1142
3179 3258
2046 2271
1185 1804
2539 2546
3069 3088
2672 2937
481 547
997 1535
107 1277
1426 1578
3739 3892
1983 2590
3214 3312
1989 2083
2786 2873
2266 2329
984 1894
2546 2564
1166 1725
236 248
3833 3906
1559 1772
2235 2598
1947 2279
373 425
2677 3302
1026 1109
285 3433
1402 3032
1714 2164
2841 3544
2381 3167
3225 3346
272 1204
2231 3254
1310 1448
2847 3939
589 1219
1327 3343
1661 2320
616 795
761 3462
281 2971
744 2992
539 2654
318 3240
75 3624
2036 2852
1205 2205
766 1827
1391 1421
1332 2771
1254 2841
2767 4011
2250 4018
684 3697
1259 1564
13 1870
1320 2274
1257 1314
1959 1989
951 3302
1203 1921
789 887
3185 3394
1677 2742
1637 3444
3370 3852
2122 2667
687 881
611 2440
80 3718
3036 3136
169 358
3227 3521
117 3820
1459 2831
3155 3803
2180 2656
1490 2168
2193 4024
3527 3755
933 1116
2546 3702
2456 2864
909 1191
788 2721
1501 2775
3286 4009
844 1919
919 1335
1205 3499
2140 2712
2787 2928
290 1753
1402 3608
726 3761
62 2303
631 1438
1126 2905
3151 3880
157 3558
263 3076
769 1263
2277 2769
3641 3729
649 2444
1265 2943
43 3424
1062 2877
2275 2320
427 2233
134 3869
169 915
836 2515
705 3973
700 1519
789 893
864 2603
657 2914
3455 3723
1162 3102
1093 3932
2520 3514
167 1461
2676 4007
2084 2937
1576 3005
59 2895
1149 2205
2204 2397
1040 2014
3685 3874
2237 2335
2511 3106
650 3973
2067 3247
504 859
1888 2777
542 3732
634 2829
2945 3915
100 735
121 2417
1725 2000
816 1532
1073 1134
746 1767
282 3468
2689 2825
1444 1906
2124 2427
304 548
2397 2416
145 2118
1998 2516
3560 3567
897 3971
1030 3872
2569 2971
3669 3933
779 2669
738 910
1232 2568
3389 3569
219 1588
3274 3399
945 3928
445 3218
3397 3553
721 3419
2130 3636
2205 2602
1152 1785
2208 3286
828 2532
3121 3749
402 2396
273 994
2487 3179
1565 3640
1248 2500
427 2037
546 2664
314 1907
2621 2992
1036 3413
1519 2751
1956 2235
572 2075
486 994
1553 2966
365 2549
3264 4007
386 3132
3114 3912
499 1594
154 2949
2612 3425
389 3090
301 1499
2900 2970
1364 3416
238 883
2022 3627
367 3402
2759 3788
1651 2994
824 4020
137 774
60 3888
807 3411
2550 3355
420 3377
2230 2622
1127 2339
2852 3907
2966 3747
1118 2185
1372 2216
2781 3831
2557 2664
259 3245
3454 3517
11 3247
438 2645
1145 2408
71 662
3022 4015
315 3065
3044 3214
1092 1621
864 2724
3165 3797
1880 3877
507 1287
2600 3973
1753 3697
3411 3660
1013 2755
281 1419
147 1693
379 3400
1872 3359
2123 3854
32 707
1362 1438
1540 1907
1119 3430
2602 3460
2493 2826
281 3537
2328 3444
1996 3601
887 1469
1535 1595
3293 3475
1007 1313
2838 2948
536 1126
968 3835
748 2676
3285 3624
198 2931
548 2820
2351 3188
517 1715
340 2782
3417 3973
1760 3922
450 2542
2784 3908
2272 3927
133 572
757 3130
2486 2531
433 2513
287 659
2560 2753
329 3499
1941 2858
830 3849
2306 2932
572 1721
3393 3757
1920 2894
519 3286
3199 3709
564 1934
3343 3384
2027 2129
2485 2598
1244 1652
81 541
1345 3527
964 2402
2739 3967
801 2285
1412 2166
1613 2260
1444 3634
1608 1665
870 2821
33 2142
1246 3553
2215 2390
565 3610
2151 3141
315 2170
972 1860
187 2352
1459 3973
766 1273
697 2246
923 974
1370 3624
782 1837
759 2027
840 1393
2485 3805
2324 3443
852 2312
1825 3665
336 3165
313 1342
639 1930
1543 1681
3938 4021
696 787
2378 4036
830 2376
1586 2886
1784 3298
1806 4032
530 3284
2438 3573
400 3455
467 2654
1150 1856
107 3091
860 3799
1041 3799
1135 4012
563 753
472 3920
327 873
1734 2665
2851 3950
1772 3405
1863 1969
2139 3070
2307 3357
3541 3626
171 2987
598 2673
1110 3589
1091 3450
243 1113
2418 3674
1867 2484
1068 1958
1876 2722
3588 3938
217 3485
2453 3510
858 2596
716 2626
99 1054
66 185
321 2049
137 2263
3039 3336
815 863
2819 3831
1072 1653
627 3093
1417 3673
1324 1437
3593 3930
2167 3447
167 4027
1669 3094
683 3542
1420 4003
887 3727
435 2060
2907 3170
112 3562
22 2828
417 1668
740 3340
1773 2896
427 3046
1602 1985
773 3568
1164 3442
1526 3748
1307 1751
627 3019
758 2467
1284 2894
866 3790
246 1118
2995 3744
2102 2824
3679 3942
3213 4012
908 2412
187 871
1506 2435
1777 3434
1794 3235
993 2313
172 2270
244 3548
1220 3837
110 3213
1283 3065
1400 2929
1190 2190
1958 2670
1769 2257
2510 3526
1312 3823
3243 3485
745 2374
1430 1534
211 2052
636 1962
1819 2068
1809 2429
2846 3786
3633 3673
89 1717
2103 3251
2041 3288
3096 3276
2483 3359
1374 2844
1634 2722
1125 3959
749 2941
593 3674
63 1255
1690 3586
98 1360
1200 2655
2949 3096
2028 2072
415 499
1549 2935
1818 1928
302 720
1169 1515
912 2970
540 3967
1103 1603
1322 2598
2951 3978
705 2630
570 3798
2035 3437
2096 3862
3381 3701
1231 3852
3030 3307
1924 3457
1029 2627
615 3308
541 908
1288 2720
78 1072
415 2855
557 2864
2305 3328
2384 3004
1760 3933
37 449
277 3134
283 341
970 1083
2143 3661
208 3453
3142 3914
3268 3351
1523 3163
365 1692
1162 1189
431 1121
494 2427
943 2689
286 2548
874 3548
1632 3750
1380 2094
2114 2393
401 3238
1478 3906
921 1447
802 2004
1920 2541
3289 3933
1026 2960
3081 3325
889 1648
3023 3024
342 3942
108 3305
1580 2392
2120 3888
536 572
83 1977
886 1729
909 1162
794 3496
2366 2753
1819 2172
927 3414
2028 4000
1890 2509
10 2459
620 1964
1345 3930
13 3054
37 344
1208 3688
