925 1181
784 810
2484 2615
2730 3395
1522 1590
2469 2655
2112 2353
3033 3387
1601 1629
1107 1662
107 1447
2273 2302
1116 1816
423 556
3061 3266
990 3278
1985 2392
1793 1842
1369 1779
958 1468
2392 2430
0 20
580 1374
695 700
1079 1290
2302 2530
1793 1867
428 1210
933 1794
3320 3381
2165 2619
1019 1862
385 507
378 676
1184 1819
2880 2974
409 515
2093 2593
3578 3938
1964 2371
1434 1846
1479 1715
2561 2573
2043 2489
2694 2763
1917 1985
1684 2862
3518 3824
415 558
20 115
0 40
753 819
2835 3387
2234 2303
3024 3225
2153 2302
2150 2408
1926 2612
953 1563
370 431
1076 1644
1940 2151
2927 3400
1101 1191
3464 3612
3448 3944
2697 3373
2121 2244
2109 2409
695 777
362 413
1649 1732
1689 1827
1110 1327
373 566
3442 3678
1250 1367
2299 2564
2309 2340
2131 2576
2128 2333
422 604
2539 2590
957 1298
1281 1751
1500 1634
3437 3536
3082 3344
394 436
3253 3345
2032 2473
444 445
1238 1330
828 880
2243 2603
2564 2646
2190 2376
2109 2521
978 1439
2507 2611
1553 1847
2756 3090
2072 2232
1917 2586
3822 3870
2059 2543
2867 3213
1050 1779
2019 2303
996 1087
3527 3966
364 476
1983 2359
2266 2464
1946 2271
2201 2278
1963 1971
2026 2367
636 678
1136 1174
1017 1845
2169 2183
1538 1662
3035 3416
107 1723
1101 1185
990 2822
2854 3104
1939 2062
1153 1839
1459 1647
3437 3441
142 186
1709 1807
3980 3984
2199 2597
651 1012
2881 3188
2087 2283
1684 3182
3811 3949
2754 2800
366 1446
1984 2020
1142 1464
856 878
2701 3182
1752 1757
2084 2393
1467 1584
376 460
908 1537
3138 3307
2687 3360
1019 1036
2073 2184
2862 3195
1391 1600
1984 2374
428 544
1153 1456
714 789
200 248
1373 1382
2675 2914
2786 3174
2840 3172
2924 3184
431 506
2031 2327
2069 2625
1989 2059
1054 1376
1360 1567
107 914
2233 2520
1473 1654
2363 2428
483 1773
2780 3233
3735 3921
2340 2654
1052 1807
107 1680
1420 1590
2412 2587
1320 1695
2103 2500
2080 2656
204 277
1303 1786
2471 2592
1652 1827
1017 1551
1126 1377
348 473
3587 3920
3219 3369
3005 3302
500 565
2887 3363
2064 2077
1515 1638
2778 2938
2849 3350
473 542
1584 1721
1388 1888
1916 2509
1017 1842
2506 2561
3572 3705
2986 3033
925 1250
959 1359
2054 2194
2864 2985
56 203
3345 3434
370 458
1123 1590
2337 2435
2174 2224
1235 1475
1940 2163
3437 3535
1267 1849
2135 2293
1290 1600
2787 3253
2896 3304
2910 3090
1321 1780
3107 3186
2184 2354
1322 1691
2328 2529
978 1184
1429 1786
1509 1610
1515 1729
3140 3194
1374 1694
2532 2600
1480 1821
2012 2116
1588 1806
3104 3294
2325 2525
947 1399
1026 1109
285 3433
1402 3032
1714 2164
2841 3544
2381 3167
3225 3346
272 1204
2231 3254
1310 1448
2847 3939
589 1219
1327 3343
1661 2320
616 795
761 3462
281 2971
744 2992
539 2654
318 3240
75 3624
2036 2852
1205 2205
766 1827
1391 1421
1332 2771
1254 2841
2767 4011
2250 4018
684 3697
1259 1564
13 1870
1320 2274
1257 1314
1959 1989
951 3302
1203 1921
789 887
3185 3394
1677 2742
1637 3444
3370 3852
2122 2667
687 881
611 2440
80 3718
3036 3136
169 358
3227 3521
117 3820
1459 2831
3155 3803
2180 2656
1490 2168
2193 4024
3527 3755
933 1116
2546 3702
2456 2864
909 1191
788 2721
1501 2775
3286 4009
844 1919
919 1335
1205 3499
2140 2712
2787 2928
290 1753
1402 3608
726 3761
62 2303
631 1438
1126 2905
3151 3880
157 3558
263 3076
769 1263
2277 2769
3641 3729
649 2444
1265 2943
43 3424
1062 2877
2275 2320
427 2233
134 3869
169 915
836 2515
705 3973
700 1519
789 893
864 2603
657 2914
3455 3723
1162 3102
1093 3932
2520 3514
167 1461
2676 4007
2084 2937
1576 3005
59 2895
1149 2205
2204 2397
1040 2014
3685 3874
2237 2335
2511 3106
650 3973
2067 3247
504 859
1888 2777
542 3732
634 2829
2945 3915
100 735
121 2417
1725 2000
816 1532
1073 1134
746 1767
282 3468
2689 2825
1444 1906
2124 2427
304 548
2397 2416
145 2118
1998 2516
3560 3567
897 3971
1030 3872
2569 2971
3669 3933
779 2669
738 910
1232 2568
3389 3569
219 1588
3274 3399
945 3928
445 3218
3397 3553
721 3419
2130 3636
2205 2602
1152 1785
2208 3286
828 2532
3121 3749
402 2396
273 994
2487 3179
1565 3640
1248 2500
427 2037
546 2664
314 1907
2621 2992
1036 3413
1519 2751
1956 2235
572 2075
486 994
1553 2966
365 2549
3264 4007
386 3132
3114 3912
499 1594
154 2949
2612 3425
389 3090
301 1499
2900 2970
1364 3416
238 883
2022 3627
367 3402
2759 3788
1651 2994
824 4020
137 774
60 3888
807 3411
2550 3355
420 3377
2230 2622
1127 2339
2852 3907
2966 3747
1118 2185
1372 2216
2781 3831
2557 2664
259 3245
3454 3517
11 3247
438 2645
1145 2408
71 662
3022 4015
315 3065
3044 3214
1092 1621
864 2724
3165 3797
1880 3877
507 1287
2600 3973
1753 3697
3411 3660
1013 2755
281 1419
147 1693
379 3400
1872 3359
2123 3854
32 707
1362 1438
1540 1907
1119 3430
2602 3460
2493 2826
281 3537
2328 3444
1996 3601
887 1469
1535 1595
3293 3475
1007 1313
2838 2948
536 1126
968 3835
748 2676
3285 3624
198 2931
548 2820
2351 3188
517 1715
340 2782
3417 3973
1760 3922
450 2542
2784 3908
2272 3927
133 572
757 3130
2486 2531
