1026 1109
285 3433
1402 3032
1714 2164
2841 3544
2381 3167
3225 3346
272 1204
2231 3254
1310 1448
2847 3939
589 1219
1327 3343
1661 2320
616 795
761 3462
281 2971
744 2992
539 2654
318 3240
75 3624
2036 2852
1205 2205
766 1827
1391 1421
1332 2771
1254 2841
2767 4011
2250 4018
684 3697
1259 1564
13 1870
1320 2274
1257 1314
1959 1989
951 3302
1203 1921
789 887
3185 3394
1677 2742
1637 3444
3370 3852
2122 2667
687 881
611 2440
80 3718
3036 3136
169 358
3227 3521
117 3820
1459 2831
3155 3803
2180 2656
1490 2168
2193 4024
3527 3755
933 1116
2546 3702
2456 2864
909 1191
788 2721
1501 2775
3286 4009
844 1919
919 1335
1205 3499
2140 2712
2787 2928
290 1753
1402 3608
726 3761
62 2303
631 1438
1126 2905
3151 3880
157 3558
263 3076
769 1263
2277 2769
3641 3729
649 2444
1265 2943
43 3424
1062 2877
2275 2320
427 2233
134 3869
169 915
836 2515
705 3973
700 1519
789 893
864 2603
657 2914
3455 3723
1162 3102
1093 3932
2520 3514
167 1461
2676 4007
2084 2937
1576 3005
59 2895
1149 2205
2204 2397
1040 2014
3685 3874
2237 2335
2511 3106
650 3973
2067 3247
504 859
1888 2777
542 3732
634 2829
2945 3915
100 735
121 2417
1725 2000
816 1532
1073 1134
746 1767
282 3468
2689 2825
1444 1906
2124 2427
304 548
2397 2416
145 2118
1998 2516
3560 3567
897 3971
1030 3872
2569 2971
3669 3933
779 2669
738 910
1232 2568
3389 3569
219 1588
3274 3399
945 3928
445 3218
3397 3553
721 3419
2130 3636
2205 2602
1152 1785
2208 3286
828 2532
3121 3749
402 2396
273 994
2487 3179
1565 3640
1248 2500
427 2037
546 2664
314 1907
2621 2992
1036 3413
1519 2751
1956 2235
572 2075
486 994
1553 2966
365 2549
3264 4007
386 3132
3114 3912
499 1594
154 2949
2612 3425
389 3090
301 1499
2900 2970
1364 3416
238 883
2022 3627
367 3402
2759 3788
1651 2994
824 4020
137 774
60 3888
807 3411
2550 3355
420 3377
2230 2622
1127 2339
2852 3907
2966 3747
1118 2185
1372 2216
2781 3831
2557 2664
259 3245
3454 3517
11 3247
438 2645
1145 2408
71 662
3022 4015
315 3065
3044 3214
1092 1621
864 2724
3165 3797
1880 3877
507 1287
2600 3973
1753 3697
3411 3660
1013 2755
281 1419
147 1693
379 3400
1872 3359
2123 3854
32 707
1362 1438
1540 1907
1119 3430
2602 3460
2493 2826
281 3537
2328 3444
1996 3601
887 1469
1535 1595
3293 3475
1007 1313
2838 2948
536 1126
968 3835
748 2676
3285 3624
198 2931
548 2820
2351 3188
517 1715
340 2782
3417 3973
1760 3922
450 2542
2784 3908
2272 3927
133 572
757 3130
2486 2531
