414 597
1929 1946
1998 2000
1169 1748
1953 2468
1291 1391
601 629
3106 3299
2086 2324
2377 2649
1375 1750
2040 2409
2464 2586
2988 3166
2746 2920
1621 1721
3233 3379
3501 3651
1269 1522
353 1075
1076 1617
2090 2115
2083 2212
32 337
1209 1886
1820 1848
2055 2590
25 271
363 1616
67 199
456 523
363 527
3291 3341
1376 1846
1730 1750
1188 1366
1004 1663
3982 4026
2023 2089
1004 1750
1078 1717
1636 1820
1962 2275
2820 3275
441 564
2108 2460
1335 1471
1460 1501
1139 1275
950 1410
2206 2229
2078 2275
1598 1757
1126 1809
2803 2996
828 848
2713 3285
2407 2559
1259 1745
2495 2625
2189 2417
1275 1536
66 252
1072 1681
1613 1717
1156 1401
2055 2414
107 1687
3719 3924
2347 2419
2700 3248
1997 2030
2708 3434
2090 2131
1959 2471
1017 1132
3584 3620
1912 1961
1002 1105
2992 3201
1455 1473
2306 2326
1078 1390
1714 1826
3980 3999
2013 2018
3842 3968
1390 1589
1946 2131
1283 1817
361 376
2210 2216
122 186
1986 2339
2408 2546
2112 2543
1970 2125
366 566
2410 2484
184 346
3264 3358
1994 2117
428 570
1366 1725
1536 1686
1286 1459
2747 2865
2326 2611
2831 3214
2369 2485
2064 2578
2282 2617
2286 2361
2235 2603
1042 1225
943 1168
1114 1248
3719 3895
2111 2169
3047 3090
242 346
1107 1810
2131 2376
2352 2433
2877 3064
1361 1637
1941 2215
2131 2287
1156 1230
3232 3426
2866 3426
2484 2574
1946 2630
978 1124
686 782
1663 1746
452 510
1945 2111
1402 1619
1571 1754
2184 2290
650 665
1204 1273
2793 3288
3238 3387
2717 2966
1117 1370
712 714
1256 1832
728 797
2734 2790
2149 2519
107 483
137 289
2189 2427
1366 1667
1757 1768
1959 2161
2784 3211
2756 3073
1986 2184
2278 2532
107 1299
1191 1610
1536 1727
1024 1133
2327 2543
2890 3123
2760 3222
926 1191
1086 1557
2304 2399
2039 2144
1684 3028
698 878
999 1707
922 1780
414 556
3107 3313
1156 1399
2677 2688
1268 1531
1947 2384
782 786
2054 2652
1938 2334
353 936
3493 3506
1130 1839
1684 3156
1547 1823
2183 2187
1912 2077
1938 2233
1431 1600
3035 3320
3540 3618
3590 3944
3452 3611
1273 1502
3803 3906
595 635
1483 1632
1717 1800
1684 2933
3487 3925
760 842
1677 1844
3033 3054
2101 2396
2393 2404
3747 3933
2398 2616
2334 2467
1101 1712
916 1125
3239 3419
142 345
2328 2351
483 492
2716 3198
1548 1733
1420 1902
2989 2992
641 1459
1925 2218
2083 2278
2378 2417
1921 2639
2679 2757
966 1886
1127 1840
2741 3000
2892 3415
2093 2139
2118 2615
1416 1717
2222 2377
1420 1839
3480 3625
1309 1742
1993 2521
366 1878
1707 1746
1024 1199
2408 2409
2428 2646
2315 2384
1491 1707
1684 3201
1608 1621
1292 1628
2706 3324
1315 1423
3641 3655
24 194
3169 3385
2084 2290
908 1033
1742 1871
1377 1637
82 271
1078 1238
2591 2638
1293 1796
3464 3945
1124 1538
2556 2624
2245 2535
3473 3567
2088 2190
3238 3435
1955 2144
2675 2955
1391 1402
3439 3699
2250 2312
1684 3077
1181 1365
1718 2199
1591 1899
1712 1793
1006 1163
1092 1485
2059 2324
107 420
355 474
1238 1717
2236 2317
1765 1791
2071 2133
2271 2630
2283 2293
917 1481
1684 3305
2083 2348
1029 1086
368 371
1127 1472
414 642
2409 2468
1983 2623
3591 3951
582 583
2 333
2428 2430
1196 1753
2409 2543
2011 2025
107 1029
2143 2250
1941 2491
705 827
2329 2359
2078 2574
3553 3840
3267 3381
1076 1675
1335 1665
1146 1643
1070 1828
2356 2579
2376 2553
2694 3104
3437 3607
1464 1660
2744 3256
3076 3281
2674 2796
2793 3191
2174 2419
1999 2116
2340 2631
1420 1663
2271 2460
408 512
2068 2187
363 367
2874 2945
563 634
917 954
2579 2611
2356 2554
3594 3883
1024 1501
1059 1211
2793 3320
2104 2123
2681 2994
2683 2738
3102 3150
2183 2436
2554 2607
2331 2428
2005 2240
1126 1439
1360 1803
2553 2559
1925 2504
2118 2334
1488 1868
1916 1954
1938 2104
2423 2549
946 1431
2002 2605
3116 3397
2601 2638
1912 2500
3204 3291
1204 1875
1752 1804
1918 2542
919 1245
2218 2521
1006 1287
914 1885
2261 2553
1979 2409
2592 2629
2232 2643
1199 1813
0 54
2124 2428
1925 2184
2227 2313
1156 1685
2184 2331
3101 3198
2875 3332
1059 1839
1718 1955
2149 2529
2468 2552
2196 2543
420 1673
2208 2592
2976 3298
2409 2429
492 580
3593 3738
942 1324
1211 1291
2538 2639
1684 3398
1925 2500
311 344
2289 2642
2340 2506
3902 3934
3759 3836
1330 1352
1993 2556
953 1040
698 891
2680 2986
1237 1853
496 513
180 254
3187 3337
361 547
2033 2347
9 252
1652 1809
1199 1772
2042 2191
2369 2460
458 475
1925 2590
444 495
1689 1707
1329 1833
951 973
2233 2507
1912 2545
1413 1715
1250 1796
1431 1449
1948 2187
2900 3412
3605 3785
2956 3384
1932 2010
2376 2391
72 165
2495 2553
2909 3384
2905 3304
348 376
2040 2266
1017 1816
2043 2352
2109 2590
2045 2433
409 497
722 853
1230 1334
1032 1732
2727 3024
2156 2160
2850 2864
2384 2597
483 1406
2820 3295
2317 2587
1547 1619
3540 3968
107 1709
1921 2027
2233 2551
3277 3321
1912 2344
2276 2408
2467 2601
1945 2511
2206 2600
2220 2554
2855 2904
1912 2007
1943 1971
1912 2420
62 236
40 142
1979 2467
1238 1289
2073 2348
2319 2347
2836 2954
2880 3000
2993 3033
1613 1675
1153 1746
1951 2001
1075 1737
3617 3793
2077 2142
1966 2449
3042 3426
719 764
2309 2560
542 560
2101 2199
2084 2220
3468 3823
2770 3411
350 433
3794 3969
747 797
1159 1783
1437 1911
1125 1336
1962 2485
917 1820
1920 1959
2090 2381
3437 3853
2323 2495
1936 1978
1169 1703
1124 1211
2934 3370
1086 1467
3347 3406
418 555
3672 3838
925 1530
2715 2831
3683 3842
2943 3065
1291 1597
919 1261
2054 2567
3289 3302
1684 2790
1256 1768
606 1699
705 803
1285 1668
898 1732
2909 3226
2468 2594
1085 3556
2912 3078
916 1172
2753 3434
2742 3199
2685 3081
1504 1541
1986 2142
1196 1735
2078 2506
26 69
3722 3850
2062 2327
3692 3851
492 524
1563 1683
2068 2144
359 481
2374 2654
2124 2229
921 1621
1989 2190
1184 1724
2915 3078
573 680
3259 3276
2053 2333
1398 1833
1427 1801
3119 3257
1997 2625
2677 2764
2711 3177
1684 3067
3725 3743
1684 2735
3187 3196
2705 2925
1135 1723
1092 1250
370 428
1070 1446
3292 3341
627 659
2328 2608
3730 3824
394 398
2157 2417
1684 2827
2819 3192
708 730
1153 1172
2121 2602
1377 1663
3296 3434
2869 2937
1979 2063
1917 2055
1191 1620
2773 3166
118 342
2118 2543
2081 2367
1070 1469
2122 2369
2304 2594
1912 2175
934 1551
697 719
1618 1827
1688 1864
2715 3146
483 1694
3207 3241
2472 2555
3714 3906
460 492
3172 3313
2781 3335
1078 1551
1917 2307
25 186
2404 2600
3069 3154
1378 1629
1985 2369
2143 2512
0 146
1199 1816
1014 1473
500 503
1587 1893
1590 1639
1040 1589
1389 1898
1376 1637
1104 1432
559 669
726 830
2600 2611
145 179
2945 3433
1310 1876
2499 2591
1448 1596
1946 2352
2300 2576
2090 2546
2090 2240
983 1399
2676 2698
1059 1191
107 1849
2414 2543
1925 2150
2110 2327
1528 1835
687 759
1833 1886
3150 3297
1947 2518
2539 2630
2308 2624
1172 1868
1230 1243
1020 1066
1589 1598
1542 1665
1509 1765
3084 3293
2088 2206
2137 2351
792 850
1076 1532
901 1895
2028 2187
107 1453
1129 1647
107 1821
713 817
465 601
999 1068
475 490
1946 2083
1954 2009
2043 2188
485 518
695 781
3152 3288
2504 2560
1601 1787
1004 1539
2778 3261
515 545
1914 2645
3027 3380
1322 1720
1912 2267
2363 2549
1620 1864
1741 1879
2524 2611
2126 2283
952 1269
916 1376
2081 2347
2282 2315
1173 1389
2176 2294
2223 2250
428 1446
1966 2095
1986 2391
2104 2602
2777 2910
1547 1589
1199 1305
3119 3135
1532 1597
1925 2056
1402 1900
3587 3641
2237 2308
1614 1799
2436 2543
1163 1605
1979 2604
3929 3948
2150 2539
2684 2894
1965 2133
2104 2139
3150 3419
1182 1528
719 817
170 185
1589 1735
2071 2072
1024 1028
1519 1688
1489 1495
2525 2603
1718 2588
1786 1873
2139 2326
1302 1816
1211 1376
363 1744
903 1895
2047 2384
3474 3604
2103 2352
1954 2472
2135 2475
2748 3116
2962 3001
2676 3149
2386 2395
1156 1288
1916 1970
3024 3107
3667 3683
953 1086
2410 2638
389 1699
2828 2875
2351 2420
1941 2148
2749 2909
915 948
131 177
1912 2089
3469 3474
1255 1663
423 634
2938 3182
2231 2448
3495 3618
1373 1706
2131 2521
3060 3381
461 561
1391 1826
1060 1067
2058 2093
1074 1553
2163 2395
2203 2533
1989 2499
1195 1835
3545 3611
1479 1573
2429 2512
2261 2352
730 783
1457 1712
128 322
980 1267
1049 1116
1293 1608
2261 2485
2211 2637
2184 2261
2078 2150
1117 1849
2779 3356
1289 1431
156 258
1078 1329
1912 2052
395 398
1211 1335
1341 1888
1272 1823
1106 1418
277 339
2285 2336
1912 2093
1107 1149
357 486
2742 3206
2104 2407
3980 3982
1319 1371
2264 2537
2738 2864
3396 3422
2037 2121
1148 1347
2010 2081
1324 1871
2854 3430
1376 1653
2111 2385
369 442
2331 2469
1666 1684
2334 2363
1665 1842
1037 1109
2853 2869
2869 3335
2750 3108
2223 2345
906 1867
2047 2191
1035 1170
1684 3180
1736 1768
1590 1612
1107 1584
107 1319
1943 2546
1912 2475
3206 3291
1577 2283
2683 2854
3920 3964
2347 2624
400 493
994 1427
3463 3793
1604 1800
2716 3260
1613 1622
2863 3296
1935 2585
727 752
2253 2484
2757 2919
1067 1841
2664 3029
3049 3102
2679 3417
457 459
1377 1804
366 1427
3567 3595
239 303
1109 1139
3034 3178
1471 1659
2064 2329
2873 3435
2208 2462
1075 1290
589 636
2278 2339
1404 1899
1610 1752
1129 1404
1507 1876
2039 2148
2103 2460
308 323
2102 2344
2738 2809
637 1374
2006 2225
925 1054
3576 3596
995 1239
2045 2404
975 1379
2786 3433
1059 1370
1917 1984
1360 1726
0 247
1195 1563
1367 1620
2140 2359
606 917
2154 2216
2331 2654
2386 2464
917 1121
1684 3408
778 830
1684 3392
2090 2206
1478 1671
1940 2010
1613 1772
3635 3731
896 1751
980 993
1946 2507
1256 1551
2121 2559
0 33
2090 2625
2409 2625
2091 2197
1936 2497
1606 1844
1948 2081
1948 2463
1033 1697
2951 3103
1946 2164
981 1204
304 322
383 387
2862 3104
966 1559
2473 2547
903 1892
2394 2473
1024 1707
1104 1596
3295 3415
1534 1701
969 1820
2095 2369
387 444
2224 2643
1951 2157
2234 2506
2724 3068
2956 3417
2891 3234
2153 2508
1663 1665
1918 2056
1569 1646
1955 2328
3391 3416
3038 3291
1912 2280
2189 2589
917 944
952 1059
2521 2526
1216 1378
1204 1279
1589 1721
1512 1790
3026 3052
2086 2201
1377 1886
2682 3366
1255 1272
2198 2518
1964 2317
2825 3075
2087 2144
1689 1735
1475 1682
2661 3049
1249 1703
1684 2962
3437 3739
1981 2592
2257 2404
3150 3277
1380 1712
1081 1742
1285 1598
2266 2350
1167 1783
1185 1509
373 496
2697 2962
3793 3924
2183 2302
2005 2625
2045 2561
1099 1894
2077 2369
1126 1196
829 842
2244 2507
1431 1480
770 797
2169 2516
706 805
605 644
1547 1662
3493 3900
73 299
1298 1475
2161 2652
2224 2330
54 119
2140 2600
2384 2531
3849 3904
2064 2381
1181 1839
1962 2359
3288 3393
982 1207
1078 1735
1207 1370
2188 2574
428 492
2273 2582
1554 1563
2972 3309
1502 1725
1082 1190
966 1431
823 828
1936 1990
211 239
1199 1370
2109 2276
1146 1214
3198 3379
2135 2336
2200 2575
1019 1591
1126 1717
3102 3344
2800 3174
2770 3280
2007 2332
3494 3705
2115 2418
2986 3065
2500 2507
526 1528
3488 3605
2020 2556
1963 2074
428 430
3039 3199
419 567
1917 2468
729 878
641 1313
951 1274
2040 2311
2365 2645
130 322
107 1000
2196 2471
3712 3734
1345 1638
1312 1520
592 633
1419 1684
2348 2646
2109 2374
1917 2206
916 1791
151 310
193 259
2394 2571
1182 1420
2045 2220
3002 3420
1958 2364
2960 3119
3521 3728
1044 1221
2078 2526
419 483
127 281
3480 3586
2087 2629
2063 2464
1076 1551
2131 2179
1655 1715
1947 2415
1941 2333
2698 2906
2726 3045
2081 2252
1238 1800
1199 1835
136 2225
420 506
686 756
2071 2384
1238 1826
0 323
2299 2423
36 284
1330 1879
983 1331
2384 2400
1917 2154
2071 2151
2068 2135
2005 2395
2275 2404
2471 2617
1577 2319
2026 2336
1526 1545
1522 1603
3437 3833
2206 2543
1472 1633
1721 1902
3450 3860
3280 3296
947 1730
2323 2354
686 776
2806 2891
1973 2620
1455 1654
1729 1850
2482 2549
686 749
1409 1570
2074 2611
760 800
2283 2491
2589 2617
2676 2777
2683 3080
1912 2086
1547 1613
2944 3153
1420 1888
2124 2139
493 538
2407 2500
2901 3167
2865 3236
1019 1279
1943 2573
903 1363
3672 3852
713 752
2032 2143
2086 2233
302 330
2894 3111
348 352
2220 2563
3047 3096
2257 2339
1330 1722
1810 1879
2030 2229
107 348
3456 3495
925 1613
2354 2646
1509 1617
1957 1991
1302 1604
946 1377
2212 2564
1653 1717
1926 2510
3034 3327
3137 3231
2973 3106
2392 2607
1912 2590
2915 3096
1390 1523
465 683
1997 2604
2918 3256
618 666
2234 2393
898 1282
1997 2404
2629 2643
2559 2654
1454 1783
2184 2189
1622 1683
1648 1895
1221 1277
0 229
977 1348
995 1517
1522 1685
1620 1746
995 1447
380 457
859 885
2025 2620
1086 1809
1804 1839
902 1459
2191 2250
1327 1702
2891 2905
3024 3233
2026 2250
1053 1183
2559 2561
1563 1689
2352 2410
1215 1429
45 303
2031 2514
1547 1849
2755 3417
3454 3547
1467 1613
2973 3206
2040 2564
3177 3366
1720 1764
1199 1804
2867 2940
3526 3543
1912 2235
3019 3210
924 974
2828 2989
3519 3571
416 500
1017 1123
1465 2087
1191 1554
2414 2549
3107 3242
1049 1867
1052 1472
2063 2611
2246 2511
526 1540
3132 3291
2778 2921
2898 3214
1485 1718
2127 2367
1354 1660
1663 1724
3078 3363
1970 2081
3320 3378
3758 3945
1204 1503
2717 3033
953 1888
2679 2920
24 101
1577 2149
2781 2863
3486 3870
2021 2179
1078 1902
3259 3369
2140 2506
2086 2104
2738 2911
1352 1737
2315 2609
1644 1765
1963 2154
2047 2653
1388 1902
2807 2837
1166 1472
1839 1842
2676 3364
0 299
2040 2240
1076 1156
2222 2344
1580 1772
1516 1816
2880 3023
1062 1343
2451 2522
2131 2184
3227 3324
1768 1835
2071 2125
2770 2849
2374 2561
429 531
362 495
400 461
1118 1371
2078 2359
2043 2370
1584 1619
1979 2484
107 1418
719 745
1153 1160
2283 2589
1971 2056
1272 1644
2989 3330
917 1373
2531 2616
475 1374
1124 1858
1132 1199
2289 2617
3077 3373
2436 2502
314 342
1598 1879
1453 1818
2339 2468
3306 3331
2123 2554
1989 2088
934 1305
3252 3265
67 224
1227 1706
3452 3488
2139 2218
567 3487
2750 3040
1161 1911
1993 2030
2033 2244
3437 3940
2516 2649
1004 1250
133 236
1120 1129
3437 3671
2122 2615
2084 2139
1331 1559
2142 2590
2464 2495
2042 2385
3596 3926
1925 2109
515 524
2327 2617
1126 1605
2329 2551
2719 3051
1367 1789
2206 2218
2088 2443
1054 1293
2172 2521
488 527
2750 2782
3684 3938
2110 2199
1614 1819
2682 3233
1124 1827
2482 2520
2268 2327
2598 2609
1650 1828
902 1067
1688 1795
1352 1886
3574 3877
2742 3347
3106 3321
3737 3860
1979 2164
2064 2083
2419 2512
107 925
1126 1242
1107 1796
2939 3316
1013 1713
2206 2210
2040 2123
903 1548
1020 1661
941 1820
3672 3962
3514 3687
3926 3971
1406 1871
2087 2247
694 713
1059 1522
1104 1578
3437 3710
1259 1541
504 539
995 1029
2307 2553
2033 2261
2866 2911
3692 3756
107 1732
420 553
1986 2271
374 535
1983 1993
2045 2064
2907 3220
1577 2028
2960 3158
2224 2273
2084 2512
107 996
1288 1816
2005 2123
2250 2616
1345 1475
3486 3826
597 611
1639 1779
2559 2579
2706 2827
1912 1970
2200 2395
1984 2520
997 1610
2718 3187
484 1408
665 675
2504 2551
1423 1573
2240 2324
1523 1867
1973 2024
2716 3140
1997 2078
370 683
758 781
3005 3185
2185 2518
747 810
2293 2398
1032 1227
2095 2299
957 1148
1522 1622
2153 2268
2781 3027
349 508
1557 1879
2253 2593
2521 2564
30 329
0 19
1080 1565
2244 2506
953 1390
1267 1868
3493 3810
2344 2498
1281 1396
2039 2471
1242 1375
2537 2649
438 561
2793 3132
696 845
24 266
2005 2045
2925 3065
820 830
1329 1843
1214 1243
1986 2418
984 1215
3487 3566
1620 1804
1210 1549
1426 1720
2052 2649
1359 1571
2118 2429
500 614
3519 3757
2398 2512
2706 2749
1517 1613
2049 2628
3019 3412
618 631
966 1256
1989 2220
2323 2600
2068 2215
2206 2460
1993 2045
2785 3089
107 1856
1017 1125
1912 1992
2853 3297
1192 1479
3592 3891
2333 2597
2878 3346
2111 2125
2129 2656
2578 2590
2068 2268
107 1862
1948 2047
1964 2525
3148 3434
2072 2203
1352 1509
2136 2467
2892 3285
2476 2561
1086 1509
363 1844
2187 2496
1107 1288
1404 1611
1260 1304
1926 2186
1675 1765
1473 1901
3075 3097
2887 3090
2086 2553
392 473
1450 1505
3521 3827
1475 1790
1375 1737
376 610
932 1211
1516 1668
2039 2117
1019 1322
2753 3051
1028 1520
1962 2646
2241 2436
1685 1833
0 134
1925 2638
2800 3004
2147 2615
2180 2377
2037 2356
2040 2275
1950 1957
697 890
1337 1911
2870 3077
2669 2676
2756 2786
2121 2467
3120 3239
2083 2188
2124 2339
1406 1729
1589 1737
946 1083
1190 1715
2150 2404
2032 2588
2758 3366
2237 2604
2122 2184
3596 3627
2250 2508
56 277
1469 1624
2054 2143
561 669
1043 1889
3860 3884
1741 1898
1117 1302
400 421
487 492
1250 1789
2911 3202
1373 1894
2768 2921
2695 2943
1124 1772
1984 2200
1276 1791
22 339
2237 2521
2211 2318
1281 1820
354 361
2184 2233
2815 3040
320 329
2184 2334
3024 3328
3636 3802
1733 1787
960 1175
1078 1663
2850 2910
2074 2404
2738 2743
1737 1879
941 1020
2763 2880
2008 2232
1014 1508
978 1330
2050 2538
966 1230
2303 2526
1914 2022
1287 1804
2324 2542
2742 3212
2228 2440
3101 3146
1516 1663
1273 1820
706 810
2331 2539
3197 3299
978 1255
2022 2447
2007 2653
988 1221
23 227
2278 2602
978 1842
2077 2446
200 322
1056 1842
1954 2368
2339 2602
3306 3353
2416 2642
1476 1527
1172 1214
1040 1584
1423 1591
1983 2619
2754 2896
1012 1699
2073 2340
2045 2631
2220 2654
719 820
1171 1908
1675 1867
946 1816
2287 2363
2823 3350
2071 2138
107 1890
2987 3158
2290 2418
1132 1597
1577 2062
896 1573
2122 2619
2029 2298
2800 3000
1279 1857
2826 3211
2004 2620
1545 1767
2028 2616
1056 1238
1684 2846
1128 1539
2206 2408
2043 2276
2212 2275
2430 2500
1059 1735
389 1037
1951 2659
2939 3152
2135 2283
2152 2357
1986 2433
2676 2897
3569 3969
523 545
1947 2053
507 566
980 1608
2063 2602
2103 2200
1685 1813
2973 3223
2083 2631
3437 3456
2104 2142
2250 2463
422 545
1712 1898
3196 3255
2944 3243
72 291
368 416
2283 2642
1391 1551
2328 2642
1312 1827
3674 3788
1583 1903
2201 2520
3154 3162
1488 1554
3684 3721
1491 1617
2125 2133
1191 1842
2326 2383
1997 2084
3065 3108
1170 1820
1209 1800
2916 3129
2590 2591
1746 1750
3279 3353
3219 3409
107 987
2192 2657
1963 2578
1917 2136
3437 3452
1367 1879
1684 2960
1098 1567
3539 3690
2555 2598
2147 2383
1935 2364
2419 2603
2042 2629
107 1351
3437 3499
3460 3469
718 787
2492 2564
3210 3366
1530 1707
965 1500
2064 2244
1143 1418
1941 2542
1433 1825
3496 3505
1547 1864
3768 3793
1100 1221
580 1210
637 1673
1965 2049
960 1078
384 464
3481 3594
2911 3226
1973 2337
483 919
2131 2449
1809 1886
2217 2375
3486 3951
960 1024
549 563
3677 3851
107 1105
947 1376
2043 2326
1458 1488
1946 2112
3017 3397
2716 2989
2053 2117
1489 1729
1272 1312
2855 3280
2125 2372
2482 2602
107 1612
107 1235
966 1107
2271 2369
2729 2981
2559 2590
2989 3120
3240 3319
966 1714
1086 1689
2103 2326
1278 1344
1986 2363
713 781
2363 2521
3604 3790
1925 2078
3140 3161
3082 3316
3437 3635
2030 2118
1959 2072
3034 3345
1231 1462
3710 3907
107 1463
2674 3296
3437 3522
606 1671
1438 1592
2220 2290
2124 2287
1086 1660
2199 2361
1128 1272
0 142
2183 2555
1684 3418
3596 3635
1199 1377
2786 2944
1437 1909
1032 1704
1146 1222
2028 2330
1419 1437
897 1361
1912 2604
2086 2131
459 563
96 213
1205 1554
2142 2449
2233 2655
2873 3022
473 483
2729 2907
494 559
1385 1529
687 688
72 239
352 517
1608 1861
3657 3857
958 1333
924 1536
2278 2460
2872 3430
2032 2511
13 252
1275 1469
3002 3162
1971 2324
1542 1589
2084 2553
592 603
1135 1746
1247 1807
2278 2631
2894 3112
3145 3419
107 1406
3013 3299
1920 2617
2038 2187
2370 2575
3616 3799
3521 3685
2554 2590
1173 1553
2127 2144
107 1047
1590 1736
3741 3851
1079 1757
2420 2653
2666 2773
2987 3149
119 331
2861 3216
1070 1355
3057 3222
2125 2198
1284 1841
2084 2559
2302 2377
1041 1703
2072 2468
2148 2533
2346 2389
2176 2310
2339 2559
1479 1899
1190 1479
2257 2276
3179 3185
1132 1390
1598 1793
1522 1730
2112 2429
1920 2398
1025 1696
896 1635
2333 2594
1160 1669
2706 3096
2189 2347
2035 2107
1099 1316
107 1312
2796 3280
2210 2579
1185 1622
2919 3363
1250 1344
1235 1783
1153 1816
1107 1554
113 172
783 849
1269 1516
2329 2563
2074 2218
2201 2604
3280 3288
2337 2447
1344 1685
1280 1388
3768 3914
3082 3206
1465 1702
2142 2334
2664 3004
2118 2356
2143 2159
2539 2574
1108 1373
3070 3247
2254 2282
1260 1472
2062 2652
1039 1271
3498 3867
1028 1835
1663 1761
1102 1261
3111 3225
3578 3790
3437 3533
2410 2586
1989 2352
2191 2336
3660 3775
3101 3225
711 847
2689 2896
2551 2552
2972 3283
1067 1680
1396 1454
2037 2521
1121 1541
696 805
1684 3144
1014 1345
2675 3107
1985 1986
2129 2317
2815 3149
3768 3906
2070 2236
1117 1173
1082 1381
2344 2438
966 1793
3450 3497
1087 1838
1302 1750
1966 2352
763 820
348 560
2127 2629
2122 2407
2142 2561
400 482
413 445
2398 2594
1750 1800
2140 2347
199 313
2870 2934
1436 1686
2668 2795
2266 2631
3179 3434
2782 3384
2037 2077
1156 1810
2153 2347
2286 2503
1684 3047
2469 2526
3022 3294
1193 1585
1135 1835
2936 3027
1947 2588
1761 1833
280 315
2680 2925
707 767
2495 2564
2087 2293
2679 2946
1912 2187
2633 2636
2045 2363
2374 2381
1923 2525
2770 2778
772 845
3674 3677
747 856
1947 2247
897 1530
2110 2132
1351 1399
1156 1746
1718 1947
2849 3101
1684 2762
960 1238
1242 1653
1912 2609
2319 2351
2686 3075
1609 1842
419 493
2331 2560
1335 1365
1217 1444
3102 3320
2830 3154
1051 1500
1948 2516
1959 2068
3740 3835
1603 1752
2002 2183
917 992
203 239
2119 2371
180 346
1577 2273
1984 2542
999 1584
1983 2492
2874 2940
2036 2211
981 1448
1264 1749
2109 2484
2507 2553
583 635
503 514
3525 3842
2851 3231
2095 2423
2055 2302
2680 2706
2069 2339
1476 1670
2313 2366
966 1341
1082 1550
2216 2482
188 280
2206 2253
953 1717
1496 1703
2206 2539
1261 1273
107 1619
574 678
1684 2870
1684 2897
422 520
32 167
770 845
1190 1448
1551 1589
3 188
2763 3026
1330 1447
4026 4030
1791 1868
1971 2200
3539 3890
936 1677
2884 3390
3089 3397
2370 2601
2869 3252
1049 1816
3075 3313
3158 3363
1730 1811
2315 2420
1029 1551
2102 2508
2275 2423
2289 2471
3452 3902
2229 2602
3437 3795
3437 3937
3752 3945
1048 1471
500 548
3437 3945
2912 2956
1029 1173
3437 3667
2910 2913
695 805
1237 1313
1600 1663
1534 1674
1964 2117
1227 1576
1172 1173
2888 3300
3032 3187
348 519
2328 2491
2069 2212
1310 1703
1955 2537
1528 1637
2381 2433
2102 2259
107 1358
3018 3346
2148 2174
2434 2438
1571 1839
651 1692
2069 2604
1015 1592
2123 2257
1933 2317
2810 2986
1032 1192
107 1260
3034 3313
3005 3287
3571 3975
2849 3406
1028 1799
56 297
2039 2336
2681 2956
409 525
2068 2434
3736 3948
1587 1611
2850 2927
2218 2549
3148 3272
2092 2387
1998 2459
1396 1729
2081 2148
438 465
1142 1374
2103 2240
1072 1847
2554 2600
2179 2229
2542 2611
2473 2491
1623 1795
363 936
3705 3907
2955 3018
2154 2607
2047 2516
1003 1380
1517 1827
2030 2121
2755 2839
2694 3324
2313 2358
1277 1611
3214 3279
493 497
2675 3330
1547 1868
1361 1911
354 397
3545 3654
3644 3850
2150 2504
2485 2560
2389 2512
1385 1574
2190 2484
511 566
1684 2926
949 1072
1921 2378
934 1185
2135 2372
1940 2176
2451 2491
2112 2526
3485 3528
2139 2638
1862 1899
1787 1876
2755 3108
26 304
2354 2410
363 1512
3437 3623
3499 3532
1637 1888
2278 2446
2111 2472
1075 1813
1222 1389
2423 2624
2407 2543
2738 2773
3616 3647
3209 3320
1170 1303
645 651
392 566
3501 3968
1021 1036
1312 1879
752 805
2758 3256
1232 1371
2892 3233
1959 2243
553 645
1198 1416
906 1861
1587 1628
1523 1835
2059 2430
1580 1707
2033 2266
2201 2553
1195 1891
946 1612
1941 2099
1257 1647
2688 2693
2069 2369
2311 2334
1912 2495
2526 2607
3483 3690
367 546
1010 1412
2757 2969
965 1686
1302 1390
483 1142
2115 2154
490 491
784 853
1794 1844
2890 2931
3026 3137
921 952
1214 1652
2183 2344
3186 3320
2117 2144
27 119
915 1565
80 320
1289 1437
1216 1784
3509 3947
696 727
2890 2977
3480 3677
1388 1393
2189 2567
1153 1238
30 224
2864 3362
2271 2467
2308 2347
617 654
1984 2290
2430 2549
1628 1661
2668 3341
1613 1761
1983 2348
1061 1144
1269 1757
2266 2602
2112 2561
357 424
107 1239
1684 3098
376 614
2368 2461
1729 1751
2620 2627
1632 1835
1175 1835
3642 3838
1124 1222
1062 1876
1524 1888
1917 2323
1024 1839
1130 1271
686 724
170 188
1927 2337
2128 2502
388 544
1367 1431
2098 2172
3512 3533
2854 3303
955 1045
142 277
2279 2510
1986 2261
2005 2354
941 1742
921 967
3460 3601
1471 1547
2381 2549
2131 2423
82 119
3085 3232
1557 1663
1032 1373
449 543
353 637
2198 2344
3060 3145
966 1737
1392 1413
2153 2332
748 849
2047 2327
3520 3971
2526 2542
56 211
1917 2353
2165 2507
2943 2986
1959 2102
1940 2102
994 1479
2968 3020
2864 2960
2489 2638
2520 2560
1941 2071
2869 3060
2058 2290
2141 2289
1416 1623
2043 2354
2233 2374
1104 1859
360 442
1959 2075
2729 3166
2266 2477
3994 4018
1110 1321
1009 1628
1192 1682
1935 2636
2839 2910
2169 2273
1420 1879
1959 2396
3587 3696
239 265
3464 3554
2062 2351
2002 2246
3002 3082
925 1675
1940 2649
2329 2543
252 345
1343 1584
50 314
2460 2542
1684 2977
2757 2917
1235 1550
1614 1833
3022 3040
2276 2467
1056 1201
713 772
1981 2333
2181 2587
694 834
122 169
2799 3053
1001 1543
2257 2602
2309 2631
1765 1842
452 519
1356 1497
3642 3860
188 291
1241 1686
1078 1839
422 555
1079 1721
3815 3921
3835 3850
3488 3824
1184 1769
354 474
728 838
3437 3469
2890 2915
3018 3412
2060 2404
2943 3417
21 281
1646 1885
2288 2406
3036 3137
1983 2563
1083 1271
2356 2655
1523 1659
251 320
2170 2490
2827 2911
1943 2083
1610 1653
2212 2521
1620 1881
2045 2623
2164 2233
2243 2344
2069 2404
2240 2478
2409 2600
1456 1772
1006 1078
