414 597
1929 1946
1998 2000
1169 1748
1953 2468
1291 1391
601 629
3106 3299
2086 2324
2377 2649
1375 1750
2040 2409
2464 2586
2988 3166
2746 2920
1621 1721
3233 3379
3501 3651
1269 1522
353 1075
1076 1617
2090 2115
2083 2212
32 337
1209 1886
1820 1848
2055 2590
25 271
363 1616
67 199
456 523
363 527
3291 3341
1376 1846
1730 1750
1188 1366
1004 1663
3982 4026
2023 2089
1004 1750
1078 1717
1636 1820
1962 2275
2820 3275
441 564
2108 2460
1335 1471
1460 1501
1139 1275
950 1410
2206 2229
2078 2275
1598 1757
1126 1809
2803 2996
828 848
2713 3285
2407 2559
1259 1745
2495 2625
2189 2417
1275 1536
66 252
1072 1681
1613 1717
1156 1401
2055 2414
107 1687
3719 3924
2347 2419
2700 3248
1997 2030
2708 3434
2090 2131
1959 2471
1017 1132
3584 3620
1912 1961
1002 1105
2992 3201
1455 1473
2306 2326
1078 1390
1714 1826
3980 3999
2013 2018
3842 3968
1390 1589
1946 2131
1283 1817
361 376
2210 2216
122 186
1986 2339
2408 2546
2112 2543
1970 2125
366 566
2410 2484
184 346
3264 3358
1994 2117
428 570
1366 1725
1536 1686
1286 1459
2747 2865
2326 2611
2831 3214
2369 2485
2064 2578
2282 2617
2286 2361
2235 2603
1042 1225
943 1168
1114 1248
3719 3895
2111 2169
3047 3090
242 346
1107 1810
2131 2376
2352 2433
2877 3064
1361 1637
1941 2215
2131 2287
1156 1230
3232 3426
2866 3426
2484 2574
1946 2630
978 1124
686 782
1663 1746
452 510
1945 2111
1402 1619
1571 1754
2184 2290
650 665
1204 1273
2793 3288
3238 3387
2717 2966
1117 1370
712 714
1256 1832
728 797
2734 2790
2149 2519
107 483
137 289
2189 2427
1366 1667
1757 1768
1959 2161
2784 3211
2756 3073
1986 2184
2278 2532
107 1299
1191 1610
1536 1727
1024 1133
2327 2543
2890 3123
2760 3222
926 1191
1086 1557
2304 2399
2039 2144
1684 3028
698 878
999 1707
922 1780
414 556
3107 3313
1156 1399
2677 2688
1268 1531
1947 2384
782 786
2054 2652
1938 2334
353 936
3493 3506
1130 1839
1684 3156
1547 1823
2183 2187
1912 2077
1938 2233
1431 1600
3035 3320
3540 3618
3590 3944
3452 3611
1273 1502
3803 3906
595 635
1483 1632
1717 1800
1684 2933
3487 3925
760 842
1677 1844
3033 3054
2101 2396
2393 2404
3747 3933
2398 2616
2334 2467
1101 1712
916 1125
3239 3419
142 345
2328 2351
483 492
2716 3198
1548 1733
1420 1902
2989 2992
641 1459
1925 2218
2083 2278
2378 2417
1921 2639
2679 2757
966 1886
1127 1840
2741 3000
2892 3415
2093 2139
2118 2615
1416 1717
2222 2377
1420 1839
3480 3625
1309 1742
1993 2521
366 1878
1707 1746
1024 1199
2408 2409
2428 2646
2315 2384
1491 1707
1684 3201
1608 1621
1292 1628
2706 3324
1315 1423
3641 3655
24 194
3169 3385
2084 2290
908 1033
1742 1871
1377 1637
82 271
1078 1238
2591 2638
1293 1796
3464 3945
1124 1538
2556 2624
2245 2535
3473 3567
2088 2190
3238 3435
1955 2144
2675 2955
1391 1402
3439 3699
2250 2312
1684 3077
1181 1365
1718 2199
1591 1899
1712 1793
1006 1163
1092 1485
2059 2324
107 420
355 474
1238 1717
2236 2317
1765 1791
2071 2133
2271 2630
2283 2293
917 1481
1684 3305
2083 2348
1029 1086
368 371
1127 1472
414 642
2409 2468
1983 2623
3591 3951
582 583
2 333
2428 2430
1196 1753
2409 2543
2011 2025
107 1029
2143 2250
1941 2491
705 827
2329 2359
2078 2574
3553 3840
3267 3381
1076 1675
1335 1665
1146 1643
1070 1828
2356 2579
2376 2553
2694 3104
3437 3607
1464 1660
2744 3256
3076 3281
2674 2796
2793 3191
2174 2419
1999 2116
2340 2631
1420 1663
2271 2460
408 512
2068 2187
363 367
2874 2945
563 634
917 954
2579 2611
2356 2554
3594 3883
1024 1501
1059 1211
2793 3320
2104 2123
2681 2994
2683 2738
3102 3150
2183 2436
2554 2607
2331 2428
2005 2240
1126 1439
1360 1803
2553 2559
1925 2504
2118 2334
1488 1868
1916 1954
1938 2104
2423 2549
946 1431
2002 2605
3116 3397
2601 2638
1912 2500
3204 3291
1204 1875
1752 1804
1918 2542
919 1245
2218 2521
1006 1287
914 1885
2261 2553
1979 2409
2592 2629
2232 2643
1199 1813
0 54
2124 2428
1925 2184
2227 2313
1156 1685
2184 2331
3101 3198
2875 3332
1059 1839
1718 1955
2149 2529
2468 2552
2196 2543
420 1673
2208 2592
2976 3298
2409 2429
492 580
3593 3738
942 1324
1211 1291
2538 2639
1684 3398
1925 2500
311 344
2289 2642
2340 2506
3902 3934
3759 3836
1330 1352
1993 2556
953 1040
698 891
2680 2986
1237 1853
496 513
180 254
3187 3337
361 547
2033 2347
9 252
1652 1809
1199 1772
2042 2191
2369 2460
458 475
1925 2590
444 495
1689 1707
1329 1833
951 973
2233 2507
1912 2545
1413 1715
1250 1796
1431 1449
1948 2187
2900 3412
3605 3785
2956 3384
1932 2010
2376 2391
72 165
2495 2553
2909 3384
2905 3304
348 376
2040 2266
1017 1816
2043 2352
2109 2590
2045 2433
409 497
722 853
1230 1334
1032 1732
2727 3024
2156 2160
2850 2864
2384 2597
483 1406
2820 3295
2317 2587
1547 1619
3540 3968
107 1709
1921 2027
2233 2551
3277 3321
1912 2344
2276 2408
2467 2601
1945 2511
2206 2600
2220 2554
2855 2904
1912 2007
1943 1971
1912 2420
62 236
40 142
1979 2467
1238 1289
2073 2348
2319 2347
2836 2954
2880 3000
2993 3033
1613 1675
1153 1746
1951 2001
1075 1737
3617 3793
2077 2142
1966 2449
3042 3426
719 764
2309 2560
542 560
2101 2199
2084 2220
3468 3823
2770 3411
350 433
3794 3969
747 797
1159 1783
1437 1911
1125 1336
1962 2485
917 1820
1920 1959
2090 2381
3437 3853
2323 2495
1936 1978
1169 1703
1124 1211
2934 3370
1086 1467
3347 3406
418 555
3672 3838
925 1530
2715 2831
3683 3842
2943 3065
1291 1597
919 1261
2054 2567
3289 3302
1684 2790
1256 1768
606 1699
705 803
1285 1668
898 1732
2909 3226
2468 2594
1085 3556
2912 3078
916 1172
2753 3434
2742 3199
2685 3081
1504 1541
1986 2142
1196 1735
2078 2506
26 69
3722 3850
2062 2327
3692 3851
492 524
1563 1683
2068 2144
359 481
2374 2654
2124 2229
921 1621
1989 2190
1184 1724
2915 3078
573 680
3259 3276
2053 2333
1398 1833
1427 1801
3119 3257
1997 2625
2677 2764
2711 3177
1684 3067
3725 3743
1684 2735
3187 3196
2705 2925
1135 1723
1092 1250
370 428
1070 1446
3292 3341
627 659
2328 2608
3730 3824
394 398
2157 2417
1684 2827
2819 3192
708 730
1153 1172
2121 2602
1377 1663
3296 3434
2869 2937
1979 2063
1917 2055
1191 1620
2773 3166
118 342
2118 2543
2081 2367
1070 1469
2122 2369
2304 2594
1912 2175
934 1551
697 719
1618 1827
1688 1864
2715 3146
483 1694
3207 3241
2472 2555
3714 3906
460 492
3172 3313
2781 3335
1078 1551
1917 2307
25 186
2404 2600
3069 3154
1378 1629
1985 2369
2143 2512
0 146
1199 1816
1014 1473
500 503
1587 1893
1590 1639
1040 1589
1389 1898
1376 1637
1104 1432
559 669
726 830
2600 2611
145 179
2945 3433
1310 1876
2499 2591
1448 1596
1946 2352
2300 2576
2090 2546
2090 2240
983 1399
2676 2698
1059 1191
107 1849
2414 2543
1925 2150
2110 2327
1528 1835
687 759
1833 1886
3150 3297
1947 2518
2539 2630
2308 2624
1172 1868
1230 1243
1020 1066
1589 1598
1542 1665
1509 1765
3084 3293
2088 2206
2137 2351
792 850
1076 1532
901 1895
2028 2187
107 1453
1129 1647
107 1821
713 817
465 601
999 1068
475 490
1946 2083
1954 2009
2043 2188
485 518
695 781
3152 3288
2504 2560
1601 1787
1004 1539
2778 3261
515 545
1914 2645
3027 3380
1322 1720
1912 2267
2363 2549
1620 1864
1741 1879
2524 2611
2126 2283
952 1269
916 1376
2081 2347
2282 2315
1173 1389
2176 2294
2223 2250
428 1446
1966 2095
1986 2391
2104 2602
2777 2910
1547 1589
1199 1305
3119 3135
1532 1597
1925 2056
1402 1900
3587 3641
2237 2308
1614 1799
2436 2543
1163 1605
1979 2604
3929 3948
2150 2539
2684 2894
1965 2133
2104 2139
3150 3419
1182 1528
719 817
170 185
1589 1735
2071 2072
1024 1028
1519 1688
1489 1495
2525 2603
1718 2588
1786 1873
2139 2326
1302 1816
1211 1376
363 1744
903 1895
2047 2384
3474 3604
2103 2352
1954 2472
2135 2475
2748 3116
2962 3001
2676 3149
2386 2395
1156 1288
1916 1970
3024 3107
3667 3683
953 1086
2410 2638
389 1699
2828 2875
2351 2420
1941 2148
2749 2909
915 948
131 177
1912 2089
3469 3474
1255 1663
423 634
2938 3182
2231 2448
3495 3618
1373 1706
2131 2521
3060 3381
461 561
1391 1826
1060 1067
2058 2093
1074 1553
2163 2395
2203 2533
1989 2499
1195 1835
3545 3611
1479 1573
2429 2512
2261 2352
730 783
1457 1712
128 322
980 1267
1049 1116
1293 1608
2261 2485
2211 2637
2184 2261
2078 2150
1117 1849
2779 3356
1289 1431
156 258
1078 1329
1912 2052
395 398
1211 1335
1341 1888
1272 1823
1106 1418
277 339
2285 2336
1912 2093
1107 1149
357 486
2742 3206
2104 2407
3980 3982
1319 1371
2264 2537
2738 2864
3396 3422
2037 2121
1148 1347
2010 2081
1324 1871
2854 3430
1376 1653
2111 2385
369 442
2331 2469
1666 1684
2334 2363
1665 1842
1037 1109
2853 2869
2869 3335
2750 3108
2223 2345
906 1867
2047 2191
1035 1170
1684 3180
1736 1768
1590 1612
1107 1584
107 1319
1943 2546
1912 2475
3206 3291
1577 2283
2683 2854
3920 3964
2347 2624
400 493
994 1427
3463 3793
1604 1800
2716 3260
1613 1622
2863 3296
1935 2585
727 752
2253 2484
2757 2919
1067 1841
2664 3029
3049 3102
2679 3417
457 459
1377 1804
366 1427
3567 3595
239 303
1109 1139
3034 3178
1471 1659
2064 2329
2873 3435
2208 2462
1075 1290
589 636
2278 2339
1404 1899
1610 1752
1129 1404
1507 1876
2039 2148
2103 2460
308 323
2102 2344
2738 2809
637 1374
2006 2225
925 1054
3576 3596
995 1239
2045 2404
975 1379
2786 3433
1059 1370
1917 1984
1360 1726
0 247
1195 1563
1367 1620
2140 2359
606 917
2154 2216
2331 2654
2386 2464
917 1121
1684 3408
778 830
1684 3392
2090 2206
1478 1671
1940 2010
1613 1772
3635 3731
896 1751
980 993
1946 2507
1256 1551
2121 2559
0 33
2090 2625
2409 2625
2091 2197
1936 2497
1606 1844
1948 2081
1948 2463
1033 1697
2951 3103
1946 2164
981 1204
304 322
383 387
2862 3104
966 1559
2473 2547
903 1892
2394 2473
1024 1707
1104 1596
3295 3415
1534 1701
969 1820
2095 2369
387 444
2224 2643
1951 2157
2234 2506
2724 3068
2956 3417
2891 3234
2153 2508
1663 1665
1918 2056
1569 1646
1955 2328
3391 3416
3038 3291
1912 2280
2189 2589
917 944
952 1059
2521 2526
1216 1378
1204 1279
1589 1721
1512 1790
3026 3052
2086 2201
1377 1886
2682 3366
1255 1272
2198 2518
1964 2317
2825 3075
2087 2144
1689 1735
1475 1682
2661 3049
1249 1703
1684 2962
3437 3739
1981 2592
2257 2404
3150 3277
1380 1712
1081 1742
1285 1598
2266 2350
1167 1783
1185 1509
373 496
2697 2962
3793 3924
2183 2302
2005 2625
2045 2561
1099 1894
2077 2369
1126 1196
829 842
2244 2507
1431 1480
770 797
2169 2516
706 805
605 644
1547 1662
3493 3900
73 299
1298 1475
2161 2652
2224 2330
54 119
2140 2600
2384 2531
3849 3904
2064 2381
1181 1839
1962 2359
3288 3393
982 1207
1078 1735
1207 1370
2188 2574
428 492
2273 2582
1554 1563
2972 3309
1502 1725
1082 1190
966 1431
823 828
1936 1990
211 239
1199 1370
2109 2276
1146 1214
3198 3379
2135 2336
2200 2575
1019 1591
1126 1717
3102 3344
2800 3174
2770 3280
2007 2332
3494 3705
2115 2418
2986 3065
2500 2507
526 1528
3488 3605
2020 2556
1963 2074
428 430
3039 3199
419 567
1917 2468
729 878
641 1313
951 1274
2040 2311
2365 2645
130 322
107 1000
2196 2471
3712 3734
1345 1638
1312 1520
592 633
1419 1684
2348 2646
2109 2374
1917 2206
916 1791
151 310
193 259
2394 2571
1182 1420
2045 2220
3002 3420
1958 2364
2960 3119
3521 3728
1044 1221
2078 2526
419 483
127 281
3480 3586
2087 2629
2063 2464
1076 1551
2131 2179
1655 1715
1947 2415
1941 2333
2698 2906
2726 3045
2081 2252
1238 1800
1199 1835
136 2225
420 506
686 756
2071 2384
1238 1826
0 323
2299 2423
36 284
1330 1879
983 1331
2384 2400
1917 2154
2071 2151
2068 2135
2005 2395
2275 2404
2471 2617
1577 2319
2026 2336
1526 1545
1522 1603
3437 3833
2206 2543
1472 1633
1721 1902
3450 3860
3280 3296
947 1730
2323 2354
686 776
2806 2891
1973 2620
1455 1654
1729 1850
2482 2549
686 749
1409 1570
2074 2611
760 800
2283 2491
2589 2617
2676 2777
2683 3080
1912 2086
1547 1613
2944 3153
1420 1888
2124 2139
493 538
2407 2500
2901 3167
2865 3236
1019 1279
1943 2573
903 1363
3672 3852
713 752
2032 2143
2086 2233
302 330
2894 3111
348 352
2220 2563
3047 3096
2257 2339
1330 1722
1810 1879
2030 2229
107 348
3456 3495
925 1613
2354 2646
1509 1617
1957 1991
1302 1604
946 1377
2212 2564
1653 1717
1926 2510
3034 3327
3137 3231
2973 3106
2392 2607
1912 2590
2915 3096
1390 1523
465 683
1997 2604
2918 3256
618 666
2234 2393
898 1282
1997 2404
2629 2643
2559 2654
1454 1783
2184 2189
1622 1683
1648 1895
1221 1277
0 229
977 1348
995 1517
1522 1685
1620 1746
995 1447
380 457
859 885
2025 2620
1086 1809
1804 1839
902 1459
2191 2250
1327 1702
2891 2905
3024 3233
2026 2250
1053 1183
2559 2561
1563 1689
2352 2410
1215 1429
45 303
2031 2514
1547 1849
2755 3417
3454 3547
1467 1613
2973 3206
2040 2564
3177 3366
1720 1764
1199 1804
2867 2940
3526 3543
1912 2235
3019 3210
924 974
2828 2989
3519 3571
416 500
1017 1123
1465 2087
1191 1554
2414 2549
3107 3242
1049 1867
1052 1472
2063 2611
2246 2511
526 1540
3132 3291
2778 2921
2898 3214
1485 1718
2127 2367
1354 1660
1663 1724
3078 3363
1970 2081
3320 3378
3758 3945
1204 1503
2717 3033
953 1888
2679 2920
24 101
1577 2149
2781 2863
3486 3870
2021 2179
1078 1902
3259 3369
2140 2506
2086 2104
2738 2911
1352 1737
2315 2609
1644 1765
1963 2154
2047 2653
1388 1902
2807 2837
1166 1472
1839 1842
2676 3364
0 299
2040 2240
1076 1156
2222 2344
1580 1772
1516 1816
2880 3023
1062 1343
2451 2522
2131 2184
3227 3324
1768 1835
2071 2125
2770 2849
2374 2561
429 531
362 495
400 461
1118 1371
2078 2359
2043 2370
1584 1619
1979 2484
107 1418
719 745
1153 1160
2283 2589
1971 2056
1272 1644
2989 3330
917 1373
2531 2616
475 1374
1124 1858
1132 1199
2289 2617
3077 3373
2436 2502
314 342
1598 1879
1453 1818
2339 2468
3306 3331
2123 2554
1989 2088
934 1305
3252 3265
67 224
1227 1706
3452 3488
2139 2218
567 3487
2750 3040
1161 1911
1993 2030
2033 2244
3437 3940
2516 2649
1004 1250
133 236
1120 1129
3437 3671
2122 2615
2084 2139
1331 1559
2142 2590
2464 2495
2042 2385
3596 3926
1925 2109
515 524
2327 2617
1126 1605
2329 2551
2719 3051
1367 1789
2206 2218
2088 2443
1054 1293
2172 2521
488 527
2750 2782
3684 3938
2110 2199
1614 1819
2682 3233
1124 1827
2482 2520
2268 2327
2598 2609
1650 1828
902 1067
1688 1795
1352 1886
3574 3877
2742 3347
3106 3321
3737 3860
1979 2164
2064 2083
2419 2512
107 925
1126 1242
1107 1796
2939 3316
1013 1713
2206 2210
2040 2123
903 1548
1020 1661
941 1820
3672 3962
3514 3687
3926 3971
1406 1871
2087 2247
694 713
1059 1522
1104 1578
3437 3710
1259 1541
504 539
995 1029
2307 2553
2033 2261
2866 2911
3692 3756
107 1732
420 553
1986 2271
374 535
1983 1993
2045 2064
2907 3220
1577 2028
2960 3158
2224 2273
2084 2512
107 996
1288 1816
2005 2123
2250 2616
1345 1475
3486 3826
597 611
1639 1779
2559 2579
2706 2827
1912 1970
2200 2395
1984 2520
997 1610
2718 3187
484 1408
665 675
2504 2551
1423 1573
2240 2324
1523 1867
1973 2024
2716 3140
1997 2078
370 683
758 781
3005 3185
2185 2518
747 810
2293 2398
1032 1227
2095 2299
957 1148
1522 1622
2153 2268
2781 3027
349 508
1557 1879
2253 2593
2521 2564
30 329
0 19
1080 1565
2244 2506
953 1390
1267 1868
3493 3810
2344 2498
1281 1396
2039 2471
1242 1375
2537 2649
438 561
2793 3132
696 845
24 266
2005 2045
2925 3065
820 830
1329 1843
1214 1243
1986 2418
984 1215
3487 3566
1620 1804
1210 1549
1426 1720
2052 2649
1359 1571
2118 2429
500 614
3519 3757
2398 2512
2706 2749
1517 1613
2049 2628
3019 3412
618 631
966 1256
1989 2220
2323 2600
2068 2215
2206 2460
1993 2045
2785 3089
107 1856
1017 1125
1912 1992
2853 3297
1192 1479
3592 3891
2333 2597
2878 3346
2111 2125
2129 2656
2578 2590
2068 2268
107 1862
1948 2047
1964 2525
3148 3434
2072 2203
1352 1509
2136 2467
2892 3285
2476 2561
1086 1509
363 1844
2187 2496
1107 1288
1404 1611
1260 1304
1926 2186
1675 1765
1473 1901
3075 3097
2887 3090
2086 2553
392 473
1450 1505
3521 3827
1475 1790
1375 1737
376 610
932 1211
1516 1668
2039 2117
1019 1322
2753 3051
1028 1520
1962 2646
2241 2436
1685 1833
0 134
1925 2638
2800 3004
2147 2615
2180 2377
2037 2356
2040 2275
1950 1957
697 890
1337 1911
2870 3077
2669 2676
2756 2786
2121 2467
3120 3239
2083 2188
2124 2339
1406 1729
1589 1737
946 1083
1190 1715
2150 2404
2032 2588
2758 3366
2237 2604
2122 2184
3596 3627
2250 2508
56 277
1469 1624
2054 2143
561 669
1043 1889
3860 3884
1741 1898
1117 1302
400 421
487 492
1250 1789
2911 3202
1373 1894
2768 2921
2695 2943
1124 1772
1984 2200
1276 1791
22 339
2237 2521
2211 2318
1281 1820
354 361
2184 2233
2815 3040
320 329
2184 2334
3024 3328
3636 3802
1733 1787
960 1175
1078 1663
2850 2910
2074 2404
2738 2743
1737 1879
941 1020
2763 2880
2008 2232
1014 1508
978 1330
2050 2538
966 1230
2303 2526
1914 2022
1287 1804
2324 2542
2742 3212
2228 2440
3101 3146
1516 1663
1273 1820
706 810
2331 2539
3197 3299
978 1255
2022 2447
2007 2653
988 1221
23 227
2278 2602
978 1842
2077 2446
200 322
1056 1842
1954 2368
2339 2602
3306 3353
2416 2642
1476 1527
1172 1214
1040 1584
1423 1591
1983 2619
2754 2896
1012 1699
2073 2340
2045 2631
2220 2654
719 820
1171 1908
1675 1867
946 1816
2287 2363
2823 3350
2071 2138
107 1890
2987 3158
2290 2418
1132 1597
1577 2062
896 1573
2122 2619
2029 2298
2800 3000
1279 1857
2826 3211
2004 2620
1545 1767
2028 2616
1056 1238
1684 2846
1128 1539
2206 2408
2043 2276
2212 2275
2430 2500
1059 1735
389 1037
1951 2659
2939 3152
2135 2283
2152 2357
1986 2433
2676 2897
3569 3969
523 545
1947 2053
507 566
980 1608
2063 2602
2103 2200
1685 1813
2973 3223
2083 2631
3437 3456
2104 2142
2250 2463
422 545
1712 1898
3196 3255
2944 3243
72 291
368 416
2283 2642
1391 1551
2328 2642
1312 1827
3674 3788
1583 1903
2201 2520
3154 3162
1488 1554
3684 3721
1491 1617
2125 2133
1191 1842
2326 2383
1997 2084
3065 3108
1170 1820
1209 1800
2916 3129
2590 2591
1746 1750
3279 3353
3219 3409
107 987
2192 2657
1963 2578
1917 2136
3437 3452
1367 1879
1684 2960
1098 1567
3539 3690
2555 2598
2147 2383
1935 2364
2419 2603
2042 2629
107 1351
3437 3499
3460 3469
718 787
2492 2564
3210 3366
1530 1707
965 1500
2064 2244
1143 1418
1941 2542
1433 1825
3496 3505
1547 1864
3768 3793
1100 1221
580 1210
637 1673
1965 2049
960 1078
384 464
3481 3594
2911 3226
1973 2337
483 919
2131 2449
1809 1886
2217 2375
3486 3951
960 1024
549 563
3677 3851
107 1105
947 1376
2043 2326
1458 1488
1946 2112
3017 3397
2716 2989
2053 2117
1489 1729
1272 1312
2855 3280
2125 2372
2482 2602
107 1612
107 1235
966 1107
2271 2369
2729 2981
2559 2590
2989 3120
3240 3319
966 1714
1086 1689
2103 2326
1278 1344
1986 2363
713 781
2363 2521
3604 3790
1925 2078
3140 3161
3082 3316
3437 3635
2030 2118
1959 2072
3034 3345
1231 1462
3710 3907
107 1463
2674 3296
3437 3522
606 1671
1438 1592
2220 2290
2124 2287
1086 1660
2199 2361
1128 1272
0 142
2183 2555
1684 3418
3596 3635
1199 1377
2786 2944
1437 1909
1032 1704
1146 1222
2028 2330
1419 1437
897 1361
1912 2604
2086 2131
459 563
96 213
1205 1554
2142 2449
2233 2655
2873 3022
473 483
2729 2907
494 559
1385 1529
687 688
72 239
352 517
1608 1861
3657 3857
958 1333
924 1536
2278 2460
2872 3430
2032 2511
13 252
1275 1469
3002 3162
1971 2324
1542 1589
2084 2553
592 603
1135 1746
1247 1807
2278 2631
2894 3112
3145 3419
107 1406
3013 3299
1920 2617
2038 2187
2370 2575
3616 3799
3521 3685
2554 2590
1173 1553
2127 2144
107 1047
1590 1736
3741 3851
1079 1757
2420 2653
2666 2773
2987 3149
119 331
2861 3216
1070 1355
3057 3222
2125 2198
1284 1841
2084 2559
2302 2377
1041 1703
2072 2468
2148 2533
2346 2389
2176 2310
2339 2559
1479 1899
1190 1479
2257 2276
3179 3185
1132 1390
1598 1793
1522 1730
2112 2429
1920 2398
1025 1696
896 1635
2333 2594
1160 1669
2706 3096
2189 2347
2035 2107
1099 1316
107 1312
2796 3280
2210 2579
1185 1622
2919 3363
1250 1344
1235 1783
1153 1816
1107 1554
113 172
783 849
1269 1516
2329 2563
2074 2218
2201 2604
3280 3288
2337 2447
1344 1685
1280 1388
3768 3914
3082 3206
1465 1702
2142 2334
2664 3004
2118 2356
2143 2159
2539 2574
1108 1373
3070 3247
2254 2282
1260 1472
2062 2652
1039 1271
3498 3867
1028 1835
1663 1761
1102 1261
3111 3225
3578 3790
3437 3533
2410 2586
1989 2352
2191 2336
3660 3775
3101 3225
711 847
2689 2896
2551 2552
2972 3283
1067 1680
1396 1454
2037 2521
1121 1541
696 805
1684 3144
1014 1345
2675 3107
1985 1986
2129 2317
2815 3149
3768 3906
2070 2236
1117 1173
1082 1381
2344 2438
966 1793
3450 3497
1087 1838
1302 1750
1966 2352
763 820
348 560
2127 2629
2122 2407
2142 2561
400 482
413 445
2398 2594
1750 1800
2140 2347
199 313
2870 2934
1436 1686
2668 2795
2266 2631
3179 3434
2782 3384
2037 2077
1156 1810
2153 2347
2286 2503
1684 3047
2469 2526
3022 3294
1193 1585
1135 1835
2936 3027
1947 2588
1761 1833
280 315
2680 2925
707 767
2495 2564
2087 2293
2679 2946
1912 2187
2633 2636
2045 2363
2374 2381
1923 2525
2770 2778
772 845
3674 3677
747 856
1947 2247
897 1530
2110 2132
1351 1399
1156 1746
1718 1947
2849 3101
1684 2762
960 1238
1242 1653
1912 2609
2319 2351
2686 3075
1609 1842
419 493
2331 2560
1335 1365
1217 1444
3102 3320
2830 3154
1051 1500
1948 2516
1959 2068
3740 3835
1603 1752
2002 2183
917 992
203 239
2119 2371
180 346
1577 2273
1984 2542
999 1584
1983 2492
2874 2940
2036 2211
981 1448
1264 1749
2109 2484
2507 2553
583 635
503 514
3525 3842
2851 3231
2095 2423
2055 2302
2680 2706
2069 2339
1476 1670
2313 2366
966 1341
1082 1550
2216 2482
188 280
2206 2253
953 1717
1496 1703
2206 2539
1261 1273
107 1619
574 678
1684 2870
1684 2897
422 520
32 167
770 845
1190 1448
1551 1589
3 188
2763 3026
1330 1447
4026 4030
1791 1868
1971 2200
3539 3890
936 1677
2884 3390
3089 3397
2370 2601
2869 3252
1049 1816
3075 3313
3158 3363
1730 1811
2315 2420
1029 1551
2102 2508
2275 2423
2289 2471
3452 3902
2229 2602
3437 3795
3437 3937
3752 3945
1048 1471
500 548
3437 3945
2912 2956
1029 1173
3437 3667
2910 2913
695 805
1237 1313
1600 1663
1534 1674
1964 2117
1227 1576
1172 1173
2888 3300
3032 3187
348 519
2328 2491
2069 2212
1310 1703
1955 2537
1528 1637
2381 2433
2102 2259
107 1358
3018 3346
2148 2174
2434 2438
1571 1839
651 1692
2069 2604
1015 1592
2123 2257
1933 2317
2810 2986
1032 1192
107 1260
3034 3313
3005 3287
3571 3975
2849 3406
1028 1799
56 297
2039 2336
2681 2956
409 525
2068 2434
3736 3948
1587 1611
2850 2927
2218 2549
3148 3272
2092 2387
1998 2459
1396 1729
2081 2148
438 465
1142 1374
2103 2240
1072 1847
2554 2600
2179 2229
2542 2611
2473 2491
1623 1795
363 936
3705 3907
2955 3018
2154 2607
2047 2516
1003 1380
1517 1827
2030 2121
2755 2839
2694 3324
2313 2358
1277 1611
3214 3279
493 497
2675 3330
1547 1868
1361 1911
354 397
3545 3654
3644 3850
2150 2504
2485 2560
2389 2512
1385 1574
2190 2484
511 566
1684 2926
949 1072
1921 2378
934 1185
2135 2372
1940 2176
2451 2491
2112 2526
3485 3528
2139 2638
1862 1899
1787 1876
2755 3108
26 304
2354 2410
363 1512
3437 3623
3499 3532
1637 1888
2278 2446
2111 2472
1075 1813
1222 1389
2423 2624
2407 2543
2738 2773
3616 3647
3209 3320
1170 1303
645 651
392 566
3501 3968
1021 1036
1312 1879
752 805
2758 3256
1232 1371
2892 3233
1959 2243
553 645
1198 1416
906 1861
1587 1628
1523 1835
2059 2430
1580 1707
2033 2266
2201 2553
1195 1891
946 1612
1941 2099
1257 1647
2688 2693
2069 2369
2311 2334
1912 2495
2526 2607
3483 3690
367 546
1010 1412
2757 2969
965 1686
1302 1390
483 1142
2115 2154
490 491
784 853
1794 1844
2890 2931
3026 3137
921 952
1214 1652
2183 2344
3186 3320
2117 2144
27 119
915 1565
80 320
1289 1437
1216 1784
3509 3947
696 727
2890 2977
3480 3677
1388 1393
2189 2567
1153 1238
30 224
2864 3362
2271 2467
2308 2347
617 654
1984 2290
2430 2549
1628 1661
2668 3341
1613 1761
1983 2348
1061 1144
1269 1757
2266 2602
2112 2561
357 424
107 1239
1684 3098
376 614
2368 2461
1729 1751
2620 2627
1632 1835
1175 1835
3642 3838
1124 1222
1062 1876
1524 1888
1917 2323
1024 1839
1130 1271
686 724
170 188
1927 2337
2128 2502
388 544
1367 1431
2098 2172
3512 3533
2854 3303
955 1045
142 277
2279 2510
1986 2261
2005 2354
941 1742
921 967
3460 3601
1471 1547
2381 2549
2131 2423
82 119
3085 3232
1557 1663
1032 1373
449 543
353 637
2198 2344
3060 3145
966 1737
1392 1413
2153 2332
748 849
2047 2327
3520 3971
2526 2542
56 211
1917 2353
2165 2507
2943 2986
1959 2102
1940 2102
994 1479
2968 3020
2864 2960
2489 2638
2520 2560
1941 2071
2869 3060
2058 2290
2141 2289
1416 1623
2043 2354
2233 2374
1104 1859
360 442
1959 2075
2729 3166
2266 2477
3994 4018
1110 1321
1009 1628
1192 1682
1935 2636
2839 2910
2169 2273
1420 1879
1959 2396
3587 3696
239 265
3464 3554
2062 2351
2002 2246
3002 3082
925 1675
1940 2649
2329 2543
252 345
1343 1584
50 314
2460 2542
1684 2977
2757 2917
1235 1550
1614 1833
3022 3040
2276 2467
1056 1201
713 772
1981 2333
2181 2587
694 834
122 169
2799 3053
1001 1543
2257 2602
2309 2631
1765 1842
452 519
1356 1497
3642 3860
188 291
1241 1686
1078 1839
422 555
1079 1721
3815 3921
3835 3850
3488 3824
1184 1769
354 474
728 838
3437 3469
2890 2915
3018 3412
2060 2404
2943 3417
21 281
1646 1885
2288 2406
3036 3137
1983 2563
1083 1271
2356 2655
1523 1659
251 320
2170 2490
2827 2911
1943 2083
1610 1653
2212 2521
1620 1881
2045 2623
2164 2233
2243 2344
2069 2404
2240 2478
2409 2600
1456 1772
1006 1078
824 840
583 595
1361 1399
1436 1472
2899 3392
2194 2491
2179 2604
25 283
2095 2464
1769 1799
2331 2482
3642 3938
2201 2290
1577 2002
1222 1819
2220 2631
698 769
2138 2445
2948 3065
3029 3073
2135 2319
2166 2335
107 1813
1331 1361
2084 2407
2287 2410
373 402
1227 1475
1684 3013
1959 2042
2738 2839
819 823
2864 2908
2871 2875
1914 2633
2326 2604
526 1329
517 545
1576 1647
1113 1122
2869 3416
902 1204
2134 2642
2352 2578
1261 1893
1126 1768
2748 3188
2213 2229
1188 1500
361 557
2729 3362
2778 3239
3140 3219
2184 2478
747 758
2749 2920
3568 3810
966 1800
483 1751
2139 2489
1471 1480
1112 1242
805 837
954 1871
789 839
3664 3933
2968 3077
3437 3513
1918 2624
1662 1768
1156 1431
2954 3327
1210 1767
823 834
2037 2630
353 517
2672 3145
41 151
1141 1228
1377 1717
1920 2543
1645 1763
1520 1846
3794 3903
2132 2241
2875 3280
1539 1621
1912 1959
982 1537
2786 3324
914 1807
2053 2537
1620 1861
947 1391
2161 2336
1598 1619
107 1414
2064 2520
1298 1786
2352 2506
929 1317
2945 3257
107 1712
1221 1830
2908 3108
3152 3274
2101 2509
1373 1703
1684 3366
1590 1717
107 941
2758 3162
4018 4030
1642 3319
2871 2881
1955 1959
4 218
2336 2394
1564 1905
3830 3880
2031 2066
1014 1857
2218 2574
3236 3359
2556 2579
2446 2543
1663 1819
2674 3252
2122 2433
1938 2468
1181 1632
484 1740
2086 2190
2719 3102
1334 1765
2302 2463
353 1744
2059 2611
1006 1017
389 1415
2495 2654
1101 1736
2683 3417
2176 2199
1912 2113
2668 3215
3161 3225
966 1078
622 623
2007 2589
3120 3191
901 1601
2458 2617
1175 1334
2443 2527
1643 1804
1986 2093
2005 2131
2014 2225
2964 2979
2081 2247
1531 1543
1211 1632
3437 3543
3545 3831
2326 2593
376 444
1434 1822
3437 3815
2140 2408
926 1280
2334 2625
2026 2608
587 634
818 839
1462 1873
1612 1623
2880 2945
107 1671
1166 1373
1684 2958
2280 2390
1040 1238
1971 2088
2684 3262
2815 2839
1946 2606
1079 1242
1285 1399
2213 2542
1299 1703
1658 1807
2030 2484
1912 2374
3515 3958
1269 1291
2283 2463
1716 1862
40 113
1485 1845
1639 1714
107 1017
3458 3468
2917 3195
1112 1688
1789 1804
2863 3429
2088 2460
3680 3718
414 438
925 1539
2578 2593
2240 2504
1006 1612
2854 2931
2071 2510
643 675
2020 2423
2937 3206
1048 1409
1059 1532
1117 1609
2755 2872
0 239
2356 2469
107 1160
966 1390
2778 3082
1491 1864
2172 2210
2968 3258
2750 2866
1008 1708
2101 2479
1052 1541
2417 2459
2087 2385
2154 2625
1684 3280
1227 1404
1662 1879
1962 2190
1912 2570
2334 2543
1964 2361
2266 2630
2845 3261
3034 3287
1958 2116
1416 1724
2326 2578
2300 2543
3120 3146
2266 2381
2390 2434
2904 3247
1941 2039
2689 2717
3455 3498
3082 3116
3049 3411
3460 3466
1379 1462
1946 2468
1067 1379
1405 3168
3255 3264
2247 2289
1577 2653
2302 2491
1277 1661
2504 2624
1815 1869
2115 2331
2356 2573
2253 2607
563 1688
1444 1713
395 451
507 544
3304 3324
2492 2638
1963 2109
1333 1568
1076 1796
967 1238
2674 2781
1189 1348
2112 2552
2463 2616
107 1148
1684 3109
2101 2451
1613 1796
1261 1454
773 781
3177 3285
2976 3076
2067 2189
2038 2169
2043 2098
2724 2947
2083 2090
66 334
1390 1539
966 1285
2042 2436
1570 1663
1101 1551
3525 3656
483 1692
1004 1524
1491 1538
2086 2590
2150 2546
1684 2728
2007 2268
2194 2279
2916 3426
1549 1565
1520 1768
251 284
3437 3674
2748 3215
1086 1662
1256 1902
764 783
400 512
2951 3159
1456 1752
2282 2598
3471 3484
1006 1845
2276 2376
2921 3214
995 1431
1709 1749
1078 1437
925 1774
2777 2897
2733 3152
67 280
774 843
423 637
2992 3191
1345 1862
1014 1824
2905 3232
3608 3867
2410 2520
378 483
1736 1804
2142 2253
1929 2188
1291 1370
2784 3099
107 1219
1393 1551
3116 3320
1610 1753
2354 2539
2323 2446
2250 2498
1984 2308
2605 2649
2511 2592
1274 1708
722 768
946 1163
1369 1420
2139 2586
1365 1420
3039 3320
2977 3166
3576 3902
1972 2658
1689 1796
1993 2573
3107 3421
940 1906
2213 2619
2087 2264
2672 3319
2020 2290
2136 2576
2340 2478
2208 2560
9 277
2088 2150
1132 1175
2154 2381
1669 1746
3291 3320
2509 2537
9 295
1993 2124
2543 2598
496 515
1917 2520
239 261
1153 1230
1171 1450
2139 2253
828 847
1912 1988
1946 2240
2369 2499
1277 1578
1986 2086
2793 3297
1347 1495
3462 3930
26 277
538 1878
2941 3068
211 222
1460 1637
3318 3382
676 683
481 504
1413 1732
1941 2464
754 828
3829 3843
2068 2289
1211 1391
1923 2557
1298 1873
1597 1735
1999 2284
1465 2153
1359 1675
2033 2326
1195 1851
1032 1316
1060 1148
1122 1740
1190 1475
3064 3149
1574 1695
2312 2384
1938 2638
3722 3862
2827 2985
1445 1806
2676 3284
1237 1514
517 1237
1158 1413
2206 2381
2364 2636
1582 1729
3497 3707
1367 1605
1421 1866
1915 2156
2775 3233
2973 3422
2969 3284
2741 3078
1530 1668
2339 2395
1993 2370
2063 2646
3884 3902
2810 2920
107 998
2730 3162
1684 3078
1979 2564
1247 1725
3611 3672
2846 2914
931 1212
688 695
107 1079
2121 2469
2123 2615
1684 3131
3053 3105
1681 1847
3072 3086
2081 2132
2333 2598
2839 2985
40 332
372 429
1265 1608
1707 1730
1086 1556
2343 2498
1948 2072
2059 2216
67 290
2087 2191
1146 1230
3642 3930
2137 2143
376 481
3609 3968
1944 2242
1684 2758
1349 1673
596 1233
2005 2118
2936 3373
2433 2602
2575 2646
3028 3155
1986 2077
1165 1758
1589 1614
3084 3137
2868 3373
2033 2624
3349 3353
696 713
3456 3557
2107 2440
2069 2271
2706 3303
3297 3330
2352 2553
1230 1376
348 555
701 794
1966 2206
640 661
3191 3203
2218 2356
2030 2446
2538 2658
2241 2419
361 489
1932 2543
2190 2278
1986 2037
1369 1590
1330 1570
3040 3226
1917 2391
2102 2203
2679 3104
1459 1691
1168 1472
3232 3417
1004 1622
2045 2115
2117 2328
1918 2619
2758 3019
3049 3206
2229 2524
2409 2492
2060 2122
2124 2586
1097 1216
3604 3737
1404 1576
1975 1990
2928 2977
1175 1736
2089 2570
1739 1783
705 778
374 565
2951 3410
451 544
2030 2043
2381 2600
1296 1525
1079 1516
2123 2154
980 1323
3158 3433
2429 2430
3654 3824
3062 3289
2948 3184
993 1886
1491 1623
1346 1537
2003 2161
2039 2368
1942 2449
1993 2376
2863 3274
203 338
2118 2123
2142 2220
2937 3350
2071 2117
57 346
3002 3287
1389 1730
945 1406
2986 3054
2919 2985
2333 2498
2502 2543
2919 2986
1156 1799
1181 1746
2164 2324
1007 1170
3077 3125
3731 3884
2083 2244
3254 3343
1973 2116
2062 2222
2037 2507
1350 1413
1923 1944
1032 1495
2043 2485
1420 1467
2843 3032
3320 3386
1465 2543
2951 3415
1014 1015
641 1318
686 723
2074 2150
315 322
1256 1370
360 543
20 226
2578 2625
1348 1904
3437 3901
2139 2233
3446 3585
1191 1730
3437 3449
1983 2324
1181 1375
1972 2004
2244 2468
1966 2218
1377 1898
1196 1769
387 525
765 792
2078 2549
3406 3421
1376 1589
2423 2477
2098 2506
1450 1792
2996 3224
686 737
978 1835
896 1120
2083 2478
2936 3261
1563 1768
3813 3864
3767 3803
2282 2491
107 1570
2090 2593
2356 2586
2033 2037
962 1545
938 1568
1181 1584
1231 1647
2460 2550
1962 2655
3534 3906
1205 1250
1827 1891
1235 1273
2211 2610
1238 1471
3298 3396
2264 2377
1342 1700
1076 1833
3332 3403
1983 2495
2982 3382
1373 1396
439 451
2894 3185
2348 2564
2087 2344
917 1787
1718 2333
3596 3889
538 542
954 1661
1437 1626
2289 2509
1082 1192
2059 2520
217 324
2328 2542
3442 3526
2510 2555
1299 1727
2759 3426
1948 2461
2777 3085
1165 1719
1345 1859
1684 3422
1459 1628
2165 2323
3501 3734
2661 3321
1291 1714
2323 2410
414 579
1352 1868
2950 3101
768 833
2476 2507
2673 3436
483 1066
2133 2417
1981 2434
2118 2363
1175 1765
1066 1661
1182 1185
1742 1751
3576 3966
1155 1621
2116 2145
2220 2575
1079 1746
2701 3261
2038 2425
1842 1861
25 272
2223 2280
941 1282
3002 3221
1205 1608
1256 1361
1951 2004
2172 2591
1939 2243
354 519
2311 2462
2149 2588
686 750
2172 2386
1413 1647
2336 2434
2018 2116
2871 3062
2030 2184
3571 3774
2958 3302
1946 2586
2521 2654
198 501
1925 2492
2970 3416
3136 3335
1214 1329
3503 3731
1305 1524
2172 2539
484 1114
1481 1876
1341 1730
1117 1839
2754 3363
432 438
3107 3340
2282 2629
774 819
1984 2118
2750 2906
2267 2385
2776 3105
2940 3426
136 2543
2095 2646
1010 1228
414 644
2575 2579
941 1257
1979 2069
2666 3040
1964 2488
1989 2339
1979 2340
1447 1722
101 266
3703 3755
1408 1453
2669 2906
2002 2196
1979 2115
3326 3395
2045 2084
2018 2297
1184 1242
2003 2642
903 1097
3998 3999
2542 2549
2026 2279
2108 2306
1341 1608
1691 1884
3557 3702
1344 1352
2192 2640
2206 2507
1392 1459
2206 2348
1494 1705
2365 2627
2108 2374
1584 1658
1972 2639
1019 1611
1327 1520
2395 2654
2661 3201
107 1227
2143 2377
1291 1752
396 475
538 1679
2187 2461
1054 1707
896 1102
116 326
2698 2782
3118 3162
2837 3080
1107 1488
2735 3075
2290 2374
3610 3888
1101 1399
2005 2433
2276 2625
1361 1722
2112 2258
2033 2625
1323 1520
2392 2542
403 458
2172 2374
1636 1873
3619 3970
1945 2224
2198 2434
3239 3277
989 1104
91 259
2081 2594
1110 1717
2083 2590
483 567
1046 1194
1184 1603
2352 2464
26 62
1359 1796
3437 3793
2138 2592
3172 3179
2863 3365
107 1060
1714 1721
25 323
3256 3402
125 136
375 484
1918 2090
1125 1809
1993 2340
3653 3918
686 688
2257 2353
1352 1551
3542 3800
2276 2348
2856 3115
1320 1677
1305 1563
3926 3968
3082 3291
2095 2468
3082 3411
2833 2991
1985 1994
1912 2214
967 1614
2088 2552
913 1561
2237 2561
113 132
2925 3098
1380 1619
2863 3116
2560 2604
395 400
3761 3945
1580 1793
397 554
1038 1161
3469 3761
1217 1482
1979 2329
2056 2311
1535 1685
1645 1692
2264 2396
3611 3790
1447 1605
2839 3417
3011 3350
2194 2302
744 848
1029 1078
1550 1841
2028 2163
2220 2607
348 449
107 971
2290 2469
2818 3350
3437 3764
1391 1877
1344 1796
2064 2549
2960 3000
1175 1621
2335 2523
1017 1351
1033 1806
1128 1538
3443 3906
1659 1724
2198 2264
388 497
374 591
1517 1622
2183 2643
3555 3758
1938 2112
2911 3022
2068 2475
1600 1761
2376 2392
16 82
1947 2436
2343 2516
1936 2023
2243 2274
2109 2611
2356 2546
1488 1662
2772 3357
1983 2611
1181 1737
2325 2502
1684 3261
953 1330
949 1529
1953 2055
2111 2133
1205 1323
378 414
3529 3614
2928 3400
1192 1578
1100 1350
3884 3971
3014 3104
1984 2414
2240 2507
2154 2623
3120 3419
404 479
1059 1603
2180 2547
2056 2579
1471 1827
2672 3261
2720 3087
353 1475
1199 1619
2392 2404
1958 2171
2040 2142
1231 1347
3267 3320
1926 1970
1796 1804
2664 2738
1419 1758
1329 1813
2149 2582
2423 2586
2112 2604
1113 1473
1979 2624
1912 2382
615 665
595 681
1017 1867
3437 3868
1026 1613
2836 3383
1976 2472
2142 2526
1566 1743
2237 2352
3049 3115
606 1436
3645 3782
0 26
2539 2600
2292 2544
1912 2396
1912 2181
2124 2655
2046 2408
2283 2533
1014 1786
2244 2638
1021 1345
1813 1826
2151 2203
119 146
3046 3299
1290 1827
2763 2944
2064 2348
2307 2469
1144 1555
1420 1846
991 1283
2264 2597
2109 2526
2212 2220
2261 2607
1923 2610
2063 2123
422 663
713 734
1321 1561
723 824
1312 1819
1230 1746
2302 2502
2986 3433
1199 1827
1066 1820
1986 2340
1007 1429
2134 2616
967 1833
3154 3380
2153 2511
952 1530
3115 3291
1214 1723
2103 2115
428 520
2754 2806
1146 1195
2491 2555
2153 2617
2347 2543
1941 2199
107 1211
1130 1460
980 1879
2043 2607
2235 2461
1661 1871
1391 1754
925 1004
2300 2331
1799 1819
2180 2224
107 1266
1416 1771
2339 2369
1924 2259
2093 2307
2270 2425
2192 2365
3534 3758
3098 3195
997 1722
162 326
1966 2404
1146 1420
462 525
1929 2556
1985 2631
917 1742
2542 2546
2135 2512
1799 1886
2007 2302
2611 2619
1881 1910
1480 1666
1184 1683
1644 1652
6 95
26 55
357 369
2340 2489
1600 1752
2781 3151
2743 2907
107 1848
136 2538
2754 3022
173 427
1107 1351
3488 3902
947 1059
2028 2071
596 1412
1420 1736
357 459
1209 1242
3541 3874
376 488
2897 3232
1819 1835
107 1519
727 784
2782 3040
2928 3220
703 709
3061 3308
1684 3370
2869 3350
2617 2649
1026 1312
1912 2338
2141 2270
1597 1600
1261 1309
3291 3345
2769 2943
3525 3674
3101 3330
2726 3229
2778 3397
2092 2350
1997 2218
3611 3966
3223 3342
1243 1833
2040 2103
1191 1516
3051 3288
3089 3345
2924 3085
211 315
1997 2118
2862 2912
1934 2361
1983 2646
902 1190
1146 1164
2275 2654
2913 3384
978 1367
2060 2307
2184 2578
2340 2485
2093 2253
1305 1622
1182 1431
566 1237
3809 3933
2778 2991
3185 3419
1919 2143
1876 1906
2084 2631
376 397
21 88
949 1106
1146 1644
2719 3344
107 1280
1684 2732
1059 1793
1097 1424
2093 2121
2661 3182
1953 2339
2211 2289
1917 2563
1583 1841
308 334
2398 2589
2084 2611
2196 2496
2410 2526
2174 2338
1691 1716
2183 2319
1684 3330
1371 1880
3437 3829
318 334
2896 3363
3458 3900
937 1785
2063 2308
395 507
2052 2241
2104 2253
2936 3015
107 1499
3076 3434
3706 3794
107 1681
925 1076
2271 2276
1953 2104
1173 1519
2428 2468
1330 1791
2563 2564
2051 2558
2229 2392
1101 1665
2097 2192
2340 2477
1450 3278
2133 2343
2927 3096
2404 2423
2083 2200
2038 2463
728 805
1003 1835
3 26
982 1610
2949 3083
2946 3228
3870 3906
0 129
906 1110
1482 1496
2086 2575
2096 2568
2366 2592
2052 2458
2494 2538
2665 3345
2408 2414
1927 2011
2086 2604
1885 1897
2253 2539
2128 2509
2081 2491
2668 3177
2464 2526
1952 2368
1997 2326
588 678
1714 1902
2461 2475
1635 1857
686 734
1415 1469
970 1307
2033 2212
906 1659
1144 1174
925 1460
2077 2233
2103 2655
113 285
55 104
2477 2646
2777 2986
2138 2533
3035 3397
2988 3417
3836 3899
1024 1370
1489 1850
1525 1634
1617 1707
1985 2586
2521 2655
2282 2509
2827 2872
2243 2598
1204 1432
906 1551
2863 3316
1928 2284
3446 3580
1166 1820
2069 2464
1126 1712
1688 1737
2261 2624
842 853
3869 3870
1117 1205
1330 1604
2155 2247
2061 2647
1979 2098
3084 3300
2134 2153
2919 3054
1298 1347
1939 2032
1939 2292
2482 2521
475 1882
170 342
726 844
975 1862
2579 2630
2554 2586
2715 3050
1014 1158
3291 3406
2414 2469
3459 3534
3513 3616
705 726
1415 1783
1317 1561
1684 3155
576 650
1489 1503
2909 3232
2336 2533
2128 2151
2139 2482
3184 3294
414 480
1199 1842
119 122
1828 1893
363 402
1302 1800
1305 1471
3497 3926
1684 3069
517 556
2386 2414
947 1663
0 241
1125 1898
582 681
1001 1397
1941 2078
2674 3115
513 524
2340 2546
352 462
107 1322
3684 3797
2057 2608
1958 2585
1917 2084
1794 1910
2200 2600
1740 1882
1329 1528
1983 2446
1912 1952
953 1665
2088 2446
483 1881
2111 2572
1929 2542
3062 3366
1047 1471
2264 2379
3677 3684
2839 3364
2278 2564
2742 3120
372 455
1066 1824
2069 2500
1662 1689
2194 2555
2777 2782
1940 2333
2138 2643
2907 3417
2381 2590
2984 3223
2669 2910
348 374
732 806
2329 2623
1962 2095
1352 1491
2224 2475
2369 2579
3488 3858
1556 1810
2810 2867
1415 1472
0 192
2224 2555
2026 2550
1388 1768
2188 2307
819 824
3113 3148
1211 1305
603 684
2795 3307
1261 1595
2223 2330
185 285
2664 3250
2539 2554
1520 1597
2909 3026
3598 3698
3064 3108
2674 3381
686 785
3043 3110
73 126
978 1305
951 1033
3654 3703
3821 3933
2292 2509
2347 2546
1153 1471
53 146
2492 2552
3596 3672
1572 1730
1973 2627
1047 1352
2924 3293
2122 2551
2142 2482
2761 3237
1773 1881
1659 1891
2661 2770
1115 1862
888 889
1941 2194
939 1212
363 385
3279 3374
2278 2607
0 60
3591 3822
2246 2294
2275 2414
1603 1795
2030 2460
3437 3558
2458 2649
1036 1158
2381 2462
1322 1903
497 513
2125 2241
2747 3312
2681 2738
2020 2354
1159 1781
1088 1803
0 108
2384 2473
1367 1380
1377 1757
1971 2078
1324 1850
25 257
944 1169
946 1302
1968 2640
3440 3780
3047 3348
3303 3324
1946 2184
1376 1570
2404 2564
2062 2396
1385 1770
1935 2659
1912 2568
2149 2185
1250 1608
1237 1374
2420 2597
2107 2126
82 121
3475 3543
1049 1059
1173 1665
1816 1826
2624 2625
1153 1600
969 1783
2124 2600
2574 2590
2146 2152
2244 2552
1718 1940
1107 1330
1467 1509
1914 1973
2120 2260
2689 3064
1918 2266
2002 2054
323 341
2253 2619
404 440
348 362
434 523
686 780
3223 3420
3448 3838
1360 1847
1211 1886
3749 3789
1576 1691
1457 1898
1988 2426
2755 2944
2907 3293
2303 2339
1966 2526
3518 3838
2127 2498
1231 1475
2294 2332
142 297
2091 2173
2179 2184
654 685
94 299
544 570
1195 1768
3172 3298
1198 1532
1211 1243
2246 2582
703 792
1588 1687
700 795
1377 1621
25 79
2986 3166
3034 3342
2110 2432
947 1832
3785 3858
3203 3395
3564 3821
995 1323
784 834
1392 1655
4016 4025
3182 3350
2132 2280
2927 3417
651 1080
2264 2273
2139 2331
39 121
897 1590
1405 1467
1020 1108
1577 2174
2347 2556
2951 3233
1191 1352
3076 3350
2619 2655
2057 2199
2939 3027
862 865
3106 3391
3491 3966
373 491
2056 2078
3668 3761
734 784
2356 2604
1452 1648
1056 1813
708 774
3503 3959
948 1660
1431 1554
2194 2609
1608 1827
3838 3940
1288 1370
950 1445
1979 2404
2150 2326
2053 2191
188 304
14 310
1314 1548
414 602
925 1617
1085 1187
2894 3403
2047 2572
1912 2513
69 304
1985 2073
3069 3366
1912 2094
3052 3348
2347 2369
2064 2354
3097 3117
2719 3017
694 738
2001 2636
1292 1345
1471 1614
3596 3913
1991 2001
2205 2211
2032 2475
1344 1752
1352 1608
2223 2635
1984 2521
2292 2294
376 489
2332 2475
2662 2783
2275 2578
2787 2932
2005 2060
1663 1752
107 932
1604 1614
2717 2905
932 1330
1675 1730
2563 2602
2340 2574
2194 2509
2905 2913
1370 1610
1616 1744
1542 1898
3633 3968
980 1659
2095 2276
2212 2410
1957 1973
2278 2492
1010 1159
1563 1622
1963 2446
1960 2342
3051 3344
1319 1601
1361 1668
428 594
2847 3173
2312 2389
21 223
2028 2420
3038 3203
2081 2458
1056 1898
2292 2629
170 252
3907 3921
134 248
1086 1375
2160 2587
348 534
896 1170
172 268
1388 1522
2927 3022
1117 1902
2902 3131
1938 2446
1432 1438
2102 2196
2430 2563
2973 3280
3442 3521
1606 1744
2946 3211
3771 3949
1739 1876
1079 1214
3101 3366
2465 2643
497 515
2880 2966
0 74
2117 2463
36 135
3274 3397
2800 2912
1078 1491
3109 3212
3090 3339
1282 1786
2059 2200
3311 3382
2973 3239
1101 1800
2091 2126
1935 2494
1006 1741
3909 3931
2150 2237
248 291
1125 1488
2159 2657
175 277
2118 2467
2173 2534
3527 3902
1415 1507
1927 2365
1718 2187
1827 1902
2985 3052
2640 2658
2115 2339
2142 2172
1181 1335
1237 1800
1070 1738
3529 3915
2973 3021
1940 2616
1941 2180
249 302
1732 1783
1547 1888
3108 3348
601 1349
265 331
2661 3353
1449 1863
2102 2215
3118 3403
939 1154
107 944
2033 2233
1485 1782
2289 2616
1017 1457
10 169
1684 3229
1054 1724
1388 1813
1205 1861
688 856
967 1888
661 662
2921 3345
1006 1431
1160 1620
2229 2543
2091 2260
1473 1699
2047 2335
3168 3233
2336 2491
2729 2738
2931 3129
2694 3108
367 553
1714 1793
1938 2121
2847 3255
2138 2293
397 485
1563 1730
1304 1703
1138 1889
1228 1725
3124 3196
2385 2530
2032 2176
1199 1902
1846 1851
2910 3363
980 1393
1222 1590
2102 2198
921 1891
1487 1536
1963 2395
2102 2176
2532 2590
2047 2137
3758 3818
107 1283
2976 3378
1522 1559
906 1048
503 537
1532 1604
3456 3943
2500 2607
1351 1799
2142 2539
1718 1926
2135 2282
1153 1668
2271 2409
119 125
3640 3762
1001 1542
1138 1896
2244 2391
686 850
1940 2026
2112 2381
2172 2460
747 838
2896 2928
1835 1867
1078 1800
4027 4032
2429 2449
1267 1617
1467 1782
1298 1857
1765 1813
947 1637
3437 3443
48 80
2807 3394
2372 2471
107 1442
2707 3019
2839 3065
2124 2374
1086 1351
1153 1833
1420 1614
2386 2521
1440 1852
1122 1349
3090 3392
3318 3423
2849 3332
1184 1800
1066 1508
2863 2991
1761 1868
2104 2210
1985 2140
416 563
1310 1686
1341 1559
3169 3416
1617 1851
1163 1471
2206 2625
982 1256
2155 2491
2536 2591
2551 2575
1943 1963
2032 2543
165 334
2268 2635
107 920
3437 3707
1106 1749
47 301
1615 1806
1059 1712
1472 1807
1345 1459
2509 2547
958 1837
2309 2550
2142 2229
297 323
2351 2592
2033 2131
1199 1754
1597 1663
1390 1467
3437 3743
483 1284
1463 1804
1201 1811
1123 1799
1997 2253
391 637
484 1029
1809 1816
2115 2124
927 1513
3075 3357
2218 2606
651 905
2069 2098
1637 1845
2072 2199
688 723
3255 3385
2180 2516
2352 2549
3496 3629
3258 3360
107 1268
1163 1791
2043 2077
2109 2551
1480 1816
1926 2589
3070 3355
1160 1604
828 842
1102 1786
2121 2237
1411 1618
2055 2339
2026 2394
3154 3160
3437 3838
1730 1864
2679 2988
2368 2501
1184 1813
395 495
2088 2261
2748 2901
2235 2438
1480 1619
2214 2313
2059 2464
1082 1257
1416 1610
2410 2550
1340 1620
2201 2460
2486 2490
1063 1431
1177 1218
2212 2655
465 473
819 840
107 1893
40 317
1607 1896
1173 1639
2133 2209
1026 1757
2052 2102
2794 2810
1980 2012
948 1464
3018 3366
1229 1862
3720 3749
1205 1768
1482 1876
2199 2642
1083 1132
1060 1715
3100 3162
376 483
2003 2438
2763 3426
2911 3098
1238 1370
3758 3969
2183 2475
966 1799
2417 2598
1595 1729
1670 1765
2690 3349
2757 3036
1112 1209
1939 2241
3013 3060
1516 1604
3042 3303
1620 1689
348 451
2914 3380
2190 2586
3737 3804
2884 3044
1153 1617
2095 2253
3146 3277
4020 4027
1269 1799
2154 2206
376 432
745 755
2756 2924
1341 1416
1946 1983
3443 3645
1135 1761
1146 1614
968 1110
2561 2564
2367 2581
2924 2925
2793 2833
2137 2555
3098 3301
2212 2261
995 1083
388 475
2395 2655
2904 3411
2290 2376
1048 1827
1684 3138
1339 1750
2495 2623
2053 2134
483 1122
2669 2943
952 1149
1086 1112
2716 2753
1923 1964
989 1044
1684 3247
2680 3085
2951 3203
2033 2142
373 374
2866 2905
175 321
2474 2644
2428 2623
1080 1294
2340 2347
1149 1735
579 598
3060 3101
3116 3396
2969 3426
2700 2818
1684 3325
705 780
1044 1227
2122 2542
1576 1862
2745 3153
1209 1572
128 169
2057 2254
1702 1865
688 754
1395 1909
2002 2511
2833 3201
1456 1714
3046 3248
1070 1448
1684 2915
3611 3877
2040 2206
1917 2139
1205 1604
1048 1811
1621 1669
2059 2220
2338 2377
104 277
1036 1227
1405 3100
1925 2201
1503 1729
1465 2247
1789 1799
934 1768
2328 2394
1659 1800
1390 1746
2164 2601
2202 2659
1235 1284
2334 2601
1110 1711
2386 2423
1440 1702
731 805
611 654
2007 2588
1329 1391
2862 3433
2190 2593
2188 2347
2896 3284
932 1675
1205 1609
455 557
1280 1736
211 272
3829 3900
1371 1568
968 999
3489 3676
1312 1750
2896 2916
1761 1768
413 465
1684 2810
1951 1991
1995 2346
3437 3889
2005 2554
107 1760
500 537
1277 1284
2925 3129
1930 2117
1078 1832
48 302
24 180
1361 1662
2688 2725
3148 3403
1078 1791
3101 3224
3437 3547
2871 3111
1962 2428
2313 2558
1416 1597
2556 2625
1003 1746
1509 1718
1160 1609
2331 2423
2093 2484
978 1198
2258 2409
1308 1472
1222 1688
2300 2476
946 1516
2268 2385
1953 2073
921 1663
3087 3296
1428 1541
1675 1810
1004 1523
2241 2319
2969 3033
1211 1370
1613 1813
1183 1223
3639 3883
376 517
2117 2598
2056 2468
2485 2492
434 497
584 631
592 621
953 1707
1193 1387
2030 2104
3450 3731
2309 2482
457 477
104 200
2213 2464
1029 1613
2336 2451
1088 1193
1985 2386
1912 1940
2749 2810
2005 2404
1448 1857
1006 1132
2743 2777
2279 2399
1078 1126
2510 2511
1981 2003
469 505
897 1467
3481 3695
2216 2655
3608 3713
1204 1647
2777 3220
2992 3199
2840 3403
2240 2323
2668 3357
1280 1741
1352 1547
952 1017
1054 1861
3731 3790
2064 2477
1377 1612
1427 1673
1079 1589
999 1532
1993 2334
1912 2274
1280 1488
1159 1188
2992 3291
1920 2609
1028 1329
1981 2081
1376 1659
3162 3302
1979 2216
925 1184
1940 2191
2086 2467
2672 3386
1201 1608
368 526
1078 1580
3056 3220
1551 1669
2240 2467
2104 2218
1645 1801
1460 1842
2991 3265
2172 2467
2377 2598
2020 2542
2323 2549
2348 2604
3146 3381
2148 2635
2214 2366
1447 1888
2307 2446
2072 2508
1075 1752
2484 2526
2215 2547
412 494
1962 2504
397 541
1912 2455
973 1863
526 1710
3545 3605
2111 2491
709 777
3458 3643
1531 1743
2005 2104
2949 3063
2891 2913
1189 1226
1335 1584
3000 3238
698 862
3828 3966
1037 1259
1125 1199
2931 2960
1420 1520
3076 3378
3119 3293
644 680
172 199
922 1312
2890 3293
1274 1615
370 392
924 1469
1717 1867
246 315
2664 2986
3426 3430
2084 2526
1994 2315
3038 3154
916 1092
3835 3862
2237 2326
1059 1341
1999 2647
3499 3719
3558 3866
2601 2646
98 265
3353 3360
3734 3851
368 378
3002 3249
1684 3435
2103 2428
376 525
382 474
2540 2634
896 1417
925 1796
414 542
2772 2803
2795 3148
2866 3064
2853 3146
2776 3141
2376 2492
136 2081
423 436
3623 3786
3237 3390
2052 2183
1612 1639
3643 3976
1912 2388
2020 2309
755 814
2133 2294
2313 2342
107 1770
3119 3362
2266 2443
2188 2428
1149 1361
2344 2394
845 849
2108 2324
2033 2064
1175 1557
2139 2201
1988 2622
1439 1888
136 2068
2436 2471
1214 1712
1613 1757
408 465
513 634
2188 2370
1199 1741
2716 3321
1182 1352
1955 2199
1573 1636
2877 2910
1271 1902
1153 1516
1076 1669
1957 2659
3365 3395
526 1724
3194 3320
1929 2409
2171 2640
414 638
2072 2135
376 524
2040 2615
2161 2598
2224 2420
465 542
590 623
2666 3142
1399 1752
2987 3166
2026 2133
2042 2384
2739 3162
1912 1946
741 820
1912 2033
3088 3291
1370 1714
3762 3930
2290 2428
2418 2564
2140 2233
1972 2459
2588 2649
2229 2468
2708 2845
3207 3356
2758 2801
2071 2144
3437 3876
2233 2353
2199 2516
2138 2224
2043 2467
962 1487
2729 2994
1554 1669
2706 3000
1994 2543
1431 1535
483 1729
2444 2513
2095 2539
1207 1832
2102 2264
2045 2590
1916 2250
1238 1580
1962 2059
2233 2381
2102 2180
2460 2468
1480 1653
2056 2212
2526 2561
1684 2759
908 1274
3470 3521
2212 2464
2125 2582
2793 3397
452 460
1940 2032
2150 2561
357 516
2306 2559
1912 2233
2200 2607
407 543
1518 1620
1465 2183
614 676
1006 1712
1465 2289
130 213
1298 1591
3190 3221
2866 3056
2324 2433
3982 4023
1919 2346
2384 2465
2133 2610
1166 1661
1684 1758
1912 2156
2743 3023
363 373
2925 3324
2777 2867
1257 1315
1945 2039
1948 2436
1888 1898
159 281
2108 2122
2084 2300
1185 1376
698 895
980 1559
2077 2560
2250 2475
1912 2136
2054 2325
1502 1850
1456 1589
1184 1886
1029 1483
2131 2278
2765 2939
2112 2188
2073 2271
1517 1726
1549 1664
706 3565
638 2336
3366 3839
402 1140
3165 3824
65 3858
1971 2146
1240 3126
681 2168
2317 3322
630 1778
2499 3479
2572 2799
62 718
631 1699
3085 3307
2869 3503
1601 1861
61 2153
1711 3096
118 1295
2009 3047
984 3260
1781 3051
2251 3683
255 1508
1261 3239
1191 3339
329 1364
1835 3780
2894 3750
534 1030
225 629
252 3518
19 3482
684 4009
2710 3954
670 2874
80 2917
49 3183
1078 3892
1842 3289
612 3995
1174 3350
270 2399
688 2535
1256 3859
2987 3344
197 1354
2911 3774
3709 3869
1266 2310
2513 2711
996 2811
600 2845
1060 1428
1421 3010
1044 3146
2023 2330
137 1979
1792 3578
1671 3239
61 3641
2092 2989
3644 3737
2500 3807
154 2290
1278 2315
486 617
2211 2901
1138 1891
457 2438
451 1970
1113 2010
854 3558
6 1312
245 3096
2326 3647
357 2017
1283 1898
597 1247
2709 3340
634 3692
1824 3725
178 370
2707 3398
1747 2588
3084 3724
243 1403
1533 2994
3359 4009
858 2047
2556 3270
235 3924
49 824
1340 3769
66 647
1223 3090
781 2316
1489 3282
64 2920
2791 3146
403 1475
1361 2375
227 3734
2155 3723
1082 3945
308 1711
493 3779
912 1177
3142 3605
590 2501
1506 3385
489 3819
2459 3874
462 2852
3688 3693
547 3865
391 649
2641 3956
1031 1887
332 3897
2086 3065
1478 1682
2316 2516
1794 2324
2820 3701
2280 2849
586 1388
859 3558
1338 1433
1767 2994
1101 1991
669 3186
244 1158
800 2149
890 2853
386 3884
303 1176
2245 3016
2073 2658
471 2494
2045 2983
521 906
2857 3019
1704 3413
784 3183
1667 1965
605 3082
3202 3869
829 1312
575 2619
991 3347
1341 2774
1461 3612
2036 2785
2497 2656
1461 1557
719 2150
686 1064
1029 2389
244 792
1778 3289
399 2227
548 2003
609 1075
1366 3752
68 1211
1204 3865
1594 3195
3230 3630
1834 2605
72 2141
2149 2473
1160 2524
1773 3657
720 1365
1506 2691
733 3152
48 2212
2366 2535
1700 2408
861 1248
703 2637
1468 3415
897 2191
1732 2847
50 3484
178 2632
230 714
134 775
1050 2915
1722 3949
380 921
466 984
334 2808
2944 3578
636 3383
2394 2635
2688 3083
306 923
34 3768
1244 3781
290 595
1671 2340
2826 2858
431 1741
2374 2860
659 952
111 2758
247 325
1004 1245
1152 3094
2291 3291
101 326
2738 3429
609 1624
1262 1781
125 786
831 1252
2004 3531
2509 3669
29 2933
612 2673
3021 3135
513 2179
1647 2282
3776 3799
1058 2882
2720 3988
1028 2339
3651 3773
401 590
976 1940
341 2474
1847 3016
2269 3099
2296 3035
1449 3994
990 3557
1032 2593
473 714
2950 3830
3037 3383
94 1881
1796 3698
1312 1798
1642 2530
2232 2641
2437 3720
1531 2820
760 1436
3205 3238
1072 2872
901 3843
2499 2665
42 3260
1394 3820
2774 3985
982 3597
1460 3912
566 2657
164 3951
1917 3341
3 2200
1331 2619
618 2811
498 559
1247 2801
180 3878
2307 2466
371 3799
668 3171
1689 2199
1118 3690
2109 3932
369 3912
968 1292
2574 3116
1659 1971
3394 3595
1776 2165
646 3012
703 1610
981 2066
3011 3210
459 977
686 1710
502 3402
1009 3881
399 2596
1065 2355
592 2463
2410 2629
2165 3515
791 1945
959 2746
119 368
1744 3200
268 2871
3075 3425
218 2062
2205 3332
2542 3714
778 2724
1981 2453
2286 2775
405 3623
3556 3946
2221 2467
543 2670
300 2044
494 1387
1630 3411
996 1998
476 673
217 1736
2389 3898
1542 1885
172 2318
2745 3366
3307 3403
1112 1831
1196 1279
1005 3276
825 2063
2109 3137
1853 1902
3460 3701
3094 3861
2575 3834
86 2805
1016 3359
1014 3974
2235 2940
3250 3587
3116 3358
901 2320
2007 2627
260 2593
1778 2342
278 1986
2336 3977
1858 3349
1417 2545
2814 2911
731 1742
1779 4002
1021 3379
894 2530
2229 3194
1094 1421
427 2462
229 294
2062 3766
1982 3358
472 3440
915 1732
2083 2308
2213 2783
1672 2061
212 3627
2626 3065
3669 3931
1034 2960
885 1653
1228 2987
671 3518
1401 3654
1915 2862
1123 3593
915 3100
1158 1312
752 1002
2051 3788
202 1237
3361 3893
506 1008
1251 1678
2384 2827
1747 1934
261 1766
536 2902
3089 3931
1619 3346
259 1187
1640 2064
1288 3963
206 1528
2249 2910
1177 3734
957 1333
1575 2849
428 2579
3218 3693
522 2055
3107 3122
852 1536
979 3990
2784 2882
2385 2821
312 319
840 3850
470 1960
126 2921
1060 1751
2326 4014
442 455
870 1276
495 3499
1438 2422
149 1893
143 1753
1645 2380
2708 3780
901 3258
1394 1517
63 1929
95 540
832 1423
3337 3666
1347 2631
530 1208
51 2837
1619 1866
264 3819
245 1923
1014 2886
2394 3622
623 3405
931 3005
142 2713
3366 3602
3274 3732
800 2329
594 3420
540 750
2807 4002
301 3051
143 522
752 2960
643 1470
462 3342
1935 3488
272 1100
2234 3791
918 2594
1561 1962
463 2415
893 3676
626 2596
1256 2084
1715 2298
1637 2403
1594 1638
2362 3165
3156 3613
308 1986
1722 2105
2114 3882
3199 3706
1138 1978
378 1755
2322 3246
362 2655
1747 2717
1018 1604
534 2171
1445 2569
2334 3675
917 1218
147 751
88 2361
59 3014
259 2269
1815 3985
232 2042
112 892
2435 2659
37 1352
552 3489
1408 3887
2077 2780
1561 1802
1382 1901
468 2641
1269 3981
216 3233
1126 1969
880 905
101 3087
2321 3012
931 2151
699 1905
279 1600
2423 3874
525 2071
3528 3942
1558 1910
277 2255
2309 3794
1540 3025
672 2394
453 986
1379 3457
342 3501
3254 3808
696 3340
240 3792
49 2534
348 3797
1183 3456
2443 2752
2020 3086
639 879
2512 3791
2758 3823
676 681
728 2094
2194 2921
1505 3200
554 2124
1670 3402
277 675
1095 1239
114 3234
37 1240
845 2892
1838 2467
746 814
623 848
511 3856
826 1646
3863 3962
1882 3611
203 1950
835 3366
1456 3084
3514 3959
585 4037
117 419
1623 3497
3702 3956
1115 3065
2325 3924
1812 2619
240 2155
1693 2989
5 2924
2206 2208
258 3562
666 2103
916 3236
2932 3514
1215 3850
677 1960
130 3695
1517 3537
3452 3739
97 2740
505 1035
761 2083
2635 3042
966 3154
1498 3523
1061 2318
3201 3638
2078 2862
2753 3362
2544 2686
1623 2324
2478 3038
1967 2666
2082 3426
1448 3353
1764 3321
707 3590
391 510
1153 3815
1712 2478
878 1872
466 3487
3563 3627
617 3897
1395 2246
2198 3795
2583 4004
1176 1229
1038 3671
595 3575
196 205
3584 3671
2543 2927
155 874
2826 2981
3206 3326
86 3427
213 3081
2226 2294
1264 2487
2789 3090
2276 3945
1290 2935
3405 3495
150 1516
103 1944
322 1904
980 3067
2372 3961
86 1657
1122 1201
501 3432
1659 3816
1232 1805
1320 3464
119 394
792 1932
2988 3239
3704 3923
333 804
1767 3900
1610 2119
638 1550
1460 1488
995 3916
1139 1640
148 1832
1597 1630
1456 2643
1483 4028
1974 2137
467 716
3213 3546
14 2430
1353 3872
2390 2563
1624 3246
548 3785
1817 2349
580 1974
2192 2708
2432 3727
1613 2850
1096 2723
1182 1954
1411 3433
3473 3675
1112 2716
2559 3938
2525 3950
29 1387
4 2129
359 566
345 2699
1181 3081
3544 3915
2145 3304
8 3248
731 3502
2346 2800
772 1361
209 1880
659 1804
585 1028
309 1221
2353 3021
1050 1948
3212 4014
1410 3157
301 1692
3147 3504
2321 3724
1760 3930
1155 2843
474 2973
3355 3410
409 3917
1548 2589
2855 3050
385 1868
575 775
211 2084
740 3294
605 3106
721 1513
909 2172
1065 2971
1542 1930
1084 2249
1006 2054
16 2106
1278 3100
227 505
2283 2963
2623 2779
163 2973
2184 2687
1095 3523
2276 3184
129 2678
2540 2983
152 3491
152 1626
3185 3584
610 739
1813 3847
1511 2856
540 1920
1426 2755
2046 3996
1353 2512
941 3184
1073 2231
702 2951
1089 1668
546 3510
975 2994
191 1977
1390 2193
1512 1868
2384 3229
3097 3862
2575 3416
1372 1420
2344 3740
2256 2500
271 4036
465 1922
774 3302
1759 2490
2252 3190
688 3536
545 3939
73 2308
577 1680
3000 3537
2169 3185
1768 2403
1142 2124
377 1296
420 3809
2442 3275
1218 4024
442 558
359 1549
2920 2980
1374 2062
2069 2451
1632 2855
1053 3448
259 3005
424 1787
3219 4029
419 3127
423 2302
1713 2085
285 3973
362 3235
845 1942
2068 2898
100 2689
955 2355
1152 3818
650 1756
330 1944
1615 3962
1083 1844
183 1999
686 1292
485 2658
1857 2956
2042 3484
21 1475
604 3818
2661 3429
874 1087
884 2943
3468 3618
417 4017
185 3850
578 3043
638 2170
2627 2981
988 2073
2625 2884
2234 3052
1788 1821
2439 3987
193 3190
3330 3503
663 3330
414 824
2087 3495
2551 3157
309 1369
1748 2527
165 1011
1096 1440
1342 1951
2122 2863
945 3968
1495 2740
30 934
382 3549
226 2266
1508 1926
438 1461
422 2741
502 1771
561 2016
1730 1794
3370 3484
22 941
3644 3936
2699 3153
2029 2980
1516 3164
2745 2851
1643 3865
351 3136
620 3876
145 2909
2755 3593
156 1638
1257 2671
272 3042
124 4020
3310 3973
1659 2816
264 3730
2238 2412
1203 2929
869 1168
847 3840
2392 3540
416 3226
1077 2601
68 1091
926 2282
111 646
1618 2627
2805 3839
1649 2940
2821 3777
450 703
788 2687
3659 3958
22 2448
2026 2477
1236 3936
583 3120
1119 2311
571 1226
2487 3107
1121 2171
3135 3240
1181 3030
153 3527
2249 3101
1334 2163
1687 2795
2769 3718
278 2283
1714 2179
1187 3278
3198 3368
2300 2810
429 2685
223 3577
2919 3528
156 167
1882 2912
556 1006
580 2553
3791 3823
509 3257
26 4037
2169 3831
1271 3892
3850 4010
1245 2924
1447 2334
1200 3814
942 2653
2682 3999
345 1218
1469 2387
145 578
3317 3570
3262 3715
197 2610
1632 3732
707 1598
3917 4011
1366 3046
2110 2356
3626 3650
2855 3079
2895 3721
1000 2155
534 2523
2794 2910
1817 3418
1727 3468
901 2166
225 2730
1674 3020
289 455
1189 2312
1438 2886
329 3340
811 2633
1147 3739
787 2640
870 3445
2212 2605
372 2101
109 789
1339 3018
1963 2972
713 3385
3085 3880
1015 2277
2460 3648
2345 3737
931 2898
1331 2999
387 3984
594 1779
306 2881
245 896
1367 3164
550 2081
24 2368
2974 2980
2909 3768
0 1092
3024 3765
497 3033
2928 3759
348 1862
1932 3534
1192 2409
1134 2960
1100 1994
1344 1633
554 3996
1689 3676
818 2626
2356 2361
904 2891
3523 3812
73 966
389 661
2056 3347
1325 1480
3317 3956
131 1443
1278 3409
580 646
1029 1960
1011 3151
308 376
130 1561
2562 3960
2077 2405
2134 3544
911 2484
131 1547
468 1056
1001 1434
75 364
2061 3956
1057 3100
1234 2124
264 2281
833 3098
985 1418
745 2203
1848 2393
1864 2099
2073 3210
647 735
1096 2931
596 2202
910 1539
3657 3969
1222 2231
391 3471
1100 1501
1107 1355
96 2239
564 2464
372 3074
31 1946
1235 1572
835 1577
1414 1683
373 2082
3097 3863
2449 3652
1383 3477
2587 2999
2576 3992
1531 2876
2990 3187
134 2768
2157 3618
1965 3898
380 507
2892 3080
201 1882
814 2624
1974 3083
2091 3910
1522 3690
1353 1780
214 2821
608 1625
249 2922
1044 3939
868 1182
1553 2771
1271 2087
666 1699
2621 4029
348 1425
1327 2578
1123 2522
1833 2226
986 1777
731 2976
475 3156
2354 3922
2285 3986
62 1471
2397 3752
923 1946
397 878
1235 1941
2528 3834
1310 2215
2439 3577
1680 4020
1414 3944
3543 4013
1420 3657
2034 3599
2873 3749
1518 3187
1281 1663
223 2382
3761 3847
132 1937
1361 1395
2739 3609
1793 2817
2036 2633
3330 3360
1981 2601
2597 3743
731 1780
2190 3302
2998 3930
389 3234
1926 2790
858 3871
486 903
1001 1168
1733 3402
402 420
1145 2190
381 2335
319 394
284 1156
614 2030
1355 3242
3056 3828
444 3998
343 2425
1041 2599
1039 1200
1966 3518
830 3881
706 2885
161 2344
3205 3538
1432 4027
1477 1880
1282 3724
752 3148
1019 2359
381 1108
369 423
334 1136
3394 3815
885 3615
1494 2965
2581 3502
311 1397
1625 1945
1069 2912
765 2981
735 3827
1472 3673
221 1468
329 2328
54 2603
1453 2645
258 2885
544 3949
1386 2478
1437 2297
1547 3198
201 1122
897 2598
1998 2329
2757 2765
1548 2678
564 734
2506 4004
802 2380
1568 2616
1486 2703
644 1075
166 2057
1832 3259
689 1041
1646 2668
306 2440
1865 3667
3277 3958
51 985
1911 2091
321 3127
752 2023
775 2315
1218 2937
3603 3692
2202 3084
2654 2826
3344 3453
873 1185
897 1448
1929 3299
2665 3384
190 710
252 3162
576 3297
1528 2419
621 4003
1796 3575
1222 1392
1336 1361
434 3017
1783 2103
54 2865
2318 3434
1739 3770
1120 3549
1292 2672
3288 3689
2566 2928
2284 2289
213 2865
178 3678
1739 3041
2565 2875
1337 2281
1581 2321
1405 2780
2644 3682
221 783
882 1496
708 2832
2937 3149
1888 3077
489 2140
3505 3978
644 1651
1734 2624
3116 3331
319 966
303 2806
3639 3792
1750 3441
236 3660
2631 3799
520 3466
557 566
2431 2834
782 3548
594 1535
940 2706
1613 1926
3359 3672
2219 3691
882 3265
2052 3749
351 2058
1763 2021
859 870
1810 1979
1262 3065
1184 2733
14 675
2031 2221
1363 2984
372 3086
3449 3549
1598 4027
61 648
64 1218
980 3520
1764 3064
1742 3194
840 2961
293 3084
1396 2982
2234 3743
2996 3822
197 2013
2737 3481
287 705
1217 3074
406 2705
2617 3712
86 3986
328 3250
816 2724
869 4008
2063 3233
1480 2575
2193 2773
125 147
3243 3395
901 1320
520 859
458 3450
1689 4018
2918 3111
2306 3636
796 3410
701 2608
128 2753
359 1660
2032 2847
3246 3418
951 3037
1606 3326
1544 3636
83 1768
2097 3638
315 1836
3415 3977
1342 3404
67 3489
1139 2399
1269 1942
2342 4028
794 3244
3252 3379
702 3339
3503 3658
597 3732
2308 3857
981 2107
148 1807
489 1827
2614 3539
2834 2900
646 1127
2719 3925
1268 2133
2833 4033
1065 2181
3263 3939
214 1477
707 2597
900 1422
3090 3383
56 2930
2573 2950
2370 3124
2762 3373
1661 1873
1085 3108
636 3148
2602 3576
2863 3689
869 2277
233 3847
791 1798
3270 3911
310 1600
1244 1585
71 3475
1416 3501
94 190
2252 3221
22 24
1289 2197
1441 3488
788 1914
58 2941
3691 3768
1413 2113
1722 2800
93 2762
868 1672
1138 3933
237 2024
1163 1246
2584 3501
1057 2341
1155 1761
673 3413
174 3839
126 3758
1540 2381
35 231
85 2764
3314 3565
2145 2352
2592 2802
542 2891
1172 3744
133 3278
2329 3570
895 2239
1238 2516
418 3704
1974 3181
1319 2179
433 983
280 1255
1757 3996
1686 2367
2629 3921
371 836
818 3512
1883 3993
3092 3272
389 599
318 3353
791 3827
2760 3344
1323 1905
436 3062
40 2255
1969 3602
2742 3151
1452 2059
1170 2768
3915 4009
1362 2212
2625 2992
345 1971
1018 4009
3172 3606
2417 2834
1111 1996
789 1209
324 1474
1174 2864
1487 3611
824 3008
653 3989
1688 2117
988 2270
316 3625
421 886
288 2940
2384 3908
1581 1642
1782 3703
2548 3685
896 2120
2105 3960
1264 2669
2097 3069
237 1675
2416 3209
2049 3648
705 998
1611 2457
1321 1910
1313 2809
115 3940
1441 4021
3069 3405
1473 1661
2390 3545
196 3820
2321 3383
633 2202
25 2274
1536 3921
1599 2385
2636 3908
1392 3672
1376 2444
1053 1520
2028 3670
2084 3779
1750 1871
186 891
2234 3281
2154 2821
1625 2310
2271 2796
705 2155
1552 1631
1627 2593
2156 3049
491 2406
1095 1311
378 2081
3355 3444
1899 2212
2216 3604
71 2929
1384 3197
1513 2027
963 2939
2314 3048
1892 2245
1208 2699
827 1466
6 2752
1155 3029
952 2940
76 3062
2361 2742
1300 3463
391 436
374 905
472 3508
61 1446
2059 3133
1479 3412
831 1434
1045 3685
1854 3056
1726 1748
1382 4010
576 2370
99 3093
485 3752
1583 1892
1979 3734
2224 3584
2090 3202
951 2873
1609 3868
741 1990
1202 3809
870 1938
1794 3629
1645 3324
478 3471
465 3948
40 3294
479 2918
566 3650
1711 2267
1534 3114
1158 3415
246 2759
1324 2678
2004 2837
1073 3781
1213 2560
1776 3487
1007 1750
2349 3804
196 3195
3571 3665
1091 3202
1081 3480
406 695
42 1684
106 3691
2062 3331
1498 3188
556 3873
262 3021
2201 3948
882 3087
317 1103
1846 2923
1254 3194
2143 2662
489 3527
1329 2579
960 3972
476 2939
1542 2894
2431 3219
899 1306
754 1375
2168 2325
2627 3229
1697 2790
1367 3515
660 1012
1093 2182
633 2928
978 2153
1488 3084
1530 2169
2534 3262
460 1580
1332 1879
2437 3552
15 3305
952 2303
1049 3594
737 2522
1774 2251
1869 2223
3420 3949
2907 3597
280 898
1393 3535
938 3768
2677 3439
635 1518
1326 2523
739 796
2264 3021
1561 1689
2295 3748
2921 3081
168 3382
762 1834
108 2881
361 2190
165 3043
1654 2221
447 912
212 1184
225 264
1202 3374
132 2562
1449 2996
3541 3978
1251 1520
645 3564
1362 2489
957 4010
161 803
652 2461
765 1615
566 2496
2131 2901
2832 3947
188 2121
864 3219
2312 3479
337 1405
2496 3623
3061 3303
2323 2740
294 1229
502 1468
2854 3625
890 1921
594 1973
493 975
271 1274
65 2320
1740 3720
1207 2063
1762 2786
2094 3194
1304 2158
1097 2093
372 3412
603 3387
2018 2109
2456 3418
441 603
2956 3374
1704 3936
1766 2774
791 3871
2660 3550
424 3626
2126 3751
1713 1813
259 1197
1942 3706
1034 1484
1799 2560
3159 3266
1613 1875
63 1647
1117 2126
70 1491
1672 2770
2210 2883
2324 3446
563 3567
1048 1992
909 3031
598 1055
2217 2320
1966 3081
2219 2726
878 2040
1572 1647
1389 3486
3096 3693
325 359
2578 3147
1677 3441
913 1700
1395 3171
2754 3672
970 1207
903 2641
1037 3977
3346 3928
1675 3911
2209 3604
371 4004
2457 3244
2914 3181
3067 3180
1225 3922
801 1088
3707 3974
844 2393
108 699
463 819
1575 3317
1016 2726
485 3058
2456 3854
1130 3180
1766 3465
2049 2189
1625 4038
2045 3424
3033 3491
1756 1842
1220 3535
2080 3699
32 608
1806 3761
980 1430
1371 3948
2911 3948
2757 2892
712 3466
1606 4036
2899 3786
216 1105
29 1417
638 1273
900 3490
865 1151
1256 3182
129 1893
1247 1681
1326 3853
2737 3203
714 3757
1301 2456
688 1682
1030 2804
2905 3899
884 1482
2558 2796
265 3305
162 1558
463 1350
2671 3980
2823 3855
2244 3689
3303 3642
1127 3136
2527 3340
1983 3669
1962 4021
955 3808
2721 2781
3142 3811
805 3637
2206 2993
246 3518
2102 2295
1783 3059
434 1245
692 2827
854 3570
1168 3445
620 2649
2223 4029
1062 1610
2470 2910
3189 3215
619 1879
2059 3581
1875 2661
1553 2152
2035 3274
633 3801
1471 1969
3598 3722
1298 3402
2550 3070
1727 3673
2551 2973
1856 3312
1290 3936
1162 1293
1562 2216
1853 2782
2343 3446
1344 1772
1303 2229
2257 2993
3695 4022
672 3371
1851 2881
225 633
2754 3557
384 2110
1313 1349
1900 2528
1341 2404
914 1004
1798 2193
850 1149
941 3110
1834 2523
159 775
2822 3384
461 1791
507 3509
263 665
304 889
1463 2350
985 3073
185 1917
711 3759
3165 3699
197 3367
1605 3563
206 2849
3123 3242
1721 3638
2331 3455
1937 2201
753 940
3049 3282
1383 3584
851 3526
271 2738
287 2618
1968 2897
2037 3753
1809 3445
573 1353
462 774
2033 2048
635 2992
2767 3729
3353 3741
1966 3575
4 3789
1187 3613
2667 2983
113 1133
99 2496
962 3038
1085 1372
1628 2851
527 1964
3850 3957
2175 2481
2848 3108
612 2011
1331 2025
446 3020
1077 2267
2686 3737
1068 2215
1130 2045
2129 2999
1063 1907
1612 3272
2626 2764
215 3653
2703 4016
2076 3544
1803 3504
2295 3265
12 89
1519 1538
2890 3706
935 4012
1943 3368
342 1296
414 2797
3296 3352
481 3249
1019 3996
2026 3501
1486 4018
1204 1406
1265 2066
1452 2135
335 358
867 3419
213 3163
2535 3028
2754 3278
1647 3459
819 1795
170 1971
632 3804
508 801
582 3858
727 3619
1423 3579
3235 3906
1918 3046
2428 2805
2791 3381
2727 3606
428 1947
1771 3884
813 3979
1585 3393
941 1919
425 3778
2592 3245
19 1250
1365 2946
1024 2305
2952 3361
1667 1670
2266 3138
1885 3752
2601 3979
153 3787
235 355
1097 1515
2602 3131
205 3872
1465 1946
468 2538
1631 2497
376 2536
690 2402
1061 3801
1176 3071
2504 2622
29 3794
444 665
2185 2528
432 3790
1877 2413
3464 4003
383 3449
2605 3712
700 3559
87 2806
257 1743
1543 1738
837 1367
1131 1617
1539 1799
440 1559
2107 3592
1166 1363
942 1947
2056 3144
710 3768
3338 3610
3404 3794
7 2721
1032 2554
1655 2815
348 1455
1997 3276
198 3018
1525 3113
2641 3383
1424 2454
2002 3235
439 2302
642 1399
1139 3411
1203 2864
813 3069
1239 2683
1862 3877
870 2619
774 3971
141 1071
2415 2883
1289 1976
825 977
1498 2487
3044 3706
2754 3683
1195 3991
911 3645
2840 3356
1269 3514
1519 2276
1185 3464
513 3017
1658 2480
305 3886
2091 3354
1646 3526
735 764
1312 1902
229 2872
849 2057
653 868
980 2490
445 916
1797 1865
1326 3716
470 3573
1472 2060
1341 2007
420 3622
1056 3328
1259 1661
1650 2702
2532 3080
1730 3076
2435 3007
1594 1769
367 375
312 3116
13 1450
127 3359
685 2723
1434 3740
2045 3134
480 1646
203 581
2159 3950
16 428
3100 3642
1648 1819
314 1341
1607 2258
728 2085
42 2772
648 2032
543 3460
3054 3240
1010 1279
3701 3858
2320 2713
1422 2846
974 2217
1302 3018
1714 2932
1685 3837
1446 2439
978 2502
2109 2227
381 1630
3413 3798
2648 3316
95 745
959 1470
1079 1249
1390 1815
2220 2606
752 1934
383 1428
1219 3308
641 3183
459 1438
2101 3519
798 1815
1875 2076
622 4035
895 3410
1088 3871
1774 2190
2837 3425
2071 3116
113 1069
846 2795
1644 2856
2609 3177
393 3670
878 1500
2193 2912
1403 2397
357 600
2129 2343
1890 2562
1903 3362
1942 2666
1991 2099
2729 3513
1946 2771
1629 4006
422 3640
348 3215
2203 3912
944 2832
377 3028
111 2629
1372 1525
129 390
878 1329
172 2684
3297 3900
141 2050
3499 3765
315 2205
1497 1964
215 3746
2191 3309
720 2857
983 3728
1287 2074
1599 1907
1752 3735
698 3009
743 2453
520 2879
444 3846
297 2763
902 2198
3435 4023
270 1761
702 3288
252 318
21 3393
575 1214
1489 3281
926 1281
802 2425
1431 2097
3044 3424
331 424
821 3047
1562 1733
2052 3834
2890 3152
2859 3802
708 3546
546 2600
2441 2602
1680 3371
638 2627
3156 3916
2178 2998
336 913
2196 4015
1819 3975
1449 1783
1287 1403
1495 1868
393 3214
1544 1743
3106 3138
3415 3976
179 3375
1250 2929
360 367
412 3513
27 3613
3109 4014
14 694
2196 3257
2284 3999
583 1555
457 1023
1481 2015
3218 3529
3152 3286
2503 3654
286 1882
1882 3909
2574 2907
134 3618
2619 3670
1407 2377
602 1422
3374 3903
281 1729
4 890
1610 3711
159 2038
1153 2859
1640 4020
1020 1380
450 1776
1019 3138
1608 3996
895 2015
599 2853
677 2902
590 1950
178 3995
1840 3484
2232 3343
2532 2769
1132 3893
831 2964
1241 2781
336 1079
2185 3951
3154 3387
1320 2842
382 1819
2687 3810
1968 2047
1555 3402
2778 3644
2433 2779
2960 3785
3009 3924
239 1263
2212 2740
2544 2839
352 3649
309 2112
3556 3985
1840 2340
909 1842
1778 3555
1944 3100
194 2528
476 2430
2048 3443
1109 3769
1219 1865
1114 2488
1414 2297
1465 3895
3415 3535
161 1671
1928 3439
321 3978
1072 1533
115 764
174 3043
2121 2569
581 2259
691 3558
2368 3625
976 3087
33 614
398 2810
1613 2665
2878 3723
1978 2795
3167 3529
2176 3913
3512 3854
907 3247
497 1483
2568 3197
2053 2999
382 2656
2269 2318
1829 3548
283 2065
1010 1831
3074 3270
2623 3766
312 1142
2987 3816
2582 3333
1016 3615
2161 3399
1649 1727
674 3336
3797 4001
1193 1649
544 1795
1726 2005
734 2213
1331 3011
1753 3720
823 3188
1028 1562
840 3003
203 2254
147 812
3615 3817
3745 3967
1407 2760
447 3973
879 1604
1166 3364
522 2230
1065 1796
321 2566
193 1989
238 3702
624 2692
1704 3040
788 3809
3349 3916
3393 3417
446 1274
332 608
988 1550
730 3416
2708 3038
764 1758
842 1094
1241 2182
2796 3532
2393 3891
608 642
667 945
2232 4027
2182 3135
490 2662
3879 4001
649 2204
39 483
218 1194
3150 3853
668 1422
118 1710
1390 3563
175 2057
948 2595
1752 1921
2256 3233
1040 1268
3390 3709
742 3912
1370 3139
1900 2228
234 1871
1394 3324
3013 3973
523 3364
2051 2262
2929 3945
552 3039
287 2651
238 1457
1091 1627
2819 3260
2671 2771
61 3973
844 2811
686 3756
2423 3752
2 2376
2707 3299
627 1135
917 2373
1864 2512
2701 2915
2258 3774
1037 3331
963 2026
2297 2419
821 970
283 3000
383 3087
287 1820
660 1884
141 2759
270 3430
216 2382
1819 3018
175 2055
1157 2367
608 865
380 1414
766 3092
3066 3671
300 1669
2427 3456
2308 3106
2175 3102
2133 3145
1560 3350
2518 2924
1506 3476
2378 3581
200 2644
1021 2508
490 3823
2601 2703
2229 3959
490 1947
0 1024
2329 3453
1730 3063
72 2700
864 2945
2829 4008
1676 3967
2716 2789
1861 3308
191 3722
99 2755
1564 3469
1135 1231
540 1286
464 1088
452 2540
3569 3701
1443 3738
651 3630
1960 2737
284 1928
2072 2762
1471 3015
570 1162
1122 3050
876 2824
916 2122
812 856
1118 1738
1284 3044
1016 2638
1398 3427
669 1246
7 3964
1040 2864
330 343
1172 2949
225 1739
3272 3704
965 3748
1927 2677
2625 2658
2778 2888
138 2548
480 781
595 2322
647 2839
353 3722
13 3565
2718 3840
3655 3788
2785 2866
144 2661
131 2014
629 2904
2475 3502
863 2095
2365 3188
979 2611
946 1574
398 1993
248 998
520 4028
2185 3414
2229 3845
70 2253
2231 2799
1556 3607
338 2124
512 3331
1869 2497
606 3155
1999 2715
768 1602
2086 2869
2413 3334
248 2208
231 798
77 263
802 1270
751 1892
504 1483
2328 4010
2150 2304
1115 3770
588 4025
2379 2568
750 2663
115 2204
382 2400
992 3095
3656 3917
2802 2916
1609 2556
1817 1910
1556 2121
257 380
403 1957
455 2805
82 3484
3714 3812
3040 3357
3451 3569
814 937
3968 4009
89 3489
1516 2875
2927 3164
2222 3465
1967 2739
839 3175
107 1915
2557 3983
2539 3379
995 2241
1451 3738
708 2459
1649 2381
238 3309
1688 2856
1053 3753
1249 3638
118 3451
653 3489
48 487
599 3153
717 1159
419 3075
3164 3799
1717 2999
1740 2554
209 1726
127 953
2247 2618
1353 2679
51 3447
1539 3004
92 967
1348 3705
1749 3896
1064 2754
942 2135
1617 2818
654 1469
1517 3589
1569 2020
497 975
99 3660
1665 3772
1539 3681
2174 3438
273 1280
1632 4004
3025 3445
706 1219
1313 2587
1350 3916
1216 3458
461 2234
1306 1531
1709 1713
2291 3120
2316 3664
3476 3714
1100 3465
817 842
1462 1642
336 4014
2633 3950
1096 2443
1154 4033
74 2866
3043 3789
2612 2859
3091 3786
217 1491
2401 3436
2037 3899
2357 3903
1577 3314
2173 2476
375 2200
87 2720
707 3555
764 2312
908 2491
624 652
906 1084
1681 2384
2288 2329
415 2681
740 3997
910 3644
16 20
875 1663
2956 3372
427 1525
1604 1775
2996 3225
970 2222
1013 1674
264 3746
2178 3540
1675 2864
868 1001
1204 1912
989 3108
312 1057
265 2593
1245 2834
248 1044
78 3420
1371 1587
990 2334
553 3917
355 825
3391 3810
1908 2252
1171 2000
1419 3802
2834 3982
3229 3910
700 2187
2607 3989
1025 2604
230 819
1399 2476
886 3616
989 3466
1125 2641
464 3908
2471 3235
340 917
146 1211
2008 3295
167 3022
2380 3856
245 1300
2066 2609
117 1801
2734 2951
419 502
2050 3819
2612 3710
1427 3952
914 1671
1190 2833
1878 3143
2211 3942
603 3580
1712 3447
234 687
519 1682
2130 2701
1054 2614
3291 3458
878 2464
1485 3139
2417 3023
627 955
1153 3347
3364 3702
3007 3279
881 3794
1804 1934
2603 3191
1160 1640
1504 1809
834 2207
1364 2649
2642 3047
1576 2267
1966 3732
1576 2917
2561 2975
1092 3463
3043 3806
2197 3975
1716 2888
294 1766
1 2555
3334 3494
269 3037
2521 2698
920 3163
2021 2441
305 477
2244 3422
987 1841
974 1692
1799 2671
617 971
846 1002
3493 3776
940 2653
2605 3850
1615 2197
253 277
1429 2786
675 1835
2607 3272
2441 2491
656 3008
2870 3710
176 985
653 3588
1134 2766
2348 3897
883 2674
1500 3281
2760 2821
1663 4018
2500 3720
1272 1287
2753 3719
2606 3359
800 1740
105 437
88 3499
1209 3218
246 3777
2383 3379
671 3273
2962 3207
1105 1666
1465 3236
632 3817
521 2354
1495 2463
1954 2021
1211 3096
197 1996
1003 1129
1076 2747
93 1369
1249 3216
1488 2467
166 507
87 333
715 3170
1621 3923
22 3707
762 1298
3688 3828
382 3162
471 2245
138 1549
1229 1537
3479 3995
789 2913
3042 3448
1169 3829
218 1498
1415 1671
1115 3075
2758 3707
1098 2460
1661 3222
1719 2171
2629 3197
272 3234
1408 2389
437 2168
1498 1668
2036 2567
135 2600
1557 2909
723 2091
1494 1568
168 310
1298 2608
3383 3564
553 3074
998 1578
1062 1955
91 800
1628 2684
1028 1098
336 3681
642 956
931 1841
1182 1395
632 2471
1597 3039
993 2211
631 1104
1504 1664
1345 3562
1 1709
1084 2718
3409 3819
1422 1718
406 588
940 1355
282 4002
1400 1537
1524 3272
382 3305
3610 3952
76 3753
3101 3986
156 3017
531 3851
1171 3206
637 3090
2392 2988
1609 3417
984 1065
835 4005
787 3743
553 3226
2349 2725
2201 2924
689 2586
98 2384
278 2014
1739 2281
2302 3788
2277 2340
2394 3841
685 3415
1739 2911
22 2119
1196 1954
3392 3880
1646 2841
903 2284
713 1131
344 2408
1818 2640
2223 3313
2300 3344
1947 3023
1355 3311
623 1223
412 1046
65 3029
795 1264
994 2252
1452 2343
1894 2378
1710 2673
50 1306
86 2491
392 1630
554 1283
1706 1976
948 3782
988 1726
309 1371
151 3084
2377 3303
1167 3098
2649 3093
177 2186
1496 1697
2766 3180
2014 2828
2434 3617
2736 3154
1366 4002
2276 3740
754 1057
1308 1463
646 2858
417 1647
258 3027
3226 3617
1050 3268
1739 4020
779 2006
478 1536
1224 1763
896 3939
1293 1477
2136 3444
39 2623
612 3898
2038 3198
2922 3713
1622 3531
1157 1859
2637 3296
56 482
1005 3362
598 1547
2994 3598
448 3518
1384 1586
903 3284
411 2201
1613 1651
130 3262
977 1955
1021 1450
3224 3446
2634 3046
540 3111
2064 2637
291 3783
221 2028
926 3635
454 3910
1010 2048
1955 3738
1107 1733
523 878
432 2872
1248 4019
918 1326
3369 3774
3661 3899
935 3498
1877 3011
257 2147
1948 3406
2775 3548
2361 3579
1800 3394
2295 2807
2055 2902
2300 3058
1841 3176
649 2970
2915 2959
1312 1402
1850 2347
1133 1439
1629 2164
59 3040
97 1466
374 3877
2395 3147
2510 3259
1400 3486
1032 3770
1786 1830
2419 2967
480 734
1217 2208
868 1708
2478 2827
1172 2373
3660 3677
1398 1478
517 1700
1081 2955
2124 3185
656 3918
2426 2783
1855 2287
2382 2645
1486 2894
575 1879
2199 3565
1261 1522
570 1266
444 1200
974 1519
444 1978
2177 2946
31 2770
1034 2730
839 1462
2629 2918
2270 3995
264 1287
968 2550
2346 2854
3772 3993
1319 2565
1811 1899
1850 3402
576 2743
208 1849
2002 3013
916 1570
1972 2835
2766 2770
888 3981
1758 2504
1726 3827
2477 3186
2349 3206
286 1195
2024 3381
912 1527
2387 3656
3072 3405
1267 3033
2409 3830
1099 3610
627 1625
848 1840
801 3605
371 1755
43 149
21 2342
694 1119
847 1793
340 577
2089 2536
1089 1867
1754 2297
825 1697
591 3191
988 2824
818 1311
1041 2310
2881 3965
413 922
1317 2068
1398 2490
1009 3197
192 1333
1908 2451
800 1110
714 3242
3943 4018
816 2667
733 2807
3075 3239
1798 2873
135 1660
2608 4000
676 2900
437 3376
3648 3888
179 1415
1434 3880
1621 2313
535 3236
1354 3449
291 354
203 3234
1010 2745
2212 2815
343 3665
1663 2224
3611 3832
289 1824
1556 3103
2686 3080
405 655
2702 2816
913 1293
1241 1747
1058 3151
1159 2412
181 2318
863 1359
2230 2485
1608 3018
275 2785
3161 3458
3353 3563
196 583
2843 2970
694 1122
770 3375
558 3062
2659 3830
313 1384
1514 2080
1264 2879
2030 2148
624 3122
1751 1953
1098 3173
323 1969
3133 3712
1643 2159
1411 3823
462 2997
2744 2835
2429 2887
377 1763
819 1991
2010 2676
407 2930
753 962
1727 3318
2780 3166
598 1160
2122 2285
1694 2690
1194 1311
51 86
2376 3660
911 2276
2039 3050
695 1521
1276 2418
1421 2246
1003 3136
1128 1324
1123 2994
27 813
1025 3172
2724 3536
496 2949
847 3675
443 3172
65 2610
2415 2714
493 1265
2773 2830
1920 2564
2284 3063
649 3970
631 941
63 2397
1772 3283
966 2155
1442 1745
1445 1790
560 2085
21 945
102 3167
508 1701
331 3919
868 2552
608 1116
770 1999
2408 3249
2208 3826
3499 3771
17 3808
1374 2503
479 794
548 2236
1435 2503
1696 2550
2342 3199
2589 3727
1521 3842
632 3572
175 1098
3496 3781
861 1713
925 2761
1511 3522
24 2345
2694 2854
3205 4005
2953 3827
3182 3796
1677 2556
901 2112
1153 3163
1141 1790
2718 3195
173 844
866 2399
441 2023
2790 2923
332 3284
164 1006
293 3985
920 1513
68 2228
544 2210
2941 3047
1127 2744
391 467
2058 3085
2129 2719
54 3128
1881 2528
968 2608
3150 3702
1470 1997
2889 3045
365 3175
1466 3486
145 3961
1946 3193
2090 3478
606 2845
245 710
610 2913
491 3919
868 3186
1584 2187
546 3230
2774 3897
270 3467
1320 1649
1284 2931
2053 3800
2316 2353
2066 3613
475 2498
1815 2853
3811 3980
1451 3642
2401 2605
188 3174
47 3237
49 681
778 2556
976 3334
1597 3329
2273 2420
955 2898
2694 3779
749 3036
908 2672
3003 3351
78 3936
573 1250
2516 3916
1619 2580
1895 3303
197 917
685 1922
779 3363
1120 1285
1015 4033
2636 3136
2554 3200
2813 3083
603 3333
2203 3643
1985 3044
173 1657
265 1183
1812 3292
1524 3872
4 1785
1880 3263
3064 3650
0 2844
2639 3456
1016 3818
46 1689
1305 2052
243 3583
773 2618
2148 3843
2986 4033
2326 4035
445 1672
393 3012
1479 2345
74 3978
289 526
1490 3638
3019 3776
1219 3437
705 1000
393 1575
2040 2492
531 2825
1556 3676
2304 2362
738 3334
834 3752
2691 2936
272 1149
592 3700
546 3740
1299 3458
1046 2437
539 1195
748 1066
1437 2624
1512 2796
395 2912
1717 3970
518 768
808 1058
2491 3563
2885 3199
2315 3251
1139 2626
86 2242
207 2241
703 1099
770 921
1509 1758
1350 2383
116 1686
165 3497
1031 3176
1137 4007
2123 3218
1056 3167
1770 3703
2943 3648
1668 3064
1383 2316
613 2912
412 2828
288 3712
470 2716
1517 1577
1774 3378
902 2515
342 560
656 2668
149 566
653 3837
474 1010
412 2341
34 3868
1595 1780
2573 2920
232 3807
1012 1166
1608 3086
1240 1253
1803 3929
1503 3736
2756 3994
2305 2636
115 3286
1293 3380
2526 3738
887 1242
3643 3899
271 3317
1421 3636
1667 3293
1228 1244
1126 3790
2479 3852
697 1200
196 2084
191 1035
1942 2099
964 3205
281 1274
625 2687
282 3067
2199 3561
3222 3963
1567 2939
421 2191
1802 1864
1273 3209
97 2486
2934 3045
135 1358
1427 3198
97 3225
1532 3028
837 2032
2379 3402
521 1206
2859 3566
850 1762
429 3734
880 3938
1893 3543
140 3953
408 1140
2962 3407
3709 3712
1754 3310
1989 3244
1016 1763
1854 2049
1978 3826
387 1889
432 3600
1265 1776
1487 2003
459 2279
1515 3803
19 435
208 3439
627 2133
638 2008
2021 2498
204 1861
2113 3374
2236 3470
411 2895
443 807
990 3813
748 1406
409 1873
69 914
352 1087
2035 3745
2232 3874
2447 2643
908 3925
998 1570
1175 1926
2078 3775
250 1103
554 591
1382 2007
1278 3021
696 1609
2607 3047
3292 3757
460 817
854 3127
1148 1264
1095 2603
677 3966
154 1819
1567 2607
1152 1223
711 2082
720 3836
1647 3217
132 2392
410 1531
822 1701
2337 2674
1493 3524
38 1560
335 3565
11 2099
287 3122
1039 2149
1755 2126
240 454
365 3077
850 857
545 2501
2058 3166
1891 2894
660 2627
723 1500
2819 2980
1616 2141
384 1655
3407 3458
1260 1924
524 2416
2447 2906
1481 3319
1268 1760
1635 3697
459 1157
102 796
827 2187
657 3450
1709 1732
2889 3357
1021 1912
1521 2859
599 3174
1105 2006
838 1464
2586 3514
2046 2102
461 514
121 574
2728 3289
1072 1985
1248 2781
1755 2653
1754 2331
1154 2328
2650 4016
716 3252
1620 3691
1255 3534
1124 2474
461 3737
2672 3597
2825 3532
942 1256
132 1920
2166 2933
652 3018
1889 3724
2983 3547
2003 3046
490 2132
3516 3994
1717 1728
2610 3118
902 1930
599 871
128 2665
700 1693
578 1303
1119 3922
1137 3113
284 709
513 932
598 2494
159 237
1052 3200
1725 3749
783 920
2046 3568
1072 3568
944 3513
1214 3603
2224 3020
882 1826
728 2299
1714 1952
3280 3313
1717 2412
1673 3370
1926 3715
955 1276
2503 3064
1051 3811
3307 3551
179 3622
1121 1416
283 2670
735 2830
1011 1047
2210 2945
300 2965
565 1887
1627 3160
2021 3773
2150 2895
1261 3308
608 851
526 3803
2048 3907
1478 2584
900 2602
217 3957
2939 3520
161 1946
1703 1933
752 3123
1446 2807
34 1576
2965 3755
2343 3724
1252 2901
2167 2600
860 2769
1542 3257
3090 3837
1026 2747
1942 3002
492 3712
592 2366
1070 1290
1280 3270
662 1754
1801 2187
721 2267
1305 2880
747 1185
452 3048
3692 3706
50 2145
1473 3617
1506 3499
1152 1737
2171 2524
604 1981
1179 3250
1283 2684
68 1454
801 1209
381 2780
1604 2828
749 2231
871 2014
3047 3535
1969 2461
9 3688
257 1924
2259 3639
529 2062
2080 2340
1896 2964
2121 2382
62 759
1371 3261
887 2830
2650 2751
198 2783
724 3823
2838 4018
1493 2230
1144 1366
336 2885
1270 3320
1424 3685
1107 3959
1353 3797
1695 2516
305 582
147 1747
79 959
660 3997
2634 3288
3452 3783
310 476
710 3501
932 990
1998 2465
1670 3846
514 1590
1791 3395
999 3666
1133 3247
109 1793
754 1525
2228 3764
1403 3775
867 2780
528 2908
573 1989
2560 3152
731 1953
2287 3699
2445 3895
2122 3704
1035 2520
477 1417
70 2359
1336 1358
1077 3128
1056 2261
1610 3002
1280 1762
2361 2409
1151 3956
581 1630
801 1317
1070 3176
2735 3805
186 1151
1194 2073
2275 3232
901 2503
1737 3753
422 530
1389 1712
559 2988
213 499
2495 3832
101 3525
1589 2388
2302 2764
1972 2482
669 1995
2466 3294
825 1356
2416 3254
511 3035
1813 2963
3847 3882
2883 3329
412 3933
219 3476
2368 2452
1373 1976
1140 2204
3522 3888
1644 3585
968 3921
2299 2860
550 2474
1661 2632
3796 3869
2444 3892
2808 3067
2529 3157
3317 4008
78 984
481 3206
527 2612
110 1665
1115 2642
1580 3478
1116 2510
1276 2386
85 2478
779 2869
537 641
2804 3198
1763 2991
497 3089
275 3365
776 2411
968 1236
1360 3634
340 2581
1262 2139
130 2130
2189 2286
1917 3527
745 1207
576 1009
1835 2056
16 1605
1102 1146
519 563
1327 1894
3383 3478
512 3998
2497 3997
958 4012
1757 1959
1181 2268
1530 2148
2126 2722
880 2245
2046 2947
2620 3741
2056 3194
2090 3020
2461 3292
1335 2133
667 3437
2285 3905
493 2209
1226 2496
2269 3409
359 2184
1878 4033
986 1714
1031 1870
666 3973
724 741
1959 3780
981 3166
1362 2164
588 2459
191 2395
355 3339
412 1413
462 1807
1828 3585
1188 2699
825 1981
1978 3520
115 1860
2370 3251
537 4007
297 1096
1353 3130
193 371
5 2892
426 445
1967 3325
129 3907
3383 3454
273 987
726 3619
84 3501
529 1669
1423 2579
2981 3384
3034 3240
1757 3568
731 4030
2570 3491
1285 3375
2547 4011
2207 4036
3207 3453
875 3517
598 1551
2278 2932
3162 3778
259 2356
357 3114
1417 3115
1008 1702
509 3041
1774 3895
123 3617
3084 3098
1686 1874
481 2053
518 3519
131 1301
597 2202
1170 3961
0 2351
1018 1650
1982 3710
323 3703
2713 3762
3322 3966
1508 2991
1012 1585
177 797
1938 2287
1245 1688
63 3182
1863 3517
2102 2704
144 3182
455 3766
252 2027
3238 3390
2767 3176
38 479
872 1304
249 568
3117 3618
2921 3696
707 3800
786 2558
473 1993
1665 2683
274 1922
1559 3346
128 2439
635 2444
639 1721
2476 3418
196 2709
441 1859
274 1409
2238 2767
52 1450
3103 3127
1495 3535
1354 1827
1810 3298
1966 3320
595 993
3031 3374
2541 2604
1291 2311
2241 3425
1396 1943
1135 1938
408 2079
842 3742
519 3957
369 2029
3257 3437
1311 3675
93 3500
650 2311
610 2525
662 3864
908 3364
2168 3287
545 3000
536 2897
10 571
2606 2756
1829 2050
1204 1723
2431 3031
3484 3800
652 723
1491 2271
3301 3606
1177 2099
1651 3683
1577 3499
84 2053
1564 3333
2070 3288
960 2640
3358 3852
2064 2387
52 3863
2324 2504
138 2858
2684 3504
2422 2976
1666 2778
3537 3772
521 2559
1241 3430
1407 3939
715 1875
362 1309
3133 3913
3396 3673
714 3848
2514 2525
1243 3491
9 830
2914 3059
2492 3584
2062 3474
2623 3752
1185 3775
2886 3681
1038 1334
3979 4011
570 632
591 871
504 3289
2215 3622
28 3730
321 2065
1280 3346
1085 1893
1474 3188
3469 3644
204 3987
1378 2673
1671 3835
507 938
2410 3234
55 1005
1188 2501
2851 3643
1314 3878
161 3193
2246 2464
367 2163
3188 3273
3513 3623
1440 2819
3200 3838
2379 3049
591 1939
2770 3615
1300 2445
989 3434
1407 3920
3593 3804
2178 2580
2447 3255
3262 3785
1353 2073
1555 3784
102 2773
653 1114
2355 3786
2942 3583
1847 2638
687 3244
644 3043
112 3547
778 2927
1655 3462
1069 3577
626 3884
587 1740
2366 2452
353 3553
955 3123
1876 3492
812 3633
618 1215
324 3742
1366 3918
1594 3753
1656 1995
1617 3701
568 1872
176 3656
1942 2125
1292 2917
2276 3012
80 654
149 3309
713 2305
1882 2470
1235 2381
423 1950
2828 3019
1900 2580
782 3775
1707 2493
2764 3596
2450 2875
860 950
1226 2220
506 1998
477 1947
2021 2441
2814 3304
338 992
2115 3148
2744 2999
2789 3942
591 971
3560 3827
1265 2381
471 1897
56 3309
651 1942
499 576
538 2175
962 2287
3754 3834
476 2291
252 2617
1808 2184
87 986
2405 2932
1083 2848
1894 3074
848 1946
592 1834
1038 3079
1 3358
1002 1742
1132 1303
345 3098
614 4015
1971 2167
2121 3835
2346 2455
3382 3642
633 1588
2238 3702
963 1634
1451 3735
439 4019
2049 2855
1681 2703
102 3695
1539 2864
1167 3169
504 3026
3354 3812
935 1060
2899 3273
285 1719
456 3462
1196 2203
853 4032
591 3411
1516 3909
1273 3179
996 2361
1762 2996
929 3891
224 2365
2631 2837
99 185
1928 3531
1306 1464
635 1693
1798 2744
2673 3300
1560 3817
256 2868
1565 3427
2352 3734
1021 2826
2130 2234
530 1717
503 2503
804 2372
672 4017
382 396
581 835
1496 2660
1303 2224
1244 1491
1491 2591
65 3830
528 1608
1327 1601
601 3912
1502 2402
3090 3312
227 512
670 3122
473 2887
952 3202
59 2938
164 3684
529 3906
2898 3880
1696 3774
839 3845
1482 3350
399 3756
1051 3727
790 2074
341 373
973 3451
3659 4020
642 3918
2098 2933
2407 2614
1328 2379
3273 3731
2646 3407
602 1349
2865 3395
79 1738
104 3166
3260 3991
345 2964
1417 3492
912 3784
465 1442
292 3194
791 1927
1013 3664
590 2214
3623 3828
1968 2517
1419 3955
2261 3954
1436 3136
1383 3936
1008 1240
2655 3038
1333 1388
1534 1662
844 2321
124 2995
831 1455
301 3248
772 3682
576 2480
1366 3441
504 2263
1872 3969
67 1168
2284 2935
184 2812
620 1142
1274 3416
811 1635
1525 3094
2386 3128
2812 3490
3097 3401
744 1386
3620 3887
1440 2586
625 942
2831 3754
689 3605
3297 3910
1577 3292
435 2885
90 2610
834 1815
1592 3560
2470 3532
258 2898
1443 3546
519 672
3201 3952
665 2543
1522 2398
1080 2105
1040 1934
2929 3981
1485 2844
401 1624
1464 3947
2955 3391
833 1022
1420 3228
554 2290
2279 3249
1413 1717
72 2653
1798 3694
540 1630
1740 3298
704 2880
1160 2307
558 947
1603 3446
969 3278
48 3208
625 694
219 3121
1321 3138
1962 2983
3516 3737
455 2699
2730 3552
1482 2897
67 1173
641 1623
1731 3344
447 1936
984 2115
985 3099
2393 3960
1707 1971
398 564
2314 3059
3329 3392
192 672
2637 3482
1666 2933
735 1321
371 549
3127 3794
1259 2820
1601 2342
1107 3836
1384 3639
745 1078
1076 3247
2311 3272
3714 3881
240 1039
2359 3070
271 642
1228 3887
973 3873
1589 3665
1401 2977
54 889
428 3165
1401 3467
758 1353
476 973
221 1423
391 1093
342 2493
10 2747
1174 3006
154 2068
1926 2290
1727 2458
98 542
1491 1600
51 2073
1722 3802
3499 3529
2727 3170
1147 2005
3082 3235
949 3961
721 3431
498 3741
929 1184
2040 2430
682 2212
1057 1588
2815 3001
159 3259
1772 3700
568 2914
1227 2561
3106 3296
1492 2872
1305 2056
842 1994
1583 4008
2735 3564
1482 3197
2928 3459
887 1122
1780 2019
1151 3537
2332 3218
3446 3970
1404 1882
1604 2533
600 1388
1778 3259
1039 2359
887 1315
348 1984
1978 3035
2087 3598
2505 3227
2070 2704
3129 3570
368 1302
2799 3132
76 1132
833 3989
1592 3208
816 3290
1668 3474
149 3933
1679 3399
371 2332
1490 2421
18 708
3085 3385
2024 3796
1301 1722
692 3643
994 3368
2006 2779
2116 3823
216 3500
1818 2646
1793 2737
331 499
55 1451
2550 3408
1436 2622
2289 3723
513 1740
2789 3630
2864 3646
2825 3901
727 3172
2649 3362
2337 2611
1386 3398
3588 3633
1362 1414
857 3699
568 2436
10 284
906 2896
2320 2437
600 3493
403 1028
449 3586
535 2023
386 2534
1511 2070
1208 3704
1902 2658
2482 2659
2323 3605
699 3121
2789 3383
970 2641
1575 2028
1512 3700
1164 1210
86 560
451 2021
1648 3529
2022 3750
2029 3204
12 3770
1738 2362
3127 3269
1961 2722
1445 1827
213 706
2000 2567
253 796
702 2219
528 1961
1504 3147
818 3387
359 2194
118 3037
1176 3325
3046 3223
396 1609
3596 3887
749 3885
1054 2257
103 1430
252 1849
1217 1611
1633 2594
226 1099
2267 3636
447 3393
804 2540
1152 1510
129 2603
2118 3906
1132 1277
2689 2901
3015 3535
1317 2462
252 1739
1407 3463
1817 2172
259 3414
1249 3615
865 3259
964 2185
2682 3857
2421 3173
1750 3745
1239 2865
2274 2394
297 1196
400 3334
2245 3188
834 3280
408 779
556 2027
805 3825
14 3924
143 3114
1349 1356
867 3253
781 3682
1481 3646
1626 3390
1844 1887
2382 2776
531 977
2187 3068
1651 1652
1900 2364
818 3776
622 2219
1938 2974
2266 2890
1228 2460
106 1880
549 3375
2029 2686
1653 3870
1051 2588
528 855
369 3052
2645 2800
742 972
3909 4012
2067 3674
1804 2609
2712 3117
437 2545
939 3702
910 2423
513 2145
30 2527
251 1321
544 2757
2500 3478
1124 2773
140 2238
748 3793
639 1577
3227 3575
1510 3372
71 2880
314 2277
1817 3487
1311 2577
137 543
1090 3900
625 2395
860 4009
1507 1619
784 2398
454 2544
733 3877
2427 2874
2352 3649
1932 2658
2144 2946
50 1417
765 3376
1107 1925
1396 3981
1273 3377
2540 3484
457 1860
1015 1507
1451 2293
325 3406
2246 2577
332 3961
2783 3746
1326 1627
1982 3861
571 1080
1929 3009
909 2390
102 3811
444 2419
2233 3307
427 1781
1357 2867
2195 3610
280 3206
2283 2679
1233 1995
1213 3568
932 2485
1623 2279
2221 3315
1492 3547
1940 2409
2893 3679
2723 2872
1743 2483
1425 3340
1016 2140
1298 3299
358 610
79 688
1420 2552
2710 3459
1656 2069
1991 3697
232 2987
799 3623
1787 2476
1071 3587
795 3563
1408 1899
314 2778
294 3109
3887 4019
1067 2317
2454 3669
318 2825
1284 1697
1145 2197
961 1655
1030 3311
1181 3576
1699 2424
1070 1408
379 477
315 4038
3697 3736
658 2418
2110 3150
2507 3303
192 3136
400 1182
897 2623
560 3444
2102 2874
339 753
1474 3998
49 1332
1174 1196
1152 2190
1284 2684
421 2359
735 1883
1304 1551
2220 3883
161 3969
2854 2970
420 1914
4032 4033
644 1835
1002 4019
647 739
1360 1520
1682 2446
259 2644
2747 3497
2582 3269
2019 3201
185 1932
54 2887
899 3271
229 1398
887 2076
1510 3345
1589 2642
2849 3972
375 2831
1732 2086
602 3938
1060 2174
1430 2027
311 1983
81 3770
2239 3200
1486 1543
1229 3136
608 1300
692 3922
2871 3950
558 3769
3792 3977
1301 3542
1754 2374
2345 3135
443 3355
1184 1238
3058 3075
34 2958
19 326
1003 1968
2094 3859
219 2735
983 3055
1624 3157
1435 3652
1316 3079
418 1545
1304 2548
1882 2329
1469 1698
181 1930
1288 1787
3357 3860
2752 3788
71 85
1727 3368
424 661
943 1138
64 3069
189 3127
715 1530
901 2966
284 3514
791 1927
1611 3737
892 2911
1570 3302
1207 1252
294 2553
359 2818
77 1298
1227 1355
2535 3802
183 1000
1873 2701
2628 3975
2300 2986
317 2026
730 4026
1125 3121
49 3444
186 376
1095 1935
686 1607
259 1273
504 3706
2276 3898
998 3332
521 2640
708 993
553 3994
1364 2568
1376 2162
132 312
1729 3046
884 1428
1892 3269
1105 1682
328 2092
1078 2224
222 2517
2401 3800
1146 1162
193 2460
1449 2844
443 1219
1241 1977
1826 2366
51 1177
1585 3772
1198 3028
1228 2932
262 3344
1660 2325
823 980
1674 2296
1807 2578
1173 1827
477 3001
1265 2600
235 3246
2764 3170
1490 1884
2079 2428
1419 3101
882 3669
380 1117
1478 3383
2567 3833
2529 3022
1721 3310
2255 3277
16 773
765 3807
12 3648
1367 3837
3803 3975
1438 2867
1821 3283
306 2571
162 3675
3224 3310
1599 3776
14 3170
1584 2074
406 2854
1038 3758
895 2192
901 1990
2852 3131
1183 1747
1354 2766
953 3476
1417 1624
453 2892
2269 2493
3142 3176
3725 3962
1427 3177
946 1044
1479 1914
2237 2867
845 3620
352 511
2730 3534
463 2541
1049 1418
1131 1692
797 3548
837 1960
1947 3807
297 3493
481 2601
2589 3254
2021 3224
2941 3028
984 1717
2682 2836
449 1603
483 3245
0 1468
503 3421
1771 2891
1914 3722
944 1573
1831 2662
2384 2806
1613 2448
1011 1442
1857 3191
1129 1513
3694 3882
1722 4012
513 3480
717 3696
61 588
139 614
516 993
1089 3176
398 976
235 2226
2143 2762
3335 3933
939 3511
2614 3689
928 2002
894 1459
1895 3056
1185 1733
2908 3817
1288 2592
540 3860
1199 2266
775 1318
448 2656
1091 3692
760 1906
201 2618
1444 2817
775 3793
695 741
785 3387
579 3451
632 2611
552 3696
1346 4006
3449 3846
280 3148
1505 3936
2252 3022
1944 3589
1837 3309
973 2497
2633 3758
1354 2465
2877 3869
86 3376
1079 2645
513 2795
988 3405
2333 3378
328 3441
341 987
1046 3017
721 1096
1031 2860
1366 2392
1356 3862
1693 3318
402 737
3434 3735
458 2953
3135 3950
1051 2839
296 462
1379 2465
1142 2231
1027 3845
2298 3071
126 605
1302 1593
3507 3766
1501 2773
814 992
2352 3803
128 353
1310 1907
1100 2984
1828 3559
1363 1859
54 444
601 3150
3241 3488
145 2666
9 598
767 1186
3088 3962
640 1004
777 2133
293 3221
1453 1846
1678 2587
1465 1973
633 981
2103 3826
38 3339
1389 3045
2857 3473
2035 3600
2249 3124
2933 3123
2719 3653
1774 4021
1790 2593
2720 3486
2830 3003
860 3903
442 1729
1802 3188
1338 2276
807 1809
1255 3345
2719 2884
535 3996
1388 2921
976 1848
44 425
3620 3936
2386 3542
1179 1866
767 914
960 2559
950 1267
1481 3910
1362 3039
383 2622
118 362
767 2839
1643 3543
1258 3112
474 3527
16 960
475 2973
1614 2063
298 3736
1025 1405
1867 2397
243 3943
1963 3495
2467 3153
221 2129
1242 3060
1357 2529
3030 3863
26 502
319 1179
892 2899
2869 3197
19 2009
229 2159
2956 3594
3051 3875
1352 1892
1146 2605
663 2206
14 2929
179 2140
105 1255
149 1312
2029 2653
1483 2845
250 3438
1704 3338
1762 1773
746 3980
257 1944
745 3450
2419 3537
130 2686
562 600
696 1142
3163 3296
1746 3834
1033 3105
1784 3754
1156 3627
1029 3846
688 1984
2401 3109
1998 2692
268 562
1024 2626
2539 3990
3434 3785
1352 2014
2495 4022
1235 3445
549 3635
2025 2375
688 3099
549 2451
2119 3466
564 2069
821 1325
2517 3647
3830 3953
1491 3179
3119 3389
447 3026
1825 3556
907 3529
1111 1624
49 3254
838 3922
1486 1682
1548 1707
420 3818
2440 3991
597 1269
2137 2435
1354 2084
3428 3454
871 2142
1167 2325
1306 3729
2629 3150
362 3397
1575 3368
2583 2646
1770 3808
744 3255
603 1597
466 3213
1343 2880
158 1120
553 2638
3400 3975
1276 2168
1110 3113
427 2166
1975 3691
1075 3381
2093 3304
1220 1342
1326 1621
3162 3570
1916 3570
2929 3449
1590 2601
3337 3987
1783 3894
561 852
2287 2379
1046 4032
1607 3506
2312 2595
593 2611
667 879
822 1948
1758 2751
2294 3250
648 1306
781 2296
3431 3710
401 3798
1606 2083
634 1674
586 3038
794 3135
412 1945
724 2928
2100 2434
1867 3540
1761 2946
16 193
3274 3726
1626 3692
1463 2727
263 2686
2229 2384
206 3192
2360 3763
438 2332
1828 2792
501 1350
142 321
2058 2869
796 3366
805 3870
2948 3891
855 1144
2146 2782
2202 3950
2710 3077
2480 3805
1895 3996
932 2769
1766 1893
386 776
807 3759
24 1918
1479 2820
8 1671
2039 3332
1142 2363
476 2004
393 2869
1604 2471
1218 1894
665 3517
1657 2690
575 1706
2619 3506
1689 3013
956 2853
1230 3455
758 2998
2128 4001
462 2634
2044 2746
1318 2607
3364 3720
39 1053
1537 3408
1641 2318
1411 2844
2586 3529
3850 3865
858 2379
1101 3877
1834 3484
2388 3998
1138 2038
2442 3703
1720 3571
1240 2843
851 2010
2618 3509
91 3686
230 487
189 1187
1106 1435
1143 3128
3400 4035
2296 3566
858 1377
1589 3544
31 1836
1543 2067
2981 3174
493 674
1258 2927
1177 1402
343 3696
850 3845
1453 2796
1535 2221
1918 2908
2519 3277
1511 2934
942 3015
118 2093
1882 2987
589 945
3182 3775
375 692
250 371
1186 1703
124 3501
2469 4037
739 2968
2519 3811
1716 3116
1696 2278
912 1589
2661 3003
1766 3399
2263 3006
375 902
1886 3567
1201 4009
538 882
543 1153
