93 307
503 652
177 228
8 647
147 574
448 1097
219 465
27 999
207 216
52 80
461 1207
15 103
132 895
160 317
445 1075
144 564
169 234
289 621
501 514
160 334
65 345
782 1011
310 849
121 208
303 498
59 158
77 331
459 539
16 52
125 208
45 588
453 654
28 542
504 538
546 562
395 1212
7 89
303 567
6 821
389 1131
7 900
130 137
160 177
123 875
72 275
85 167
8 169
443 568
471 473
56 160
797 949
467 808
596 842
544 878
589 829
614 1002
430 1034
513 844
19 591
47 220
661 748
172 389
104 453
860 864
927 1196
121 279
477 602
222 421
391 413
167 445
563 691
152 745
116 1121
412 851
602 672
315 403
758 1221
216 277
61 1071
563 875
137 223
388 671
908 917
563 654
516 1063
162 820
70 1029
27 92
334 660
131 227
801 1006
595 601
157 1216
526 1210
590 954
719 1193
1035 1036
873 1066
48 1107
181 1218
