93 307
503 652
177 228
8 647
147 574
448 1097
219 465
27 999
207 216
52 80
461 1207
15 103
132 895
160 317
445 1075
144 564
169 234
289 621
501 514
160 334
65 345
782 1011
310 849
121 208
303 498
59 158
77 331
459 539
16 52
125 208
45 588
453 654
28 542
504 538
546 562
395 1212
7 89
303 567
6 821
389 1131
7 900
130 137
160 177
123 875
72 275
85 167
8 169
443 568
471 473
56 160
281 542
40 733
280 538
297 1197
18 46
13 172
52 274
129 539
150 582
134 160
19 236
278 354
57 110
58 85
11 185
562 703
88 331
213 499
34 693
12 141
13 86
93 762
11 844
30 389
118 467
284 514
35 121
451 626
39 502
232 239
395 577
96 733
40 1221
5 451
1170 1171
653 655
82 189
282 542
208 246
59 105
30 483
440 654
504 527
38 1207
360 694
48 99
287 652
38 251
23 132
38 40
58 229
449 542
37 833
160 197
700 761
39 596
44 172
141 148
288 557
38 454
27 793
59 77
123 746
5 246
23 46
144 746
39 356
474 741
300 301
182 800
165 425
47 55
360 653
476 1213
97 500
144 876
93 531
275 345
20 672
95 314
290 900
204 382
34 1217
20 1088
56 207
386 438
15 131
69 176
507 572
31 577
277 831
13 131
26 811
29 458
66 297
559 931
30 454
652 908
5 689
299 1166
228 383
303 600
96 304
6 552
280 539
26 737
539 694
23 78
53 78
48 218
651 698
46 110
159 183
11 395
397 1158
26 476
252 870
25 931
6 85
123 453
303 504
303 731
442 1131
80 238
3 52
626 1156
11 637
22 920
35 1019
1 22
128 631
289 502
539 542
1 101
11 201
46 91
15 172
33 720
184 269
146 766
8 49
155 175
5 646
303 674
119 1197
127 376
30 447
80 525
241 539
527 670
38 562
26 514
27 570
526 689
61 175
61 618
34 502
99 203
127 334
12 392
397 445
159 162
396 630
303 509
11 608
653 812
325 392
45 639
54 76
297 450
117 453
47 103
405 449
122 273
229 470
174 188
17 55
270 334
65 165
164 175
237 520
49 86
149 355
66 315
15 1046
8 990
405 842
41 394
2 147
76 331
25 1131
471 622
13 110
11 340
970 1156
31 522
439 472
208 281
13 128
334 972
381 450
32 67
121 539
477 660
15 403
147 449
438 1036
27 701
119 689
87 293
303 439
105 618
396 685
569 766
501 910
27 1207
92 210
18 162
360 448
49 82
127 242
20 121
596 692
144 196
297 397
24 30
168 574
83 159
211 451
19 53
205 216
185 286
227 306
215 224
70 92
29 375
598 657
11 166
11 987
74 205
394 930
5 115
61 609
61 637
572 679
27 157
119 1079
134 242
539 550
76 160
562 874
213 930
564 670
51 222
387 396
4 11
39 652
23 64
202 909
60 918
251 812
245 529
33 252
148 345
46 65
13 857
162 434
149 391
205 342
117 396
27 1165
0 166
134 188
66 123
118 179
72 114
211 649
154 979
35 469
970 1131
127 542
127 175
43 160
35 1075
15 960
246 679
717 747
162 320
121 438
144 184
20 506
620 621
117 599
159 160
105 915
857 974
61 1056
88 203
554 659
66 137
68 90
196 203
15 233
159 200
62 159
123 574
155 193
122 486
0 12
110 376
4 266
108 188
144 451
118 1178
49 242
49 111
34 539
287 512
6 78
63 423
121 572
395 969
56 167
245 569
156 407
277 649
66 1131
60 619
274 1216
386 1096
468 653
443 623
202 653
448 478
165 403
462 653
562 883
31 687
69 173
51 109
10 13
17 21
26 70
463 1082
468 649
43 99
440 542
453 454
24 205
34 251
72 185
14 314
335 869
97 541
651 681
30 484
445 569
33 447
48 228
45 94
148 1131
13 226
118 1164
122 1158
32 930
32 918
74 296
63 165
28 846
246 831
905 974
25 795
37 1009
183 249
129 474
31 647
158 200
7 283
144 599
468 910
303 753
461 1081
134 210
443 838
658 660
441 564
253 439
169 229
281 655
29 573
19 82
27 633
445 649
277 979
528 689
291 297
440 828
149 586
694 699
12 889
503 879
5 566
30 475
2 30
69 230
13 234
15 105
253 626
203 299
212 655
197 216
132 391
145 453
54 68
126 358
154 426
33 488
699 730
149 444
86 201
478 528
45 54
6 472
7 131
73 290
873 879
15 72
440 578
128 238
16 24
20 289
397 448
39 485
27 637
30 485
129 909
27 1212
249 251
103 210
557 952
11 160
11 115
127 131
126 143
64 1168
27 1187
505 528
7 242
227 424
360 1199
797 949
467 808
596 842
544 878
589 829
614 1002
430 1034
513 844
19 591
47 220
661 748
172 389
104 453
860 864
927 1196
121 279
477 602
222 421
391 413
167 445
563 691
152 745
116 1121
412 851
602 672
315 403
758 1221
216 277
61 1071
563 875
137 223
388 671
908 917
563 654
516 1063
162 820
70 1029
27 92
334 660
131 227
801 1006
595 601
157 1216
526 1210
590 954
719 1193
1035 1036
873 1066
48 1107
181 1218
145 228
375 981
166 728
293 999
512 1159
27 416
256 792
34 1161
440 963
137 1192
688 1127
940 949
550 572
835 1186
143 526
321 495
1057 1157
580 586
284 406
240 741
406 880
61 523
407 1031
1164 1203
616 843
957 1191
152 1158
270 708
563 569
502 987
891 929
973 1158
337 1029
1145 1152
71 659
796 1114
380 1081
449 1048
119 320
733 924
133 319
392 698
318 1178
616 978
315 1032
628 654
6 339
675 768
155 382
276 1119
43 1144
601 1114
116 143
753 1052
537 1125
195 1120
882 984
47 928
140 628
464 604
484 538
53 1149
683 1159
322 410
300 505
529 894
175 1086
359 1157
671 1073
187 796
286 652
308 788
1069 1194
1092 1094
579 989
869 1106
621 900
182 688
184 1062
62 985
132 864
850 1221
214 854
234 594
360 568
820 863
260 777
657 1217
50 700
632 686
399 493
836 985
207 910
618 1143
626 1049
516 1203
732 1068
1060 1140
298 898
605 1088
561 1083
373 804
195 1014
17 522
483 751
77 819
799 1099
61 1067
25 602
385 507
444 1062
885 935
260 1057
287 1169
442 629
827 1021
125 205
132 500
23 280
884 1152
91 1111
415 480
563 603
493 663
164 770
223 1003
568 730
16 933
237 299
236 244
1050 1085
863 1052
443 585
55 325
430 762
437 463
631 1034
1019 1124
81 766
1172 1214
283 1011
299 328
84 136
70 489
362 1032
773 985
146 443
210 853
108 1208
673 791
301 730
1006 1069
624 750
670 1218
10 563
99 255
339 585
288 545
568 580
86 986
166 588
0 533
818 1152
561 1147
556 573
754 971
408 1180
76 549
38 1040
72 402
65 312
178 480
163 891
1028 1079
369 1196
482 1091
505 732
640 1007
16 443
547 931
152 156
227 644
365 1048
416 546
150 880
180 1147
323 425
191 243
240 361
21 938
179 221
340 699
1135 1151
912 1084
407 436
160 1111
422 635
623 746
298 494
434 1000
99 607
12 894
720 1086
100 1099
756 883
63 779
425 440
157 431
5 501
159 829
1003 1019
329 1189
441 924
36 90
249 850
114 381
417 1212
199 528
132 1012
382 484
79 275
8 796
572 1027
455 1061
602 773
466 710
367 526
695 846
435 1105
198 439
204 285
772 1217
621 1110
425 680
328 746
71 565
275 569
850 1207
917 1220
165 1075
252 912
93 241
482 1153
587 921
21 887
164 244
995 1004
606 793
129 1009
532 1076
739 1063
151 636
67 885
336 1006
1018 1116
884 1091
925 1074
254 1125
477 964
474 1110
663 1026
19 226
100 509
305 1077
533 1127
709 1195
105 815
395 1162
196 611
259 1103
268 742
36 168
821 969
164 302
80 968
139 987
143 865
768 1022
567 839
355 547
179 1160
484 1122
751 1024
407 1203
353 572
852 1104
446 737
915 964
882 1069
759 1013
262 481
35 994
514 719
135 1063
241 608
441 834
543 1048
336 356
172 515
499 959
700 1035
265 472
299 580
1067 1077
159 719
32 1182
1079 1199
883 1036
676 898
369 855
287 1027
265 1186
452 910
1055 1181
367 935
37 733
758 997
626 1176
354 454
609 913
1036 1118
292 699
670 878
318 339
613 723
402 1022
186 291
323 673
176 305
630 1040
285 1116
440 946
130 1215
262 752
531 905
270 577
670 911
520 1002
251 448
555 1096
123 939
764 1141
172 870
41 621
620 768
664 1215
29 928
516 999
895 1206
469 995
97 434
145 632
417 986
915 1067
243 733
361 985
112 1084
25 68
30 74
972 1195
278 792
285 677
1013 1063
319 596
791 955
61 768
63 892
859 1116
699 1179
297 716
257 1181
620 927
885 984
949 1004
83 460
255 388
175 709
1045 1047
521 583
324 684
554 976
492 1181
425 844
387 1169
385 1004
510 751
939 1155
533 1192
737 1051
80 206
1078 1082
520 1037
713 1108
297 414
27 164
858 1039
170 289
495 1201
119 1129
121 308
232 288
746 876
165 1211
625 1180
136 416
140 497
249 1064
412 825
1109 1198
140 773
248 481
256 540
252 931
541 681
136 288
114 894
184 708
819 973
355 397
171 539
512 776
330 538
186 457
22 109
734 1072
839 1114
363 1072
161 190
27 322
784 822
706 1208
41 63
757 829
828 1161
469 609
570 672
426 809
507 1193
533 918
217 948
271 431
358 615
164 420
273 829
901 1105
171 984
697 735
233 626
134 600
249 1152
