797 949
467 808
596 842
544 878
589 829
614 1002
430 1034
513 844
19 591
47 220
661 748
172 389
104 453
860 864
927 1196
121 279
477 602
222 421
391 413
167 445
563 691
152 745
116 1121
412 851
602 672
315 403
758 1221
216 277
61 1071
563 875
137 223
388 671
908 917
563 654
516 1063
162 820
70 1029
27 92
334 660
131 227
801 1006
595 601
157 1216
526 1210
590 954
719 1193
1035 1036
873 1066
48 1107
181 1218
145 228
375 981
166 728
293 999
512 1159
27 416
256 792
34 1161
440 963
137 1192
688 1127
940 949
550 572
835 1186
143 526
321 495
1057 1157
580 586
284 406
240 741
406 880
61 523
407 1031
1164 1203
616 843
957 1191
152 1158
270 708
563 569
502 987
891 929
973 1158
337 1029
1145 1152
71 659
796 1114
380 1081
449 1048
119 320
733 924
133 319
392 698
318 1178
616 978
315 1032
628 654
6 339
675 768
155 382
276 1119
43 1144
601 1114
116 143
753 1052
537 1125
195 1120
882 984
47 928
140 628
464 604
484 538
53 1149
683 1159
322 410
300 505
529 894
175 1086
359 1157
671 1073
187 796
286 652
308 788
1069 1194
1092 1094
579 989
869 1106
621 900
182 688
184 1062
62 985
132 864
850 1221
214 854
234 594
360 568
820 863
260 777
657 1217
50 700
632 686
399 493
836 985
207 910
618 1143
626 1049
516 1203
732 1068
1060 1140
298 898
605 1088
561 1083
373 804
195 1014
17 522
483 751
77 819
799 1099
61 1067
25 602
385 507
444 1062
885 935
260 1057
287 1169
442 629
827 1021
125 205
132 500
23 280
884 1152
91 1111
415 480
563 603
493 663
164 770
223 1003
568 730
16 933
237 299
236 244
1050 1085
863 1052
443 585
55 325
430 762
437 463
631 1034
1019 1124
81 766
1172 1214
283 1011
299 328
84 136
70 489
362 1032
773 985
146 443
210 853
108 1208
673 791
301 730
1006 1069
624 750
670 1218
10 563
99 255
339 585
288 545
568 580
86 986
166 588
0 533
818 1152
561 1147
556 573
754 971
408 1180
76 549
38 1040
72 402
65 312
178 480
163 891
1028 1079
369 1196
482 1091
505 732
640 1007
16 443
547 931
152 156
227 644
365 1048
416 546
150 880
180 1147
323 425
191 243
240 361
21 938
179 221
340 699
1135 1151
912 1084
407 436
160 1111
422 635
623 746
298 494
434 1000
