797 949
467 808
596 842
544 878
589 829
614 1002
430 1034
513 844
19 591
47 220
661 748
172 389
104 453
860 864
927 1196
121 279
477 602
222 421
391 413
167 445
563 691
152 745
116 1121
412 851
602 672
315 403
758 1221
216 277
61 1071
563 875
137 223
388 671
908 917
563 654
516 1063
162 820
70 1029
27 92
334 660
131 227
801 1006
595 601
157 1216
526 1210
590 954
719 1193
1035 1036
873 1066
48 1107
181 1218
145 228
375 981
166 728
293 999
512 1159
27 416
256 792
34 1161
440 963
137 1192
688 1127
940 949
550 572
835 1186
143 526
321 495
1057 1157
580 586
284 406
240 741
406 880
61 523
407 1031
1164 1203
616 843
957 1191
152 1158
270 708
563 569
502 987
891 929
973 1158
337 1029
1145 1152
71 659
796 1114
380 1081
449 1048
119 320
733 924
133 319
392 698
318 1178
616 978
315 1032
628 654
6 339
675 768
155 382
276 1119
43 1144
601 1114
116 143
753 1052
537 1125
195 1120
882 984
47 928
140 628
464 604
484 538
53 1149
683 1159
322 410
300 505
529 894
175 1086
359 1157
671 1073
187 796
286 652
308 788
1069 1194
1092 1094
579 989
869 1106
621 900
182 688
184 1062
62 985
132 864
850 1221
214 854
234 594
360 568
820 863
260 777
657 1217
50 700
632 686
399 493
836 985
207 910
618 1143
626 1049
516 1203
732 1068
1060 1140
298 898
605 1088
561 1083
373 804
195 1014
17 522
483 751
77 819
799 1099
61 1067
25 602
385 507
444 1062
885 935
260 1057
287 1169
442 629
827 1021
125 205
132 500
23 280
884 1152
91 1111
415 480
563 603
493 663
164 770
223 1003
568 730
16 933
237 299
236 244
1050 1085
863 1052
443 585
55 325
430 762
437 463
631 1034
1019 1124
81 766
1172 1214
283 1011
299 328
84 136
70 489
362 1032
773 985
146 443
210 853
108 1208
673 791
301 730
1006 1069
624 750
670 1218
10 563
99 255
339 585
288 545
568 580
86 986
166 588
0 533
818 1152
561 1147
556 573
754 971
408 1180
76 549
38 1040
72 402
65 312
178 480
163 891
1028 1079
369 1196
482 1091
505 732
640 1007
16 443
547 931
152 156
227 644
365 1048
416 546
150 880
180 1147
323 425
191 243
240 361
21 938
179 221
340 699
1135 1151
912 1084
407 436
160 1111
422 635
623 746
298 494
434 1000
99 607
12 894
720 1086
100 1099
756 883
63 779
425 440
157 431
5 501
159 829
1003 1019
329 1189
441 924
36 90
249 850
114 381
417 1212
199 528
132 1012
382 484
79 275
8 796
572 1027
455 1061
602 773
466 710
367 526
695 846
435 1105
198 439
204 285
772 1217
621 1110
425 680
328 746
71 565
275 569
850 1207
917 1220
165 1075
252 912
93 241
482 1153
587 921
21 887
164 244
995 1004
606 793
129 1009
532 1076
739 1063
151 636
67 885
336 1006
1018 1116
884 1091
925 1074
254 1125
477 964
474 1110
663 1026
19 226
100 509
305 1077
533 1127
709 1195
105 815
395 1162
196 611
259 1103
268 742
36 168
821 969
164 302
80 968
139 987
143 865
768 1022
567 839
355 547
179 1160
484 1122
751 1024
407 1203
353 572
852 1104
446 737
915 964
882 1069
759 1013
262 481
35 994
514 719
135 1063
241 608
441 834
543 1048
336 356
172 515
499 959
700 1035
265 472
299 580
1067 1077
159 719
32 1182
1079 1199
883 1036
676 898
369 855
287 1027
265 1186
452 910
1055 1181
367 935
37 733
758 997
626 1176
354 454
609 913
1036 1118
292 699
670 878
318 339
613 723
402 1022
186 291
323 673
176 305
630 1040
285 1116
440 946
130 1215
262 752
531 905
270 577
670 911
520 1002
251 448
555 1096
123 939
764 1141
172 870
41 621
620 768
664 1215
29 928
516 999
895 1206
469 995
97 434
145 632
417 986
915 1067
243 733
361 985
112 1084
25 68
30 74
972 1195
278 792
285 677
1013 1063
319 596
791 955
61 768
63 892
859 1116
699 1179
297 716
257 1181
620 927
885 984
949 1004
83 460
255 388
175 709
1045 1047
521 583
324 684
554 976
492 1181
425 844
387 1169
385 1004
510 751
939 1155
533 1192
737 1051
80 206
1078 1082
520 1037
713 1108
297 414
27 164
858 1039
170 289
495 1201
119 1129
121 308
232 288
746 876
165 1211
625 1180
136 416
140 497
249 1064
412 825
1109 1198
140 773
248 481
256 540
252 931
541 681
136 288
114 894
184 708
819 973
355 397
171 539
512 776
330 538
186 457
22 109
734 1072
839 1114
363 1072
161 190
27 322
784 822
706 1208
41 63
757 829
828 1161
469 609
570 672
426 809
507 1193
533 918
217 948
271 431
358 615
164 420
273 829
901 1105
171 984
697 735
233 626
134 600
249 1152
