797 949
467 808
596 842
544 878
589 829
614 1002
430 1034
513 844
19 591
47 220
661 748
172 389
104 453
860 864
927 1196
121 279
477 602
222 421
391 413
167 445
563 691
152 745
116 1121
412 851
602 672
315 403
758 1221
216 277
61 1071
563 875
137 223
388 671
908 917
563 654
516 1063
162 820
70 1029
27 92
334 660
131 227
801 1006
595 601
157 1216
526 1210
590 954
719 1193
1035 1036
873 1066
48 1107
181 1218
145 228
375 981
166 728
293 999
512 1159
27 416
256 792
34 1161
440 963
137 1192
688 1127
940 949
550 572
835 1186
143 526
321 495
1057 1157
580 586
284 406
240 741
406 880
61 523
407 1031
1164 1203
616 843
957 1191
152 1158
270 708
563 569
502 987
891 929
973 1158
337 1029
1145 1152
71 659
796 1114
380 1081
449 1048
119 320
733 924
133 319
392 698
318 1178
616 978
315 1032
628 654
6 339
675 768
155 382
276 1119
43 1144
601 1114
116 143
753 1052
537 1125
195 1120
882 984
47 928
140 628
464 604
484 538
53 1149
683 1159
322 410
300 505
529 894
175 1086
359 1157
671 1073
187 796
286 652
308 788
1069 1194
1092 1094
579 989
869 1106
621 900
182 688
184 1062
62 985
132 864
850 1221
214 854
234 594
360 568
820 863
260 777
657 1217
50 700
632 686
399 493
836 985
207 910
618 1143
626 1049
516 1203
732 1068
1060 1140
298 898
605 1088
561 1083
373 804
195 1014
17 522
483 751
77 819
799 1099
61 1067
25 602
385 507
444 1062
885 935
260 1057
287 1169
442 629
827 1021
125 205
132 500
23 280
884 1152
91 1111
415 480
563 603
493 663
164 770
223 1003
568 730
16 933
237 299
236 244
1050 1085
863 1052
443 585
55 325
430 762
437 463
631 1034
1019 1124
81 766
1172 1214
283 1011
299 328
84 136
70 489
362 1032
773 985
146 443
210 853
108 1208
673 791
301 730
1006 1069
624 750
670 1218
10 563
99 255
339 585
288 545
568 580
86 986
166 588
0 533
818 1152
561 1147
556 573
754 971
408 1180
76 549
38 1040
72 402
65 312
178 480
163 891
1028 1079
369 1196
482 1091
505 732
640 1007
16 443
547 931
152 156
227 644
365 1048
416 546
150 880
180 1147
323 425
191 243
240 361
21 938
179 221
340 699
1135 1151
912 1084
407 436
160 1111
422 635
623 746
298 494
434 1000
99 607
12 894
720 1086
100 1099
756 883
63 779
425 440
157 431
5 501
159 829
1003 1019
329 1189
441 924
36 90
249 850
114 381
417 1212
199 528
132 1012
382 484
79 275
8 796
572 1027
455 1061
602 773
466 710
367 526
695 846
435 1105
198 439
204 285
772 1217
621 1110
425 680
328 746
71 565
275 569
850 1207
917 1220
165 1075
252 912
93 241
482 1153
587 921
21 887
164 244
995 1004
606 793
129 1009
532 1076
739 1063
151 636
67 885
336 1006
1018 1116
884 1091
925 1074
254 1125
477 964
474 1110
663 1026
19 226
100 509
305 1077
533 1127
709 1195
105 815
395 1162
196 611
259 1103
268 742
36 168
821 969
164 302
80 968
139 987
143 865
768 1022
567 839
355 547
179 1160
484 1122
751 1024
407 1203
353 572
852 1104
446 737
915 964
882 1069
759 1013
262 481
35 994
514 719
135 1063
241 608
441 834
543 1048
336 356
172 515
499 959
700 1035
265 472
299 580
1067 1077
159 719
32 1182
1079 1199
883 1036
676 898
369 855
287 1027
265 1186
452 910
1055 1181
367 935
37 733
758 997
626 1176
354 454
609 913
1036 1118
292 699
670 878
318 339
613 723
402 1022
186 291
323 673
176 305
630 1040
285 1116
440 946
130 1215
262 752
531 905
270 577
670 911
520 1002
251 448
555 1096
123 939
764 1141
172 870
41 621
620 768
664 1215
29 928
516 999
895 1206
469 995
97 434
145 632
417 986
915 1067
243 733
361 985
112 1084
25 68
30 74
972 1195
278 792
285 677
1013 1063
319 596
791 955
61 768
63 892
859 1116
699 1179
297 716
257 1181
620 927
885 984
949 1004
83 460
255 388
175 709
1045 1047
521 583
324 684
554 976
492 1181
425 844
387 1169
385 1004
510 751
939 1155
533 1192
737 1051
80 206
1078 1082
520 1037
713 1108
297 414
27 164
858 1039
170 289
495 1201
119 1129
121 308
232 288
746 876
165 1211
625 1180
136 416
140 497
249 1064
412 825
1109 1198
140 773
248 481
256 540
252 931
541 681
136 288
114 894
184 708
819 973
355 397
171 539
512 776
330 538
186 457
22 109
734 1072
839 1114
363 1072
161 190
27 322
784 822
706 1208
41 63
757 829
828 1161
469 609
570 672
426 809
507 1193
533 918
217 948
271 431
358 615
164 420
273 829
901 1105
171 984
697 735
233 626
134 600
249 1152
24 956
224 512
245 878
644 998
48 932
120 909
622 1134
66 1001
19 1212
466 511
1076 1106
339 976
1 1065
81 1078
348 559
37 349
389 744
834 1042
556 966
810 1075
263 1163
372 884
75 995
387 605
326 604
803 1175
560 686
312 418
269 310
907 1017
356 837
911 1136
506 667
570 1218
839 1111
37 186
285 888
209 970
623 1138
435 923
605 885
851 1086
18 940
514 659
141 340
868 1051
105 1128
13 118
432 674
23 637
172 988
797 993
83 89
362 369
813 1090
410 501
587 1215
286 1037
259 769
249 411
975 1221
23 944
352 632
2 409
321 1011
143 1133
122 1125
265 332
429 1102
311 423
210 367
728 903
627 697
473 739
1048 1129
377 465
373 860
465 539
32 507
277 899
225 1000
254 859
9 238
677 914
197 852
491 787
1082 1128
503 1203
395 401
599 870
130 853
260 413
591 963
539 919
432 886
171 1146
224 1218
57 1204
833 879
514 1033
190 407
402 687
59 355
494 763
84 495
328 809
86 488
722 974
550 1033
263 900
299 1033
780 843
236 449
528 970
41 506
20 360
474 1148
223 759
536 885
348 351
520 734
475 547
29 678
611 1080
49 422
81 1086
835 1074
226 931
271 932
59 1218
311 451
424 587
89 773
890 1194
79 444
269 339
547 1068
137 499
79 716
525 562
845 1200
13 493
502 678
340 447
569 796
252 601
1046 1198
705 1168
57 718
516 1060
296 1027
135 312
730 852
374 494
961 1077
541 583
222 357
764 1068
263 1198
237 687
468 635
494 941
126 169
815 1128
778 1076
1170 1180
146 492
842 1149
145 734
135 627
324 1013
247 690
531 607
122 1200
1063 1200
794 820
342 396
398 1159
992 1001
371 840
612 720
415 1043
121 998
326 522
174 985
799 1049
478 722
579 1092
111 649
90 909
229 715
600 765
798 997
37 972
64 636
411 834
833 1165
437 972
373 1072
322 1037
522 752
474 582
417 781
621 685
141 734
396 1153
409 1175
24 1089
637 985
242 534
36 1017
963 1178
292 703
96 264
137 1018
91 640
478 540
467 1066
65 933
105 1159
514 665
80 483
142 973
170 503
372 933
440 1125
843 1206
955 973
147 425
129 487
299 899
347 1048
820 1009
578 1070
699 1201
841 1044
210 391
695 1029
117 748
46 999
827 1192
87 1046
114 246
866 1168
820 879
952 990
283 723
804 880
386 682
931 1217
984 1189
9 736
625 1192
341 343
870 1120
41 547
328 897
563 672
279 399
267 1155
636 862
57 477
440 602
439 1191
556 1003
253 386
406 1031
123 691
221 242
361 781
342 601
516 1068
688 726
86 903
866 1081
185 241
1040 1201
90 803
862 986
301 1123
357 980
460 895
180 552
749 1193
351 1152
65 1012
661 1001
199 532
968 1210
694 914
474 516
83 258
439 1135
347 1133
860 1100
387 1130
421 436
766 1029
203 782
613 1098
446 578
33 1172
137 541
919 1052
180 379
311 321
278 633
15 1013
394 1010
185 702
438 513
818 879
433 629
201 1143
484 750
165 672
974 1140
100 534
609 815
893 974
819 960
330 442
917 1165
78 388
743 1171
16 534
343 1217
377 1168
393 507
60 464
451 778
1050 1180
908 985
19 1000
512 596
28 358
148 482
209 391
634 1054
337 1137
50 433
244 721
570 986
649 752
259 401
276 981
588 1041
25 912
485 719
661 765
792 971
148 337
358 405
490 521
199 807
872 1040
311 374
183 356
446 659
31 697
178 445
189 770
868 1064
34 619
227 649
774 834
733 1209
162 281
102 446
686 904
620 1121
130 1207
215 616
899 971
998 1217
560 853
440 854
852 905
768 990
455 916
633 647
812 1158
358 906
390 1001
175 829
813 1042
28 703
771 819
226 312
223 515
471 1187
211 333
580 921
168 1117
533 968
396 722
1098 1147
245 1025
6 450
635 841
511 846
462 483
49 282
530 1172
325 1181
178 336
344 633
834 884
530 1027
837 1087
338 755
121 848
980 1123
947 1064
169 580
572 908
561 944
40 1013
391 933
230 1167
588 973
408 714
305 1134
172 214
588 732
703 1182
53 1179
306 1214
153 620
169 853
204 481
1027 1032
531 720
569 610
602 634
375 838
823 1169
1037 1117
103 299
919 1123
172 1137
571 627
46 1190
449 997
868 949
422 1127
161 918
731 1020
691 1112
600 1100
115 585
190 1037
11 146
146 832
849 1168
238 268
625 901
242 813
508 1220
2 553
701 1150
231 339
621 1073
1002 1219
444 1186
55 819
186 1095
330 435
83 515
507 1128
81 156
226 234
467 780
496 877
95 920
455 1078
452 499
206 554
216 240
617 748
1 435
564 768
933 1205
275 387
175 1150
339 455
471 1195
605 988
622 1079
582 823
49 869
813 1097
61 458
122 1136
700 1153
216 1086
59 419
457 534
705 712
657 819
471 978
136 385
810 821
427 1026
590 1107
505 1169
229 888
605 727
9 986
818 1037
71 188
449 994
64 1013
56 748
486 1154
317 609
644 1065
8 568
450 1116
945 1021
177 1215
762 1201
566 989
127 488
143 318
922 1119
137 383
149 1118
944 1132
787 882
177 585
464 865
449 889
470 1164
694 701
602 699
621 1064
89 640
287 503
771 924
221 256
898 1108
1081 1111
769 1076
285 941
16 1206
525 764
757 1047
21 667
548 944
825 924
182 546
229 639
524 1159
912 982
253 340
554 611
150 374
254 1202
257 1116
273 810
898 1180
271 1138
457 719
308 860
643 797
52 600
644 1083
526 831
1064 1108
322 761
820 1141
710 1046
96 317
426 1096
238 1001
282 578
135 994
571 818
417 650
179 1133
452 488
452 622
638 647
571 1115
35 458
296 651
219 264
45 1076
182 219
897 1076
806 956
412 664
215 500
640 796
105 679
68 401
1013 1210
900 957
212 676
429 893
166 542
290 561
43 835
109 1182
338 383
46 461
187 827
391 401
70 1211
203 859
798 1085
368 382
287 879
1066 1171
144 414
144 744
449 836
851 983
473 644
357 543
735 1180
131 283
354 643
448 1092
66 569
931 1189
249 1180
160 744
467 986
63 893
815 1091
237 576
530 1134
578 851
904 1089
444 505
690 702
401 558
818 1185
321 433
87 1083
679 807
129 354
185 516
437 813
885 1090
92 515
158 479
256 1187
298 555
622 904
88 304
308 369
363 854
56 825
385 904
82 1070
58 613
7 431
1122 1168
163 642
2 859
492 1011
434 1002
122 517
543 797
30 754
188 315
483 1090
42 547
605 615
80 287
75 888
651 1150
595 996
365 908
731 873
254 378
465 785
577 1085
210 334
478 1061
858 919
342 1175
410 721
617 996
153 455
182 527
427 738
44 253
26 715
650 787
14 1073
442 886
568 644
737 806
843 1179
280 481
881 1107
378 1203
45 1098
706 781
182 1052
520 916
281 857
921 1035
424 475
519 1023
874 1056
236 285
834 1035
125 201
590 1009
1114 1132
380 981
194 1134
197 841
875 1103
225 1049
728 990
21 281
111 1067
976 1076
448 724
797 1208
235 421
1012 1174
730 1171
520 529
87 104
280 734
275 329
967 1189
1156 1220
129 260
605 936
132 428
6 302
1068 1148
31 598
500 1065
351 978
448 695
755 774
733 772
462 1114
389 1190
302 515
32 1033
38 840
247 342
78 1022
125 307
467 515
358 393
57 1007
268 976
190 297
664 1196
449 497
316 1144
219 393
216 630
116 1161
130 629
619 1173
531 598
175 697
637 1189
809 894
215 519
182 533
148 1146
181 634
402 487
363 805
1025 1038
39 343
1094 1183
74 219
487 975
376 771
279 485
598 1047
509 1024
847 873
998 1045
24 822
460 1135
137 721
355 449
223 705
164 824
240 939
473 716
411 675
521 758
579 589
200 723
581 1162
193 725
431 1071
52 294
61 744
894 924
551 684
306 658
430 864
472 730
804 967
1079 1173
1146 1189
376 980
960 1020
597 1097
1080 1162
472 669
101 293
295 662
1 500
359 776
98 566
101 367
457 1200
267 546
585 914
367 573
317 561
65 676
69 564
95 867
276 352
295 492
369 499
373 1051
898 1166
153 717
319 732
29 66
406 582
156 690
893 1202
604 889
149 537
112 823
788 960
445 1029
130 674
317 1037
25 1138
668 1034
572 1142
1149 1210
88 540
319 450
271 384
859 945
396 711
439 631
662 954
702 979
622 952
418 952
95 891
239 966
742 1101
290 395
551 673
497 706
127 883
692 1171
565 731
626 947
74 1145
222 871
166 512
161 223
215 622
481 531
193 1200
169 938
167 1144
280 901
1002 1170
145 411
542 1055
52 1126
43 633
248 977
134 661
299 305
1067 1121
430 1049
139 1181
390 1064
251 1095
386 819
458 1054
342 654
600 1219
919 1014
700 1195
7 1210
18 300
628 770
312 345
665 931
696 1024
58 722
31 421
394 624
316 1151
884 1155
393 1156
131 353
781 1034
553 1009
1021 1126
639 1197
593 714
784 1170
155 1099
504 730
198 602
312 475
459 738
292 877
444 747
364 790
90 999
12 1129
11 146
724 830
76 399
127 431
1133 1156
422 1212
837 1125
218 676
205 446
1068 1154
240 325
101 635
714 1190
392 779
830 916
233 269
85 413
892 905
740 1216
323 370
210 555
344 1188
641 1061
645 968
933 1146
568 882
579 649
609 617
141 918
122 523
441 510
282 528
862 990
255 871
416 858
33 970
291 957
359 423
315 470
119 286
367 1089
491 635
159 597
45 602
130 726
282 611
707 1039
225 1184
20 525
705 1100
111 324
472 572
10 796
448 698
383 1057
718 787
132 920
661 739
49 1163
299 1128
1149 1160
16 176
815 1005
214 1186
684 1099
656 899
837 925
1040 1080
565 701
30 199
409 665
129 1076
238 1126
608 652
511 729
42 811
447 1183
843 1156
648 748
859 994
152 194
857 1036
1063 1075
701 1213
244 321
93 311
179 1219
1126 1201
922 1032
83 664
597 711
755 1025
607 779
98 422
132 659
784 1195
233 874
762 1080
295 582
519 1043
471 794
63 951
185 794
310 1111
552 878
821 1136
1114 1204
19 322
531 932
707 1080
51 645
177 232
157 750
1072 1094
183 1097
484 608
547 1068
459 1181
253 532
206 1014
647 837
759 884
437 991
282 327
8 823
378 696
221 914
324 534
831 872
463 524
22 1012
80 944
132 988
77 683
275 884
139 292
69 682
145 924
1104 1191
433 517
160 716
548 1130
500 871
440 1142
290 1102
950 1056
386 530
138 593
445 1073
399 878
1084 1207
427 1054
84 570
744 985
162 482
2 199
439 570
149 776
625 1197
351 1153
49 811
312 852
152 356
414 867
95 914
677 1016
472 771
762 788
939 1041
780 831
701 1024
769 1025
495 1191
265 386
440 1181
672 1145
68 1011
69 138
375 967
335 398
91 456
26 968
196 486
79 666
5 1088
415 487
842 860
606 836
578 892
204 540
984 1109
115 665
32 1210
669 1192
571 1137
74 1087
52 1053
50 484
318 424
552 601
123 925
132 278
334 943
969 1066
33 293
830 1118
328 919
353 1154
390 985
42 826
258 1184
286 1094
90 374
939 947
155 1213
263 395
322 778
972 1008
1116 1177
56 1010
106 651
580 1087
712 960
96 207
810 1137
138 732
338 696
542 1153
286 971
1087 1118
666 999
436 641
124 162
849 1206
284 422
300 306
546 876
1194 1207
221 547
