93 307
503 652
177 228
8 647
147 574
448 1097
219 465
27 999
207 216
52 80
461 1207
15 103
132 895
160 317
445 1075
144 564
169 234
289 621
501 514
160 334
65 345
782 1011
310 849
121 208
303 498
59 158
77 331
459 539
16 52
125 208
45 588
453 654
28 542
504 538
546 562
395 1212
7 89
303 567
6 821
389 1131
7 900
130 137
160 177
123 875
72 275
85 167
8 169
443 568
471 473
56 160
281 542
40 733
280 538
297 1197
18 46
13 172
52 274
129 539
150 582
134 160
19 236
278 354
57 110
58 85
11 185
562 703
88 331
213 499
34 693
12 141
13 86
93 762
11 844
30 389
118 467
284 514
35 121
451 626
39 502
232 239
395 577
96 733
40 1221
5 451
1170 1171
653 655
82 189
282 542
208 246
59 105
30 483
440 654
504 527
38 1207
360 694
48 99
287 652
38 251
23 132
38 40
58 229
449 542
37 833
160 197
700 761
39 596
44 172
141 148
288 557
38 454
27 793
59 77
123 746
5 246
23 46
144 746
39 356
474 741
300 301
182 800
165 425
47 55
360 653
476 1213
97 500
144 876
93 531
275 345
20 672
95 314
290 900
204 382
34 1217
20 1088
56 207
386 438
15 131
69 176
507 572
31 577
277 831
13 131
26 811
29 458
66 297
559 931
30 454
652 908
5 689
299 1166
228 383
303 600
96 304
6 552
280 539
26 737
539 694
23 78
53 78
48 218
651 698
46 110
159 183
11 395
397 1158
26 476
252 870
25 931
6 85
123 453
303 504
303 731
442 1131
80 238
3 52
626 1156
11 637
22 920
35 1019
1 22
128 631
289 502
539 542
1 101
11 201
46 91
15 172
33 720
184 269
146 766
8 49
155 175
5 646
303 674
119 1197
127 376
30 447
80 525
241 539
527 670
38 562
26 514
27 570
526 689
61 175
61 618
34 502
99 203
127 334
12 392
397 445
159 162
396 630
303 509
11 608
653 812
325 392
45 639
54 76
297 450
117 453
47 103
405 449
122 273
229 470
174 188
17 55
270 334
65 165
164 175
237 520
49 86
149 355
66 315
15 1046
8 990
405 842
41 394
2 147
76 331
25 1131
471 622
13 110
11 340
970 1156
31 522
439 472
208 281
13 128
334 972
