93 307
503 652
177 228
8 647
147 574
448 1097
219 465
27 999
207 216
52 80
461 1207
15 103
132 895
160 317
445 1075
144 564
169 234
289 621
501 514
160 334
65 345
782 1011
310 849
121 208
303 498
59 158
77 331
459 539
16 52
125 208
45 588
453 654
28 542
504 538
546 562
395 1212
7 89
303 567
6 821
389 1131
7 900
130 137
160 177
123 875
72 275
85 167
8 169
443 568
471 473
56 160
281 542
40 733
280 538
297 1197
18 46
13 172
52 274
129 539
150 582
134 160
19 236
278 354
57 110
58 85
11 185
562 703
88 331
213 499
34 693
12 141
13 86
93 762
11 844
30 389
118 467
284 514
35 121
451 626
39 502
232 239
395 577
96 733
40 1221
5 451
1170 1171
653 655
82 189
282 542
208 246
59 105
30 483
440 654
504 527
38 1207
360 694
48 99
287 652
38 251
23 132
38 40
58 229
449 542
37 833
160 197
700 761
39 596
44 172
141 148
288 557
38 454
27 793
59 77
123 746
5 246
23 46
144 746
39 356
474 741
300 301
182 800
165 425
47 55
360 653
476 1213
97 500
144 876
93 531
275 345
20 672
95 314
290 900
204 382
34 1217
20 1088
56 207
386 438
15 131
69 176
507 572
31 577
277 831
13 131
26 811
29 458
66 297
559 931
30 454
652 908
5 689
299 1166
228 383
303 600
96 304
6 552
280 539
26 737
539 694
23 78
53 78
48 218
651 698
46 110
159 183
11 395
397 1158
26 476
252 870
25 931
6 85
123 453
303 504
303 731
442 1131
80 238
3 52
626 1156
11 637
22 920
35 1019
1 22
128 631
289 502
539 542
1 101
11 201
46 91
15 172
33 720
184 269
146 766
8 49
155 175
5 646
303 674
119 1197
127 376
30 447
80 525
241 539
527 670
38 562
26 514
27 570
526 689
61 175
61 618
34 502
99 203
127 334
12 392
397 445
159 162
396 630
303 509
11 608
653 812
325 392
45 639
54 76
297 450
117 453
47 103
405 449
122 273
229 470
174 188
17 55
270 334
65 165
164 175
237 520
49 86
149 355
66 315
15 1046
8 990
405 842
41 394
2 147
76 331
25 1131
471 622
13 110
11 340
970 1156
31 522
439 472
208 281
13 128
334 972
381 450
32 67
121 539
477 660
15 403
147 449
438 1036
27 701
119 689
87 293
303 439
105 618
396 685
569 766
501 910
27 1207
92 210
18 162
360 448
49 82
127 242
20 121
596 692
144 196
297 397
24 30
168 574
83 159
211 451
19 53
205 216
185 286
227 306
215 224
70 92
29 375
598 657
11 166
11 987
74 205
394 930
5 115
61 609
61 637
572 679
27 157
119 1079
134 242
539 550
76 160
562 874
213 930
564 670
51 222
387 396
4 11
39 652
23 64
202 909
60 918
251 812
245 529
33 252
148 345
46 65
13 857
162 434
149 391
205 342
117 396
27 1165
0 166
134 188
66 123
118 179
72 114
211 649
154 979
35 469
970 1131
127 542
127 175
43 160
35 1075
15 960
246 679
717 747
162 320
121 438
144 184
20 506
620 621
117 599
159 160
105 915
857 974
61 1056
88 203
554 659
66 137
68 90
196 203
15 233
159 200
62 159
123 574
155 193
122 486
0 12
110 376
4 266
108 188
144 451
118 1178
49 242
49 111
34 539
287 512
6 78
63 423
121 572
395 969
56 167
245 569
156 407
277 649
66 1131
60 619
274 1216
386 1096
468 653
443 623
202 653
448 478
165 403
462 653
562 883
31 687
69 173
51 109
10 13
17 21
26 70
463 1082
468 649
43 99
440 542
453 454
24 205
34 251
72 185
14 314
335 869
97 541
651 681
30 484
445 569
33 447
48 228
45 94
148 1131
13 226
118 1164
122 1158
32 930
32 918
74 296
63 165
28 846
246 831
905 974
25 795
37 1009
183 249
129 474
31 647
158 200
7 283
144 599
468 910
303 753
461 1081
134 210
443 838
658 660
441 564
253 439
169 229
281 655
29 573
19 82
27 633
445 649
277 979
528 689
291 297
440 828
149 586
694 699
12 889
503 879
5 566
30 475
2 30
69 230
13 234
15 105
253 626
203 299
212 655
197 216
132 391
145 453
54 68
126 358
154 426
33 488
699 730
149 444
86 201
478 528
45 54
6 472
7 131
73 290
873 879
15 72
440 578
128 238
16 24
20 289
397 448
39 485
27 637
30 485
129 909
27 1212
249 251
103 210
557 952
11 160
11 115
127 131
126 143
64 1168
27 1187
505 528
7 242
227 424
360 1199
