93 307
503 652
177 228
8 647
147 574
448 1097
219 465
27 999
207 216
52 80
461 1207
15 103
132 895
160 317
445 1075
144 564
169 234
289 621
501 514
160 334
65 345
782 1011
310 849
121 208
303 498
59 158
77 331
459 539
16 52
125 208
45 588
453 654
28 542
504 538
546 562
395 1212
7 89
303 567
6 821
389 1131
7 900
130 137
160 177
123 875
72 275
85 167
8 169
443 568
471 473
56 160
281 542
40 733
280 538
297 1197
18 46
13 172
52 274
129 539
150 582
134 160
19 236
278 354
57 110
58 85
11 185
562 703
88 331
213 499
34 693
12 141
13 86
93 762
11 844
30 389
118 467
284 514
35 121
451 626
39 502
232 239
395 577
96 733
40 1221
5 451
1170 1171
653 655
82 189
282 542
208 246
59 105
30 483
440 654
504 527
38 1207
360 694
48 99
287 652
38 251
23 132
38 40
58 229
449 542
37 833
160 197
700 761
39 596
44 172
141 148
288 557
38 454
27 793
59 77
123 746
5 246
23 46
144 746
39 356
474 741
300 301
182 800
165 425
47 55
360 653
476 1213
97 500
144 876
93 531
275 345
20 672
95 314
290 900
204 382
34 1217
20 1088
56 207
386 438
15 131
69 176
507 572
31 577
277 831
13 131
26 811
29 458
66 297
559 931
30 454
652 908
5 689
299 1166
228 383
303 600
96 304
6 552
280 539
26 737
539 694
23 78
53 78
48 218
651 698
46 110
159 183
11 395
397 1158
26 476
252 870
25 931
6 85
123 453
303 504
303 731
442 1131
80 238
3 52
626 1156
11 637
22 920
35 1019
1 22
128 631
289 502
539 542
1 101
11 201
46 91
15 172
33 720
184 269
146 766
8 49
155 175
5 646
303 674
119 1197
127 376
30 447
80 525
241 539
527 670
38 562
26 514
27 570
526 689
61 175
61 618
34 502
99 203
127 334
12 392
397 445
159 162
396 630
303 509
11 608
653 812
325 392
45 639
54 76
297 450
117 453
47 103
405 449
122 273
229 470
174 188
17 55
270 334
65 165
164 175
237 520
49 86
149 355
66 315
15 1046
8 990
405 842
41 394
2 147
76 331
25 1131
471 622
13 110
11 340
970 1156
31 522
439 472
208 281
13 128
334 972
381 450
32 67
121 539
477 660
15 403
147 449
438 1036
27 701
119 689
87 293
303 439
105 618
396 685
569 766
501 910
27 1207
92 210
18 162
360 448
49 82
127 242
20 121
596 692
144 196
297 397
24 30
168 574
83 159
211 451
19 53
205 216
185 286
227 306
215 224
70 92
29 375
598 657
11 166
11 987
74 205
394 930
5 115
61 609
61 637
572 679
27 157
119 1079
134 242
539 550
76 160
562 874
213 930
564 670
51 222
387 396
4 11
39 652
23 64
202 909
60 918
251 812
245 529
33 252
148 345
46 65
13 857
162 434
149 391
205 342
117 396
27 1165
0 166
134 188
66 123
118 179
72 114
211 649
154 979
35 469
970 1131
127 542
127 175
43 160
35 1075
15 960
246 679
717 747
162 320
121 438
144 184
20 506
620 621
117 599
159 160
105 915
857 974
61 1056
88 203
554 659
66 137
68 90
196 203
15 233
159 200
62 159
123 574
155 193
122 486
0 12
110 376
4 266
108 188
144 451
118 1178
49 242
49 111
34 539
287 512
6 78
63 423
121 572
395 969
56 167
245 569
156 407
277 649
66 1131
60 619
274 1216
386 1096
468 653
443 623
202 653
448 478
165 403
462 653
562 883
31 687
69 173
51 109
10 13
17 21
26 70
463 1082
468 649
43 99
440 542
453 454
24 205
34 251
72 185
14 314
335 869
97 541
651 681
30 484
445 569
33 447
48 228
45 94
148 1131
13 226
118 1164
122 1158
32 930
32 918
74 296
63 165
28 846
246 831
905 974
25 795
37 1009
183 249
129 474
31 647
158 200
7 283
144 599
468 910
303 753
461 1081
134 210
443 838
658 660
441 564
253 439
169 229
281 655
29 573
19 82
27 633
445 649
277 979
528 689
291 297
440 828
149 586
694 699
12 889
503 879
5 566
30 475
2 30
69 230
13 234
15 105
253 626
203 299
212 655
197 216
132 391
145 453
54 68
126 358
154 426
33 488
699 730
149 444
86 201
478 528
45 54
6 472
7 131
73 290
873 879
15 72
440 578
128 238
16 24
20 289
397 448
39 485
27 637
30 485
129 909
27 1212
249 251
103 210
557 952
11 160
11 115
127 131
126 143
64 1168
27 1187
505 528
7 242
227 424
360 1199
156 270
165 406
39 147
731 1075
8 1131
23 586
3 58
6 347
669 730
176 334
7 322
14 80
577 691
542 554
191 260
451 1029
102 132
165 277
16 175
144 1187
93 1140
284 378
303 667
66 84
237 826
468 1158
93 699
20 1213
322 337
97 766
175 192
273 910
52 99
387 880
159 345
12 139
6 194
11 819
452 539
13 22
8 190
33 930
47 231
395 655
32 910
11 89
48 68
20 1207
51 83
106 149
29 117
162 414
94 101
554 812
277 1194
55 79
141 383
526 698
38 451
13 266
15 183
12 288
80 86
75 100
146 297
117 1188
66 235
51 154
387 1202
468 701
37 930
46 391
461 1010
71 444
360 382
513 528
22 801
7 8
93 661
219 358
108 229
73 209
302 702
66 208
69 73
303 668
26 539
355 373
56 80
23 63
62 137
13 949
398 849
395 447
45 889
35 1081
100 205
61 126
34 1028
206 340
119 1010
68 619
445 451
55 161
165 172
58 138
37 682
474 669
97 1160
703 1111
122 147
73 321
34 879
96 248
9 15
60 90
20 454
109 347
123 284
122 749
99 331
46 50
12 242
61 315
13 79
303 670
1079 1097
475 652
75 203
48 324
241 1212
448 1082
15 604
129 575
27 126
572 683
32 1196
112 132
36 621
450 512
5 1138
272 440
697 912
145 237
70 159
562 622
23 49
159 930
652 812
181 199
128 863
11 56
40 979
34 1100
304 875
88 200
122 1143
200 899
278 566
274 931
30 1113
61 588
303 878
303 548
45 69
127 875
93 668
35 115
49 941
31 1014
154 366
38 449
76 918
144 680
76 168
155 228
51 219
34 580
13 171
109 134
72 235
5 27
11 518
126 180
27 795
147 1081
127 315
172 219
15 717
394 714
128 207
72 1052
6 46
480 596
53 169
13 47
72 103
3 915
453 567
49 169
439 488
503 539
347 539
166 410
126 132
179 279
38 148
13 137
144 646
524 566
35 573
54 69
14 96
87 175
119 827
165 200
117 340
144 447
31 790
128 302
6 166
7 115
20 688
0 974
5 999
5 42
38 943
272 447
15 847
642 863
564 999
72 647
63 204
375 566
397 631
457 1125
15 343
299 1082
208 577
46 331
290 373
486 649
17 80
47 358
629 811
66 102
275 340
266 436
23 90
33 439
39 631
117 208
26 93
40 1010
360 762
32 345
622 647
96 241
27 240
124 880
15 972
72 149
165 846
303 784
11 181
273 827
122 536
54 78
202 548
47 197
118 205
72 345
461 910
253 542
47 65
337 347
119 871
100 138
163 279
730 736
159 172
25 733
441 596
8 14
471 667
273 288
118 453
17 222
299 864
141 277
203 331
118 944
159 224
58 321
16 48
66 447
8 205
50 636
25 879
35 122
202 250
196 436
132 382
49 230
448 680
158 201
34 289
138 171
128 652
20 539
38 501
119 1019
698 717
93 1183
34 912
145 574
482 596
66 172
52 403
279 522
188 313
25 874
30 1136
6 374
30 469
279 514
15 801
798 1013
629 705
93 711
625 689
3 296
51 257
162 428
30 463
129 249
76 417
489 1213
54 143
147 549
48 165
119 653
303 688
347 912
860 861
20 693
6 123
202 389
66 368
167 200
291 599
56 60
17 200
25 1158
224 1066
34 718
54 102
145 156
71 221
147 289
29 909
72 137
42 453
23 85
304 669
121 125
66 101
297 912
11 376
457 488
114 142
87 425
524 659
216 595
44 105
252 572
445 929
63 160
20 36
304 912
392 522
7 997
30 472
390 629
44 53
148 601
120 577
15 605
52 112
486 626
325 915
160 319
469 562
396 545
144 251
35 146
144 929
12 43
96 816
87 218
37 570
515 521
12 1168
389 455
20 1215
89 159
38 727
272 279
567 828
92 156
395 514
65 929
569 1212
121 679
69 188
44 334
486 622
30 1158
54 87
170 254
303 775
45 1060
13 176
624 1076
135 165
274 654
659 660
98 159
64 228
110 228
15 296
148 539
41 931
20 508
408 537
390 578
5 145
146 1193
15 222
8 84
48 92
13 62
114 159
117 1078
462 828
32 126
224 372
40 1089
27 683
97 678
94 915
57 61
35 147
452 680
87 403
7 17
30 714
9 974
47 232
208 274
124 356
303 554
34 1156
131 863
253 395
538 706
245 469
360 784
12 321
35 833
51 220
467 707
27 929
213 738
177 1021
40 478
273 879
46 70
210 346
356 838
27 588
118 129
626 999
573 696
132 190
240 696
40 1205
20 117
65 79
205 210
17 58
95 637
29 625
793 1093
443 577
93 498
50 151
32 803
655 752
360 625
182 856
302 654
35 486
467 511
223 409
51 70
227 345
77 78
27 353
121 795
695 1076
212 273
578 679
468 656
41 661
208 212
1205 1206
523 712
164 188
15 574
562 655
14 1060
15 138
25 679
49 188
33 128
93 665
496 1212
26 628
274 717
7 167
693 694
208 462
564 1205
46 219
118 661
38 621
31 554
303 704
17 205
150 313
21 24
445 1193
71 126
66 296
38 249
37 450
125 356
450 660
22 1034
72 423
63 81
5 725
144 216
540 1029
31 710
5 762
240 1215
35 395
402 912
91 162
95 127
27 438
20 522
108 967
626 1083
66 99
114 131
80 296
37 117
220 827
159 444
128 1000
11 104
86 203
450 564
18 67
48 619
27 280
404 879
4 261
26 451
445 457
121 385
450 486
251 869
381 679
203 228
96 545
51 99
27 34
27 274
216 232
27 741
17 158
12 315
245 394
21 283
146 224
28 574
28 240
445 565
596 733
64 175
32 135
25 381
523 538
84 189
528 686
12 101
640 863
15 905
356 405
33 356
47 61
47 75
991 992
461 542
63 188
43 162
13 149
93 1019
25 1144
445 931
545 660
550 676
360 755
51 292
145 816
438 454
454 577
49 619
167 205
24 254
109 1025
63 230
94 103
123 778
450 811
149 296
30 509
476 879
36 144
554 744
284 381
527 546
390 464
395 817
33 879
330 477
179 246
720 750
74 226
246 478
17 275
121 1119
144 880
55 86
13 80
241 1144
37 42
123 282
186 207
51 69
109 207
119 488
87 169
462 1158
50 62
13 88
45 205
303 719
69 80
89 174
48 343
119 485
121 1128
119 395
145 1212
124 1083
229 602
13 1061
121 716
629 816
12 168
30 655
702 812
96 195
119 629
15 625
20 1011
46 929
7 45
51 82
90 553
84 205
11 50
45 74
348 661
38 119
34 1136
621 629
88 105
127 384
20 654
17 73
33 527
159 910
692 1082
52 105
162 165
272 387
12 155
453 573
630 698
8 110
123 539
98 358
314 347
97 1178
53 295
31 117
43 192
72 276
249 690
156 577
656 1076
121 649
46 84
135 166
333 681
17 52
288 529
13 260
50 102
65 72
51 77
23 203
228 591
5 41
11 247
13 140
145 397
251 572
162 206
17 47
1 235
46 133
389 1193
467 931
652 680
6 7
97 682
303 661
124 1213
714 798
48 171
7 222
177 203
27 316
12 405
281 1174
274 577
31 489
147 240
386 389
80 425
205 225
390 695
129 467
5 621
931 1117
12 50
353 706
80 905
453 488
139 190
35 157
291 408
11 142
34 497
15 963
70 74
237 1054
10 899
93 1011
84 92
13 649
24 79
161 205
11 191
79 99
96 190
149 168
30 38
539 570
65 331
218 465
210 298
11 205
72 242
162 327
117 702
879 1124
19 331
102 110
15 155
129 714
194 620
386 629
243 534
134 170
31 503
58 77
600 1156
17 214
27 110
121 1026
303 645
145 1143
37 451
15 218
47 223
626 1071
488 828
141 392
1 4
524 1089
71 292
124 689
27 281
41 1029
6 963
330 943
39 390
74 102
2 653
27 148
381 438
78 148
102 138
538 713
504 577
154 221
82 184
658 1086
170 204
360 1214
195 243
45 452
58 317
11 821
144 706
65 386
29 30
7 184
652 681
564 566
146 386
272 533
134 336
459 564
477 554
13 1041
627 798
78 331
278 1131
306 700
78 159
450 463
527 1159
5 33
75 175
118 542
253 665
63 275
304 647
101 297
5 1013
47 98
51 96
389 440
50 425
606 974
12 974
106 218
73 74
202 252
159 169
257 799
61 988
32 185
38 720
27 30
209 1065
97 453
144 932
37 1129
7 214
15 915
72 84
828 1207
28 123
243 375
73 456
49 190
386 404
30 34
77 105
102 173
56 236
47 234
52 290
14 110
398 399
390 689
77 162
144 728
390 543
438 451
60 417
720 739
31 59
523 601
118 507
12 368
86 160
15 73
451 463
11 619
147 381
48 331
4 465
85 110
65 391
185 276
35 513
129 653
27 93
72 127
66 929
29 629
71 425
217 262
33 910
274 1101
240 440
527 720
32 1177
281 679
53 54
489 671
693 696
34 440
35 679
66 331
375 880
241 1128
289 695
61 661
224 334
249 631
22 52
167 234
162 376
131 637
30 36
117 162
381 387
118 123
36 66
32 498
539 703
6 103
1072 1077
16 315
12 63
161 843
13 275
144 1082
68 102
42 378
65 73
11 588
144 1159
277 577
508 523
159 185
8 61
66 451
253 705
5 297
5 746
567 728
33 417
15 133
13 336
348 879
29 621
36 718
63 164
23 169
652 871
467 879
25 120
25 459
76 92
60 863
16 61
360 1174
472 673
16 376
134 516
13 64
395 452
66 71
59 182
195 216
245 879
84 216
29 395
17 221
386 390
449 629
385 931
73 190
30 1202
360 1130
65 586
38 443
57 105
156 254
51 162
50 515
96 1138
26 408
69 81
164 200
46 86
459 476
68 296
700 786
497 554
448 701
12 89
47 63
51 1054
47 110
469 729
77 343
4 249
144 872
7 1061
478 643
524 999
47 60
13 102
95 174
173 200
73 131
128 438
94 576
96 739
402 827
190 199
68 110
159 242
148 272
173 185
395 509
38 505
8 293
499 745
26 816
61 639
5 527
5 1078
405 550
142 175
689 728
37 123
245 931
288 879
3 31
35 656
52 110
23 425
31 714
74 619
812 1128
212 1158
462 498
53 101
32 649
450 1081
122 507
441 652
33 871
13 905
61 64
7 85
15 226
46 138
288 679
67 117
5 766
19 94
5 488
238 863
14 586
93 630
17 233
335 445
100 254
550 626
15 23
61 69
135 844
52 77
475 942
157 688
66 846
473 828
34 714
32 572
38 478
173 636
30 637
144 1010
54 70
17 137
90 283
129 886
3 68
387 447
82 254
566 676
522 526
207 254
30 467
76 127
303 725
79 161
211 1101
38 467
67 146
149 331
500 665
396 627
15 193
120 649
240 679
241 356
117 1158
31 166
58 195
27 488
280 491
202 458
51 106
93 545
12 296
240 621
117 1080
272 1158
150 236
6 235
4 987
30 460
149 151
440 621
