22 202
45 80
177 317
263 276
111 278
68 123
122 131
153 273
8 251
13 217
146 287
13 124
174 185
27 185
312 329
7 244
234 239
53 124
145 155
54 105
71 143
130 237
257 271
160 233
71 258
156 191
175 204
83 307
83 318
218 279
83 301
222 251
67 122
22 275
154 211
131 291
178 282
170 264
187 290
17 92
254 323
17 150
244 246
25 292
33 284
74 221
160 324
102 310
0 103
39 198
185 223
2 218
16 125
31 201
57 189
191 282
194 267
162 250
206 287
40 221
176 263
203 254
25 31
208 310
219 300
72 251
3 187
41 196
67 330
18 72
25 158
135 170
20 40
65 70
67 159
16 72
29 36
262 276
240 286
225 238
54 153
201 207
287 328
105 249
300 328
78 321
59 196
10 308
246 326
127 312
259 311
133 266
278 326
30 161
40 75
0 31
35 276
184 244
24 268
39 235
232 290
9 141
182 229
41 177
32 89
90 293
2 295
79 249
62 178
90 256
294 297
147 225
147 259
224 272
236 301
76 155
39 146
17 290
250 298
62 295
148 223
113 124
199 276
132 195
53 67
123 248
165 236
261 298
201 289
65 68
9 329
27 225
1 177
107 225
102 199
169 226
82 153
44 318
36 270
292 303
48 255
61 230
258 279
170 309
256 289
209 276
34 62
136 193
16 47
38 200
240 245
80 204
21 133
7 124
37 255
54 236
100 206
22 249
96 258
40 280
21 211
74 239
81 152
20 153
16 314
83 324
135 229
11 215
17 151
25 177
102 175
92 125
20 48
79 157
161 252
10 197
213 283
285 322
56 290
57 152
89 180
241 254
125 312
29 236
217 228
88 286
193 255
183 271
33 187
22 291
181 265
6 197
1 293
91 236
55 110
224 310
48 263
139 245
93 191
39 327
93 114
25 308
6 325
173 190
55 312
216 228
11 256
134 239
33 110
266 267
9 292
50 89
117 122
28 190
86 280
83 220
137 177
151 303
64 211
162 279
11 330
14 162
104 204
50 225
252 275
89 325
131 309
34 197
9 97
140 326
244 286
75 231
21 194
148 181
235 285
19 280
80 141
281 299
184 217
231 245
90 264
29 52
43 205
97 251
57 302
6 121
134 314
83 201
148 288
59 119
62 171
159 319
20 309
169 259
97 98
167 298
155 195
162 172
69 132
137 310
196 240
47 226
62 285
95 131
158 210
150 152
102 182
66 305
110 276
134 273
273 322
29 309
86 92
22 258
5 209
252 321
30 277
122 267
263 316
197 224
132 291
199 278
91 115
210 232
298 329
0 101
23 290
37 269
72 115
16 306
39 103
179 180
21 330
218 303
156 222
150 258
82 86
263 290
113 224
95 317
98 148
182 286
28 54
29 296
167 224
64 159
64 147
219 220
86 294
252 255
236 239
31 141
7 226
106 148
94 271
87 208
86 109
5 118
87 323
57 115
218 302
2 265
17 89
216 322
75 186
285 325
12 150
31 146
28 47
58 258
17 28
173 178
125 143
34 117
113 233
262 323
41 259
96 102
19 320
73 233
179 180
48 129
123 163
130 222
6 137
190 316
120 279
89 113
61 98
48 98
21 211
6 238
96 180
32 192
111 163
87 304
180 305
269 303
46 222
173 269
182 276
123 156
197 264
113 154
134 257
158 226
232 286
152 315
57 122
76 142
28 60
47 207
31 293
80 181
28 190
15 254
17 229
70 195
94 113
172 302
139 292
7 279
189 304
150 286
87 320
5 251
185 295
176 209
19 308
113 313
221 301
142 296
52 168
198 239
81 89
214 241
101 328
305 313
45 97
31 204
138 215
121 231
89 210
91 98
271 285
3 100
142 182
96 125
188 310
225 236
56 282
18 326
107 175
39 220
29 159
48 159
226 244
83 122
101 107
167 305
46 298
199 210
193 224
144 263
71 275
16 43
35 201
208 303
4 149
147 256
105 238
19 138
26 326
34 254
69 249
236 315
27 212
148 232
22 79
106 321
82 109
192 321
8 207
77 164
165 272
173 323
30 165
13 249
53 96
199 318
134 264
22 282
1 150
171 176
31 310
82 228
27 313
55 282
16 270
86 330
5 280
4 72
261 329
55 249
83 108
40 106
72 88
190 270
30 276
22 142
3 285
256 257
302 308
151 249
258 330
159 314
215 328
168 295
45 75
285 290
225 258
21 57
51 224
62 243
61 160
84 266
50 282
124 253
124 248
7 219
283 318
17 90
183 223
82 107
207 269
122 237
73 314
144 288
163 277
293 318
