151 185
173 310
67 108
81 117
181 210
35 37
216 296
181 298
149 310
218 232
254 264
165 174
84 96
151 197
140 176
225 260
63 64
44 57
130 169
91 173
123 200
231 300
131 173
100 178
216 306
145 229
111 298
176 300
180 257
111 125
158 292
161 220
231 284
161 251
117 312
129 165
173 217
176 211
66 181
163 181
182 196
165 205
229 234
178 309
117 215
122 166
161 247
291 309
168 260
166 257
22 202
45 80
177 317
263 276
111 278
68 123
122 131
153 273
8 251
13 217
146 287
13 124
174 185
27 185
312 329
7 244
234 239
53 124
145 155
54 105
71 143
130 237
257 271
160 233
71 258
156 191
175 204
83 307
83 318
218 279
83 301
222 251
67 122
22 275
154 211
131 291
178 282
170 264
187 290
17 92
254 323
17 150
244 246
25 292
33 284
74 221
160 324
102 310
0 103
39 198
