151 185
173 310
67 108
81 117
181 210
35 37
216 296
181 298
149 310
218 232
254 264
165 174
84 96
151 197
140 176
225 260
63 64
44 57
130 169
91 173
123 200
231 300
131 173
100 178
216 306
145 229
111 298
176 300
180 257
111 125
158 292
161 220
231 284
161 251
117 312
129 165
173 217
176 211
66 181
163 181
182 196
165 205
229 234
178 309
117 215
122 166
161 247
291 309
168 260
166 257
232 274
175 309
108 166
205 260
299 300
180 187
64 117
91 178
98 166
139 181
44 141
181 309
161 216
283 310
176 320
141 143
124 146
46 130
252 292
254 272
217 254
117 162
283 305
165 260
229 233
66 70
252 262
111 306
66 111
216 298
42 66
254 270
45 62
66 93
216 239
141 228
146 216
143 273
165 247
28 32
117 196
160 260
200 252
311 312
254 297
196 260
44 61
101 106
178 300
25 46
181 273
158 165
146 161
261 295
90 220
184 200
46 47
254 262
176 200
292 305
143 218
143 200
80 84
90 161
145 201
312 316
216 270
143 167
111 143
66 245
168 200
122 158
149 254
181 194
247 273
64 111
130 305
260 292
130 310
92 160
111 300
200 317
202 257
143 232
65 150
124 151
171 175
261 287
64 165
66 94
188 255
118 305
165 180
146 254
260 309
181 257
161 229
254 259
167 260
146 259
161 218
93 218
180 181
66 232
94 161
122 260
204 212
44 49
130 146
143 171
171 260
117 190
216 218
151 166
161 217
280 282
52 143
146 321
131 151
1 7
90 94
117 300
161 272
151 221
111 304
0 7
143 254
7 64
181 197
173 298
91 161
182 212
176 272
151 182
62 165
161 173
161 165
262 310
298 324
143 161
327 328
61 165
231 310
247 262
320 323
151 169
108 173
160 254
183 292
93 309
84 260
7 66
117 292
168 245
160 166
300 304
256 260
130 309
146 319
117 291
130 173
4 7
108 260
254 296
117 175
146 165
200 298
117 143
130 149
178 298
91 118
100 175
147 181
149 175
6 12
82 247
220 254
5 6
117 145
95 117
260 267
100 117
181 202
216 310
129 144
218 300
145 181
160 247
179 181
200 257
285 298
128 151
222 254
173 320
229 237
222 229
117 260
216 217
320 321
64 82
175 300
181 219
58 64
175 306
117 188
101 119
151 283
228 261
196 247
145 188
119 181
238 261
176 201
105 117
46 247
117 139
160 298
178 231
165 312
149 178
181 218
44 200
151 178
254 258
261 292
218 273
231 254
74 107
215 254
282 292
289 292
7 15
44 60
173 229
73 74
147 157
181 216
108 231
46 175
176 178
76 93
321 324
203 229
220 242
122 171
31 32
182 292
7 111
143 296
145 149
39 143
326 328
66 175
165 181
105 181
108 165
181 255
118 149
158 175
247 315
91 117
108 176
113 117
161 287
161 236
94 178
231 260
94 108
200 227
161 306
64 254
71 146
47 64
216 283
254 294
260 300
286 310
145 236
110 160
91 146
272 321
229 283
200 292
216 255
68 70
130 145
229 285
166 292
175 262
64 218
214 254
79 117
108 149
40 165
105 119
229 310
231 247
146 211
201 216
215 261
46 245
165 182
125 181
158 229
98 175
130 181
93 117
200 218
201 211
176 229
117 283
66 127
58 59
247 254
231 291
106 117
165 298
228 273
146 257
66 196
93 298
151 310
111 231
181 208
132 165
166 200
165 212
7 36
151 298
117 252
71 161
196 249
260 290
122 300
66 118
91 181
119 129
138 176
117 182
161 176
111 160
175 188
238 260
181 296
44 117
158 218
82 85
171 216
148 229
299 306
173 305
117 201
145 217
165 197
181 300
111 136
126 254
171 254
111 291
122 130
146 320
141 292
111 310
130 260
82 200
220 324
137 200
151 211
89 111
46 57
275 295
191 216
231 239
117 216
310 319
117 255
215 224
108 247
221 229
168 257
164 200
132 181
125 136
100 220
151 262
117 129
280 292
49 54
83 111
300 309
75 141
221 254
200 315
173 200
143 252
11 12
146 231
254 298
171 262
158 254
229 236
203 217
252 260
165 218
156 254
124 169
45 49
283 285
254 299
202 245
220 300
68 117
171 298
158 161
283 292
117 296
205 238
200 250
111 257
178 259
117 144
79 175
55 58
202 252
254 285
145 176
95 161
111 135
175 310
298 320
166 291
292 295
142 146
94 220
149 161
117 156
254 310
117 273
93 146
117 127
287 307
181 292
144 181
261 296
254 291
201 254
54 61
46 85
7 117
143 182
