184 224
58 96
8 300
12 284
53 156
213 281
88 276
61 325
25 119
87 215
75 255
130 237
191 238
245 253
3 96
51 171
95 133
65 88
152 282
130 142
163 295
124 306
190 281
276 306
41 226
110 113
74 181
175 276
84 325
98 300
104 105
290 325
64 118
214 283
63 298
97 176
224 325
239 323
52 172
233 290
34 154
70 132
10 75
92 95
63 126
149 177
65 203
58 315
52 108
14 291
70 314
84 111
107 238
112 271
92 236
131 247
115 200
63 88
25 119
54 213
139 295
144 148
11 186
94 290
2 164
67 258
114 273
127 292
146 264
119 289
76 193
64 89
59 291
85 247
118 240
33 165
30 254
64 228
73 258
15 84
99 313
136 319
0 137
11 121
77 104
241 293
136 329
81 256
98 141
190 199
100 242
63 183
113 315
84 312
4 328
81 325
245 309
50 184
228 313
125 143
85 229
99 202
98 219
95 224
26 38
24 78
73 221
97 309
200 269
50 164
223 296
97 215
193 254
166 289
93 251
21 227
62 249
187 198
50 240
167 326
39 135
29 293
109 221
109 280
18 33
157 328
34 318
1 271
13 74
25 327
23 122
268 281
182 222
17 183
4 112
86 188
3 298
268 278
205 285
201 304
290 300
66 83
142 325
196 325
76 88
160 294
120 311
63 185
24 90
24 153
72 279
3 89
62 92
23 172
244 310
246 284
51 260
287 313
159 282
211 245
11 151
33 162
111 255
2 50
66 102
212 226
86 201
99 181
59 181
134 290
105 128
138 251
2 6
271 306
195 209
43 294
294 318
45 53
92 114
112 189
210 212
6 272
176 235
36 183
297 324
54 179
59 216
147 246
221 235
73 96
191 305
96 204
71 265
86 269
160 240
2 228
112 319
49 67
39 313
240 329
21 144
276 283
274 297
53 182
215 326
58 97
150 244
202 225
43 301
151 246
149 248
33 79
