151 185
173 310
67 108
81 117
181 210
35 37
216 296
181 298
149 310
218 232
254 264
165 174
84 96
151 197
140 176
225 260
63 64
44 57
130 169
91 173
123 200
231 300
131 173
100 178
216 306
145 229
111 298
176 300
180 257
111 125
158 292
161 220
231 284
161 251
117 312
129 165
173 217
176 211
66 181
163 181
182 196
165 205
229 234
178 309
117 215
122 166
161 247
291 309
168 260
166 257
232 274
175 309
108 166
205 260
299 300
180 187
64 117
91 178
98 166
139 181
44 141
181 309
161 216
283 310
176 320
141 143
124 146
46 130
252 292
254 272
217 254
117 162
283 305
165 260
229 233
66 70
252 262
111 306
66 111
216 298
42 66
254 270
45 62
66 93
216 239
141 228
146 216
143 273
165 247
28 32
117 196
160 260
200 252
311 312
254 297
196 260
44 61
101 106
178 300
25 46
181 273
158 165
146 161
261 295
90 220
184 200
46 47
254 262
176 200
292 305
143 218
143 200
80 84
90 161
145 201
312 316
216 270
143 167
111 143
66 245
168 200
122 158
149 254
181 194
247 273
64 111
130 305
260 292
130 310
92 160
111 300
200 317
202 257
143 232
65 150
124 151
171 175
261 287
64 165
66 94
188 255
118 305
165 180
146 254
260 309
181 257
161 229
254 259
167 260
146 259
161 218
93 218
180 181
66 232
94 161
122 260
204 212
44 49
130 146
143 171
171 260
117 190
216 218
151 166
161 217
280 282
52 143
146 321
131 151
1 7
90 94
117 300
161 272
151 221
111 304
0 7
143 254
7 64
181 197
173 298
91 161
182 212
176 272
151 182
62 165
161 173
161 165
262 310
298 324
143 161
327 328
61 165
231 310
247 262
320 323
151 169
108 173
160 254
183 292
93 309
84 260
7 66
117 292
168 245
160 166
300 304
256 260
130 309
146 319
117 291
130 173
4 7
108 260
254 296
117 175
146 165
200 298
117 143
130 149
178 298
91 118
100 175
147 181
149 175
6 12
82 247
220 254
5 6
117 145
95 117
260 267
100 117
181 202
216 310
129 144
218 300
145 181
160 247
179 181
200 257
285 298
128 151
222 254
173 320
229 237
222 229
117 260
216 217
320 321
64 82
175 300
181 219
58 64
175 306
117 188
101 119
151 283
228 261
196 247
145 188
119 181
238 261
176 201
105 117
46 247
117 139
160 298
178 231
165 312
149 178
181 218
44 200
151 178
254 258
261 292
218 273
231 254
74 107
215 254
282 292
289 292
7 15
44 60
173 229
73 74
147 157
181 216
108 231
46 175
176 178
76 93
321 324
203 229
220 242
122 171
31 32
182 292
7 111
143 296
145 149
39 143
326 328
66 175
165 181
105 181
108 165
181 255
118 149
158 175
247 315
91 117
108 176
113 117
161 287
161 236
94 178
231 260
94 108
200 227
161 306
64 254
71 146
47 64
216 283
254 294
260 300
286 310
145 236
110 160
91 146
272 321
229 283
200 292
216 255
68 70
130 145
229 285
166 292
175 262
64 218
214 254
79 117
108 149
40 165
105 119
229 310
231 247
146 211
201 216
215 261
46 245
165 182
125 181
158 229
98 175
130 181
93 117
200 218
201 211
176 229
117 283
66 127
58 59
247 254
231 291
106 117
165 298
228 273
146 257
66 196
93 298
151 310
111 231
181 208
132 165
166 200
165 212
7 36
151 298
117 252
71 161
196 249
260 290
122 300
66 118
91 181
119 129
138 176
117 182
161 176
111 160
175 188
238 260
181 296
44 117
158 218
82 85
171 216
148 229
299 306
173 305
117 201
145 217
165 197
181 300
111 136
126 254
171 254
111 291
122 130
146 320
141 292
111 310
130 260
82 200
220 324
137 200
151 211
89 111
46 57
275 295
191 216
231 239
117 216
310 319
117 255
215 224
108 247
221 229
168 257
164 200
132 181
125 136
100 220
151 262
117 129
280 292
49 54
83 111
300 309
75 141
221 254
200 315
173 200
143 252
11 12
146 231
254 298
171 262
158 254
229 236
203 217
252 260
165 218
156 254
124 169
45 49
283 285
254 299
202 245
220 300
68 117
171 298
158 161
283 292
117 296
205 238
200 250
111 257
178 259
117 144
79 175
55 58
202 252
254 285
145 176
95 161
111 135
175 310
298 320
166 291
292 295
142 146
94 220
149 161
117 156
254 310
117 273
93 146
117 127
287 307
181 292
144 181
261 296
254 291
201 254
54 61
46 85
7 117
143 182
22 202
45 80
177 317
263 276
111 278
68 123
122 131
153 273
8 251
13 217
146 287
13 124
174 185
27 185
312 329
7 244
234 239
53 124
145 155
54 105
71 143
130 237
257 271
160 233
71 258
156 191
175 204
83 307
83 318
218 279
83 301
222 251
67 122
22 275
154 211
131 291
178 282
170 264
187 290
17 92
254 323
17 150
244 246
25 292
33 284
74 221
160 324
102 310
0 103
39 198
185 223
2 218
16 125
31 201
57 189
191 282
194 267
162 250
206 287
40 221
176 263
203 254
25 31
208 310
219 300
72 251
3 187
41 196
67 330
18 72
25 158
135 170
20 40
65 70
67 159
16 72
29 36
262 276
240 286
225 238
54 153
201 207
287 328
105 249
300 328
78 321
59 196
10 308
246 326
127 312
259 311
133 266
278 326
30 161
40 75
0 31
35 276
184 244
24 268
39 235
232 290
9 141
182 229
41 177
32 89
90 293
2 295
79 249
62 178
90 256
294 297
147 225
147 259
224 272
236 301
76 155
39 146
17 290
250 298
62 295
148 223
113 124
199 276
132 195
53 67
123 248
165 236
261 298
201 289
65 68
9 329
27 225
1 177
107 225
102 199
169 226
82 153
44 318
36 270
292 303
48 255
61 230
258 279
170 309
256 289
209 276
34 62
136 193
16 47
38 200
240 245
80 204
21 133
7 124
37 255
54 236
100 206
22 249
96 258
40 280
21 211
74 239
81 152
20 153
16 314
83 324
135 229
11 215
17 151
25 177
102 175
92 125
20 48
79 157
161 252
10 197
213 283
285 322
56 290
57 152
89 180
241 254
125 312
29 236
217 228
88 286
193 255
183 271
33 187
22 291
181 265
6 197
1 293
91 236
55 110
224 310
48 263
139 245
93 191
39 327
93 114
25 308
6 325
173 190
55 312
216 228
11 256
134 239
33 110
266 267
9 292
50 89
117 122
28 190
86 280
83 220
137 177
151 303
64 211
162 279
11 330
14 162
104 204
50 225
252 275
89 325
131 309
34 197
9 97
140 326
244 286
75 231
21 194
148 181
235 285
19 280
80 141
281 299
184 217
231 245
90 264
29 52
43 205
97 251
57 302
6 121
134 314
83 201
148 288
59 119
62 171
159 319
20 309
169 259
97 98
167 298
155 195
162 172
69 132
137 310
196 240
47 226
62 285
95 131
158 210
150 152
102 182
66 305
110 276
134 273
273 322
29 309
86 92
22 258
5 209
252 321
30 277
122 267
263 316
197 224
132 291
199 278
91 115
210 232
298 329
0 101
23 290
37 269
72 115
16 306
39 103
179 180
21 330
218 303
156 222
150 258
82 86
263 290
113 224
95 317
98 148
182 286
28 54
29 296
167 224
64 159
64 147
219 220
86 294
252 255
236 239
31 141
7 226
106 148
94 271
87 208
86 109
5 118
87 323
57 115
218 302
2 265
17 89
216 322
75 186
285 325
12 150
31 146
28 47
58 258
17 28
173 178
125 143
34 117
113 233
262 323
41 259
96 102
19 320
73 233
179 180
48 129
123 163
130 222
6 137
190 316
120 279
89 113
61 98
48 98
21 211
6 238
96 180
32 192
111 163
87 304
180 305
269 303
46 222
173 269
182 276
123 156
197 264
113 154
134 257
158 226
232 286
152 315
57 122
76 142
28 60
47 207
31 293
80 181
28 190
15 254
17 229
70 195
94 113
172 302
139 292
7 279
189 304
150 286
87 320
5 251
185 295
176 209
19 308
113 313
221 301
142 296
52 168
198 239
81 89
214 241
101 328
305 313
45 97
31 204
138 215
121 231
89 210
91 98
271 285
3 100
142 182
96 125
188 310
225 236
56 282
18 326
107 175
39 220
29 159
48 159
226 244
83 122
101 107
167 305
46 298
199 210
193 224
144 263
71 275
16 43
35 201
208 303
4 149
147 256
105 238
19 138
26 326
34 254
69 249
236 315
27 212
148 232
22 79
106 321
82 109
192 321
8 207
77 164
165 272
173 323
30 165
13 249
53 96
199 318
134 264
22 282
1 150
171 176
31 310
82 228
27 313
55 282
16 270
86 330
5 280
4 72
261 329
55 249
83 108
40 106
72 88
190 270
30 276
22 142
3 285
256 257
302 308
151 249
258 330
159 314
215 328
168 295
45 75
285 290
225 258
21 57
51 224
62 243
61 160
84 266
50 282
124 253
124 248
7 219
283 318
17 90
183 223
82 107
207 269
122 237
73 314
144 288
163 277
293 318
