151 185
173 310
67 108
81 117
181 210
35 37
216 296
181 298
149 310
218 232
254 264
165 174
84 96
151 197
140 176
225 260
63 64
44 57
130 169
91 173
123 200
231 300
131 173
100 178
216 306
145 229
111 298
176 300
180 257
111 125
158 292
161 220
231 284
161 251
117 312
129 165
173 217
176 211
66 181
163 181
182 196
165 205
229 234
178 309
117 215
122 166
161 247
291 309
168 260
166 257
232 274
175 309
108 166
205 260
299 300
180 187
64 117
91 178
98 166
139 181
44 141
181 309
161 216
283 310
176 320
141 143
124 146
46 130
252 292
254 272
217 254
117 162
283 305
165 260
229 233
66 70
252 262
111 306
66 111
216 298
42 66
254 270
45 62
66 93
216 239
141 228
146 216
143 273
165 247
28 32
117 196
160 260
200 252
311 312
254 297
196 260
44 61
101 106
178 300
25 46
181 273
158 165
146 161
261 295
90 220
184 200
46 47
254 262
176 200
292 305
143 218
143 200
80 84
90 161
145 201
312 316
216 270
143 167
111 143
66 245
168 200
122 158
149 254
181 194
247 273
64 111
130 305
260 292
130 310
92 160
111 300
200 317
202 257
143 232
65 150
124 151
171 175
261 287
64 165
66 94
188 255
118 305
165 180
146 254
260 309
181 257
161 229
254 259
167 260
146 259
161 218
93 218
180 181
66 232
94 161
122 260
204 212
44 49
130 146
143 171
171 260
117 190
216 218
151 166
161 217
280 282
52 143
146 321
131 151
1 7
90 94
117 300
161 272
151 221
111 304
0 7
143 254
7 64
181 197
173 298
91 161
182 212
176 272
151 182
62 165
161 173
161 165
262 310
298 324
143 161
327 328
61 165
231 310
247 262
320 323
151 169
108 173
160 254
183 292
93 309
84 260
7 66
117 292
168 245
160 166
300 304
256 260
130 309
146 319
117 291
130 173
4 7
108 260
254 296
117 175
146 165
200 298
117 143
130 149
178 298
91 118
100 175
147 181
149 175
6 12
82 247
220 254
5 6
117 145
95 117
260 267
100 117
181 202
216 310
129 144
218 300
145 181
160 247
179 181
200 257
285 298
128 151
222 254
173 320
229 237
222 229
117 260
216 217
320 321
64 82
22 202
45 80
177 317
263 276
111 278
68 123
122 131
153 273
8 251
13 217
146 287
13 124
174 185
27 185
312 329
7 244
234 239
53 124
145 155
54 105
71 143
130 237
257 271
160 233
71 258
156 191
175 204
83 307
83 318
218 279
83 301
222 251
67 122
22 275
154 211
131 291
178 282
170 264
187 290
17 92
254 323
17 150
244 246
25 292
33 284
74 221
160 324
102 310
0 103
39 198
185 223
2 218
16 125
31 201
57 189
191 282
194 267
162 250
206 287
40 221
176 263
203 254
25 31
208 310
219 300
72 251
3 187
41 196
67 330
18 72
25 158
135 170
20 40
65 70
67 159
16 72
29 36
262 276
240 286
225 238
54 153
201 207
287 328
105 249
300 328
78 321
59 196
10 308
246 326
127 312
259 311
133 266
278 326
30 161
40 75
0 31
35 276
184 244
24 268
39 235
232 290
9 141
182 229
41 177
32 89
90 293
2 295
79 249
62 178
90 256
294 297
147 225
147 259
224 272
236 301
76 155
39 146
17 290
250 298
62 295
148 223
113 124
199 276
132 195
53 67
123 248
165 236
261 298
201 289
65 68
9 329
27 225
1 177
107 225
102 199
169 226
82 153
44 318
36 270
292 303
48 255
61 230
258 279
170 309
256 289
209 276
34 62
136 193
16 47
38 200
240 245
80 204
21 133
7 124
37 255
54 236
100 206
22 249
96 258
40 280
21 211
74 239
81 152
20 153
16 314
83 324
135 229
11 215
17 151
25 177
102 175
92 125
20 48
79 157
161 252
10 197
213 283
285 322
56 290
57 152
89 180
241 254
125 312
29 236
217 228
88 286
193 255
183 271
33 187
22 291
181 265
6 197
1 293
91 236
55 110
224 310
48 263
139 245
93 191
39 327
93 114
25 308
6 325
173 190
55 312
216 228
11 256
134 239
33 110
266 267
9 292
50 89
117 122
28 190
86 280
83 220
137 177
151 303
64 211
162 279
11 330
14 162
104 204
50 225
252 275
89 325
131 309
34 197
9 97
140 326
244 286
75 231
21 194
148 181
235 285
19 280
80 141
281 299
184 217
231 245
90 264
29 52
43 205
97 251
57 302
6 121
134 314
83 201
148 288
59 119
