260 304
232 247
64 74
9 10
71 145
178 188
228 253
252 257
18 19
161 242
79 108
66 151
142 298
313 316
292 304
93 178
182 252
124 220
165 273
117 272
95 146
298 304
138 160
165 173
253 260
73 115
100 254
108 309
102 151
66 166
152 292
66 229
16 18
93 260
285 300
111 166
200 229
254 282
181 306
200 262
161 309
218 231
81 143
175 220
146 292
315 318
151 165
66 273
176 310
117 128
188 260
271 282
28 46
196 252
254 292
181 195
64 247
111 118
254 287
249 260
244 245
178 220
146 283
148 254
224 295
151 247
81 165
246 260
122 272
93 130
130 178
176 217
142 173
270 280
77 78
283 297
161 260
232 292
173 175
64 260
158 178
66 78
191 221
9 11
165 232
64 182
49 143
295 296
108 202
292 307
171 292
146 291
311 317
168 218
166 216
136 175
218 296
142 305
254 305
130 200
200 204
171 215
89 117
228 232
130 304
90 175
260 291
122 309
229 286
117 224
94 254
120 141
149 176
117 154
56 117
46 244
165 262
200 231
111 145
64 143
255 295
118 310
46 48
90 117
70 72
46 146
91 111
161 200
122 216
45 61
143 249
7 29
64 202
165 254
69 117
151 181
143 247
171 218
81 105
161 231
66 260
146 272
8 9
149 260
310 320
46 73
117 200
229 309
216 257
143 165
229 254
93 200
46 229
260 312
150 200
111 178
243 247
16 19
128 254
98 146
129 257
175 255
91 298
143 149
136 138
254 257
229 292
168 212
117 166
326 329
247 275
117 245
142 169
295 302
146 300
202 292
128 220
216 285
189 201
245 262
165 292
94 173
165 229
146 323
247 310
46 117
151 220
108 257
181 249
122 165
117 295
165 216
167 247
218 252
171 197
66 173
171 181
255 270
199 212
54 62
91 151
166 178
181 220
94 175
248 259
175 260
173 283
77 117
103 143
312 318
191 254
105 165
