151 185
173 310
67 108
81 117
181 210
35 37
216 296
181 298
149 310
218 232
254 264
165 174
84 96
151 197
140 176
225 260
63 64
44 57
130 169
91 173
123 200
231 300
131 173
100 178
216 306
145 229
111 298
176 300
180 257
111 125
158 292
161 220
231 284
161 251
117 312
129 165
173 217
176 211
66 181
163 181
182 196
165 205
229 234
178 309
117 215
122 166
161 247
291 309
168 260
166 257
232 274
175 309
108 166
205 260
299 300
180 187
64 117
91 178
98 166
139 181
44 141
181 309
161 216
283 310
176 320
141 143
124 146
46 130
252 292
254 272
217 254
117 162
283 305
165 260
229 233
66 70
252 262
111 306
66 111
216 298
42 66
254 270
45 62
66 93
216 239
141 228
146 216
143 273
165 247
28 32
117 196
160 260
200 252
311 312
254 297
196 260
44 61
101 106
178 300
25 46
181 273
158 165
146 161
261 295
90 220
184 200
46 47
254 262
176 200
292 305
143 218
143 200
80 84
90 161
145 201
312 316
216 270
143 167
111 143
66 245
168 200
122 158
149 254
181 194
247 273
64 111
130 305
260 292
130 310
92 160
111 300
200 317
202 257
143 232
65 150
124 151
171 175
261 287
64 165
66 94
188 255
118 305
165 180
146 254
260 309
181 257
161 229
254 259
167 260
146 259
161 218
93 218
180 181
66 232
94 161
122 260
204 212
44 49
130 146
143 171
171 260
117 190
216 218
151 166
161 217
280 282
52 143
146 321
131 151
1 7
90 94
117 300
161 272
151 221
111 304
0 7
143 254
7 64
181 197
173 298
91 161
182 212
176 272
151 182
62 165
161 173
161 165
262 310
298 324
143 161
327 328
61 165
231 310
247 262
320 323
151 169
108 173
160 254
183 292
93 309
84 260
7 66
117 292
168 245
160 166
300 304
256 260
130 309
146 319
117 291
130 173
4 7
108 260
254 296
117 175
146 165
200 298
117 143
130 149
178 298
91 118
100 175
147 181
149 175
6 12
82 247
220 254
5 6
117 145
95 117
260 267
100 117
181 202
216 310
129 144
218 300
145 181
160 247
179 181
200 257
285 298
128 151
222 254
173 320
229 237
222 229
117 260
216 217
320 321
64 82
