489 1796
1028 1452
433 630
1486 2302
821 2284
380 2257
783 2104
272 2253
221 2157
1357 2224
700 1736
296 1718
764 1695
1147 1946
959 1725
30 850
137 332
1855 2103
760 2255
1625 1656
16 913
1269 1975
403 1469
323 1649
326 1961
964 1435
755 1985
683 1765
1493 2230
635 1009
1327 1613
299 938
1356 2297
1442 1493
297 758
462 1697
1276 1520
1996 2117
81 1471
661 1994
719 2030
441 599
136 1916
1787 2006
82 1725
317 1042
1134 1535
35 2368
1030 1904
1669 1715
1732 1776
918 1683
218 1579
1424 2179
0 1851
300 1232
1779 2074
30 1500
528 2105
934 1000
593 1676
2031 2061
854 2284
1280 1676
566 668
1606 2021
967 1033
1043 1673
89 652
3 868
740 1130
1090 1361
1984 2299
1465 2197
107 933
430 2023
658 1654
649 1741
180 1597
681 1133
500 1791
741 751
1587 1891
1781 1941
922 1964
99 1473
61 1577
341 451
118 1168
1197 1985
1689 1936
1278 1534
1356 1990
668 692
1721 1865
249 474
348 2057
558 2325
393 1710
16 1464
653 1890
1187 2306
548 1496
195 1318
1151 1762
96 2017
623 1252
789 1023
71 1962
853 2262
313 1680
62 2026
126 1821
1559 2033
542 715
522 1310
956 2334
1708 1739
483 1186
9 2154
1578 1765
509 826
1287 1397
195 1893
1331 1494
1288 1480
112 2137
1006 1121
1037 1062
1010 2133
571 1488
449 572
2042 2249
912 1449
1788 1860
1550 1777
95 2054
359 424
1517 2029
392 2232
198 1032
184 1510
1299 2153
1189 2012
123 1063
244 546
658 1767
230 388
794 2280
833 1002
658 2178
71 1318
62 327
1336 1594
178 1302
1374 1583
237 2100
748 1301
710 1763
1371 2288
1418 2252
798 1242
1591 1815
567 583
962 1517
1316 2137
620 928
1154 2187
1009 1305
658 1173
213 1349
1529 2182
286 1615
1612 2100
1755 2228
1256 2060
959 1222
657 1113
1028 1199
1805 2129
295 727
1468 1687
431 1369
1111 1984
136 1717
248 2026
656 2106
471 1244
1070 2324
176 251
1398 2158
351 589
1195 1596
1563 1571
368 1175
676 729
200 590
473 1316
756 990
583 736
19 1226
533 1781
485 1491
2095 2300
609 1670
1475 2121
836 2089
87 2051
1262 1763
570 2141
1240 1996
606 668
623 1586
605 1071
1314 2257
480 1153
239 1041
893 1327
330 1284
935 1391
1278 1998
748 1614
886 1119
869 1394
575 1589
1097 2251
755 818
313 1962
1018 1612
581 984
871 2162
83 2058
1115 2087
60 1138
1519 1791
206 1199
284 2298
741 1789
1398 2145
2087 2357
1765 1870
1170 2166
327 822
1411 1927
1974 2015
141 1651
504 1957
940 1591
45 493
42 1268
