489 1796
1028 1452
433 630
1486 2302
821 2284
380 2257
783 2104
272 2253
221 2157
1357 2224
700 1736
296 1718
764 1695
1147 1946
959 1725
30 850
137 332
1855 2103
760 2255
1625 1656
16 913
1269 1975
403 1469
323 1649
326 1961
964 1435
755 1985
683 1765
1493 2230
635 1009
1327 1613
299 938
1356 2297
1442 1493
297 758
462 1697
1276 1520
1996 2117
81 1471
661 1994
719 2030
441 599
136 1916
1787 2006
82 1725
317 1042
1134 1535
35 2368
1030 1904
1669 1715
1732 1776
918 1683
218 1579
1424 2179
0 1851
300 1232
1779 2074
30 1500
528 2105
934 1000
593 1676
2031 2061
854 2284
1280 1676
566 668
1606 2021
967 1033
1043 1673
89 652
3 868
740 1130
1090 1361
1984 2299
1465 2197
107 933
430 2023
658 1654
649 1741
180 1597
681 1133
500 1791
741 751
1587 1891
1781 1941
922 1964
99 1473
61 1577
341 451
118 1168
1197 1985
1689 1936
1278 1534
1356 1990
668 692
1721 1865
249 474
348 2057
558 2325
393 1710
16 1464
653 1890
1187 2306
548 1496
195 1318
1151 1762
96 2017
623 1252
789 1023
71 1962
853 2262
313 1680
62 2026
126 1821
1559 2033
542 715
522 1310
956 2334
1708 1739
483 1186
9 2154
1578 1765
509 826
1287 1397
195 1893
1331 1494
1288 1480
112 2137
1006 1121
1037 1062
1010 2133
571 1488
449 572
2042 2249
912 1449
1788 1860
1550 1777
95 2054
359 424
1517 2029
392 2232
198 1032
184 1510
1299 2153
1189 2012
123 1063
244 546
658 1767
230 388
794 2280
833 1002
658 2178
71 1318
62 327
1336 1594
178 1302
1374 1583
237 2100
748 1301
710 1763
1371 2288
1418 2252
798 1242
1591 1815
567 583
962 1517
1316 2137
620 928
1154 2187
1009 1305
658 1173
213 1349
1529 2182
286 1615
1612 2100
1755 2228
1256 2060
959 1222
657 1113
1028 1199
1805 2129
295 727
1468 1687
431 1369
1111 1984
136 1717
248 2026
656 2106
471 1244
1070 2324
176 251
1398 2158
351 589
1195 1596
1563 1571
368 1175
676 729
200 590
473 1316
756 990
583 736
19 1226
533 1781
485 1491
2095 2300
609 1670
1475 2121
836 2089
87 2051
1262 1763
570 2141
1240 1996
606 668
623 1586
605 1071
1314 2257
480 1153
239 1041
893 1327
330 1284
935 1391
1278 1998
748 1614
886 1119
869 1394
575 1589
1097 2251
755 818
313 1962
1018 1612
581 984
871 2162
83 2058
1115 2087
60 1138
1519 1791
206 1199
284 2298
741 1789
1398 2145
2087 2357
1765 1870
1170 2166
327 822
1411 1927
1974 2015
141 1651
504 1957
940 1591
45 493
42 1268
643 835
110 1790
86 90
248 1856
1457 1534
2254 2374
803 862
63 1022
2195 2199
1006 1699
5 530
333 398
137 1192
159 592
241 1197
496 2314
278 1659
1248 2253
374 1722
1344 1975
511 1740
1649 1890
1346 2055
25 295
1164 2226
0 1503
257 485
919 1523
188 1142
2 577
604 2026
580 703
1107 1255
1045 1360
1936 2087
588 1166
619 1538
425 570
844 2321
636 1990
469 2264
120 1922
919 1275
67 133
1612 1706
638 1181
664 1488
809 838
810 1591
552 895
154 175
579 1903
795 2310
1038 2330
1209 2302
334 1608
463 662
173 1971
1144 1971
897 1595
739 1396
522 2300
927 1556
885 1962
1319 1901
1624 2324
214 254
352 1568
254 1621
228 1629
336 1019
1440 2029
950 1063
869 2096
924 2324
839 1945
1544 1651
482 2315
20 221
288 1268
99 2371
1451 1971
1699 2292
8 1598
329 643
46 856
1296 1358
1910 1979
47 2281
153 879
27 1654
1482 2063
818 1687
431 1933
33 265
141 1840
213 1720
1112 1434
643 799
239 1873
234 2033
1873 2303
107 1945
226 1429
369 1226
117 436
1407 2031
1469 2041
22 158
1162 1757
332 2190
70 1381
120 220
906 1830
1274 1821
452 1891
496 1926
580 2232
261 1708
600 905
853 1329
442 599
236 2345
744 1286
1087 1820
628 2005
116 2116
1231 2290
57 896
508 1050
1051 1928
490 1641
819 1221
521 2344
698 2293
1573 2264
1538 1594
571 1181
234 2144
1076 2371
638 1031
1761 1792
211 2139
1127 1535
1715 2077
914 1849
344 2210
1036 1981
1895 2024
607 2165
319 1378
507 745
446 1351
1220 2046
1719 2139
945 2040
642 1985
750 1856
461 1961
230 2002
317 2029
1496 1670
161 406
225 1463
1236 1738
1566 1876
1506 1893
1260 1748
606 1647
1836 2244
1210 1553
812 1570
567 922
1192 2111
58 1413
1158 1195
94 649
578 1216
887 1466
52 1609
355 2284
909 997
890 1289
2002 2177
1067 1604
355 1663
804 1182
1477 1961
418 1932
395 1512
559 1194
653 1233
142 2334
526 743
1750 2280
782 2112
219 2302
193 1737
274 815
1273 1863
900 1495
1186 2301
831 1128
646 740
615 2142
446 2170
80 1215
670 1257
1332 2288
1518 1866
110 235
539 2328
1511 2149
865 894
785 2095
87 319
1363 2006
654 2302
1061 1216
17 2110
1740 2165
1316 2208
827 1119
249 287
1877 1996
89 2210
597 2007
574 1918
1105 1504
1085 2074
1441 1873
1404 1770
324 630
255 1499
318 1624
1643 1739
1869 2093
1429 1509
1316 1388
1849 2353
1043 2033
125 1805
966 1936
694 965
366 1990
1277 1983
1168 1747
1049 1529
753 2326
1558 2028
