274 491
109 1123
98 137
1282 1971
104 343
274 1234
550 622
116 238
185 188
1077 1349
219 1991
174 517
31 368
52 507
67 183
182 926
308 736
659 1313
44 482
448 948
517 911
431 1120
333 924
307 394
185 943
189 917
50 308
1626 1958
183 204
273 1360
457 1152
678 1607
932 1320
146 871
57 70
48 511
468 687
351 421
604 1335
1033 1441
97 1109
1710 2251
2244 2245
1601 1938
994 995
155 2017
203 943
1899 2046
1155 1261
1523 1769
28 934
308 843
320 374
1150 1354
374 2128
218 1317
1494 1816
295 679
90 921
536 1829
189 921
119 159
28 111
116 1109
32 648
166 1502
461 588
98 295
198 558
1041 1691
342 1064
1049 1254
1454 2256
113 983
203 953
430 1093
143 516
1011 1275
175 421
185 517
220 1015
7 1029
177 669
304 1539
1083 2011
55 267
1004 1633
1667 1711
182 935
1100 1234
223 593
90 1871
330 1065
1296 1743
60 678
99 152
60 677
245 246
341 679
180 1100
1940 2039
624 625
458 2032
635 1786
401 525
687 1530
80 262
382 1255
572 573
432 2241
1503 1808
2154 2155
1336 1398
928 929
67 412
209 517
191 209
333 939
189 205
1044 1045
66 156
70 422
197 206
31 1438
1515 1648
56 599
1116 1193
2083 2339
1496 2044
1359 1424
605 1292
176 212
51 488
68 69
1216 1217
185 934
203 954
67 1304
51 69
449 1868
266 461
1181 1187
274 912
13 267
760 785
128 1292
232 243
422 936
98 308
448 922
64 963
475 2093
280 313
102 165
566 578
103 1209
931 1658
1192 1912
417 1083
2139 2208
1620 1655
70 455
54 2269
296 368
82 371
204 1707
1010 1532
1174 1186
1349 1350
447 898
1710 1893
119 2329
2219 2241
268 310
431 1498
57 511
1699 1820
1259 1686
932 965
206 940
898 1024
1192 2013
413 1934
28 936
1485 1486
319 320
420 1503
1296 1874
70 173
999 1054
1392 1696
1389 1625
188 517
66 334
363 1895
91 511
26 56
257 1837
381 405
90 891
49 74
328 1185
171 1434
1651 1830
171 366
244 507
1958 1991
203 212
189 1241
1066 1125
919 1898
418 493
1175 1266
515 1326
141 387
44 936
1032 1304
274 963
267 407
1274 1359
1183 2019
1342 2083
1034 1081
287 953
280 1108
68 517
517 942
242 807
447 1606
174 921
1243 1414
128 314
412 484
448 925
204 234
1194 1336
91 149
154 639
917 935
243 2215
543 1877
688 1863
67 334
291 687
1577 1820
365 708
208 605
204 1072
393 1526
52 350
198 703
2241 2243
1061 1501
24 75
366 381
98 387
75 1344
769 1621
151 546
889 969
137 287
465 578
166 931
176 1536
177 1240
3 295
418 519
932 1272
54 58
1061 1417
239 2106
111 112
2001 2083
287 954
899 2083
4 1212
206 959
176 1502
923 938
177 1242
188 205
40 175
74 455
41 111
430 1238
247 1191
1174 1319
564 657
179 520
130 735
1467 1823
68 79
67 1493
1678 1803
211 1532
222 517
581 653
2163 2171
320 427
270 1429
74 301
923 939
952 1156
198 257
62 1071
264 422
859 1359
126 847
320 973
51 350
241 309
640 761
245 472
1473 1579
939 1320
191 937
1061 1445
850 1326
432 2353
545 616
1334 1698
2083 2241
183 206
1049 1193
182 921
385 477
935 954
1041 1042
10 459
284 1057
1542 1691
313 1434
90 1493
224 317
111 911
174 927
1559 1574
1365 1728
115 2326
943 1320
26 1108
70 695
451 710
94 455
144 1445
25 427
150 1424
306 1011
39 1437
208 1139
278 403
1224 1809
1259 1467
1064 2174
99 262
1693 2097
1 266
56 353
244 301
345 361
2102 2212
1958 2054
2166 2263
418 690
542 821
1334 1840
473 515
492 690
814 1052
1282 2024
6 1137
434 975
1732 2214
422 455
55 313
308 385
1109 1352
39 257
733 734
295 861
20 1037
67 206
194 212
175 184
321 913
1909 1912
115 738
111 274
1301 1493
1175 1246
243 1151
308 341
831 2235
45 409
188 431
101 467
1142 2083
41 203
380 1344
421 1871
1282 1564
27 523
50 262
112 274
190 927
1541 1617
49 51
1157 1880
191 1536
91 295
144 509
898 1086
204 1100
59 1607
2105 2373
912 932
670 770
10 460
320 838
2241 2242
1258 1334
173 1006
781 2244
385 736
473 1628
48 1411
1259 1410
254 1716
299 646
45 1413
1 154
20 272
477 679
1 461
94 350
115 2365
1290 1678
406 1247
112 431
471 648
190 939
191 941
175 966
320 1408
295 383
45 206
155 495
25 544
934 1502
302 1514
1498 1577
368 1724
1078 1170
83 301
1125 1160
2 438
174 948
182 932
79 205
603 2100
274 965
143 1956
49 145
189 954
1710 2294
1519 1649
205 206
1723 1840
139 452
2049 2089
912 917
1242 1502
931 952
1035 1571
1162 1193
206 937
421 966
10 12
182 953
320 1526
1282 1324
2259 2371
195 541
1576 1581
210 220
185 194
850 1643
1201 1696
181 923
0 154
1555 1758
190 203
1207 1909
53 56
28 274
62 1886
21 477
365 460
218 271
423 600
