274 491
109 1123
98 137
1282 1971
104 343
274 1234
550 622
116 238
185 188
1077 1349
219 1991
174 517
31 368
52 507
67 183
182 926
308 736
659 1313
44 482
448 948
517 911
431 1120
333 924
307 394
185 943
189 917
50 308
1626 1958
183 204
273 1360
457 1152
678 1607
932 1320
146 871
57 70
48 511
468 687
351 421
604 1335
1033 1441
97 1109
1710 2251
2244 2245
1601 1938
994 995
155 2017
203 943
1899 2046
1155 1261
1523 1769
489 1796
1028 1452
433 630
1486 2302
821 2284
380 2257
783 2104
272 2253
221 2157
1357 2224
700 1736
296 1718
764 1695
1147 1946
959 1725
30 850
137 332
1855 2103
760 2255
1625 1656
16 913
1269 1975
403 1469
323 1649
326 1961
964 1435
755 1985
683 1765
1493 2230
635 1009
1327 1613
299 938
1356 2297
1442 1493
297 758
462 1697
1276 1520
1996 2117
81 1471
661 1994
719 2030
441 599
136 1916
1787 2006
82 1725
317 1042
1134 1535
35 2368
1030 1904
1669 1715
