274 491
109 1123
98 137
1282 1971
104 343
274 1234
550 622
116 238
185 188
1077 1349
219 1991
174 517
31 368
52 507
67 183
182 926
308 736
659 1313
44 482
448 948
517 911
431 1120
333 924
307 394
185 943
189 917
50 308
1626 1958
183 204
273 1360
457 1152
678 1607
932 1320
146 871
57 70
48 511
468 687
351 421
604 1335
1033 1441
97 1109
1710 2251
2244 2245
1601 1938
994 995
155 2017
203 943
1899 2046
1155 1261
1523 1769
28 934
308 843
320 374
1150 1354
374 2128
218 1317
1494 1816
295 679
90 921
536 1829
189 921
119 159
28 111
116 1109
32 648
166 1502
461 588
98 295
198 558
1041 1691
342 1064
1049 1254
1454 2256
113 983
203 953
430 1093
143 516
1011 1275
175 421
185 517
220 1015
7 1029
177 669
304 1539
1083 2011
55 267
1004 1633
1667 1711
182 935
1100 1234
223 593
90 1871
330 1065
1296 1743
60 678
99 152
60 677
245 246
341 679
180 1100
1940 2039
624 625
458 2032
635 1786
401 525
687 1530
80 262
382 1255
572 573
432 2241
1503 1808
2154 2155
1336 1398
928 929
67 412
209 517
191 209
333 939
189 205
1044 1045
66 156
70 422
197 206
31 1438
1515 1648
56 599
1116 1193
2083 2339
1496 2044
1359 1424
605 1292
176 212
51 488
68 69
1216 1217
185 934
203 954
67 1304
51 69
449 1868
266 461
1181 1187
274 912
13 267
760 785
128 1292
232 243
422 936
98 308
448 922
64 963
475 2093
280 313
102 165
566 578
103 1209
931 1658
1192 1912
417 1083
2139 2208
1620 1655
70 455
54 2269
296 368
82 371
204 1707
1010 1532
1174 1186
1349 1350
447 898
1710 1893
119 2329
2219 2241
268 310
431 1498
57 511
1699 1820
1259 1686
932 965
206 940
898 1024
1192 2013
413 1934
28 936
1485 1486
319 320
420 1503
1296 1874
70 173
999 1054
1392 1696
1389 1625
188 517
66 334
363 1895
91 511
26 56
257 1837
381 405
90 891
49 74
328 1185
171 1434
1651 1830
171 366
244 507
1958 1991
203 212
189 1241
1066 1125
919 1898
418 493
1175 1266
515 1326
141 387
44 936
1032 1304
274 963
267 407
1274 1359
1183 2019
1342 2083
1034 1081
287 953
280 1108
68 517
517 942
242 807
447 1606
174 921
1243 1414
128 314
412 484
448 925
204 234
1194 1336
91 149
154 639
917 935
243 2215
543 1877
688 1863
67 334
291 687
1577 1820
365 708
208 605
204 1072
393 1526
52 350
