274 491
109 1123
98 137
1282 1971
104 343
274 1234
550 622
116 238
185 188
1077 1349
219 1991
174 517
31 368
52 507
67 183
182 926
308 736
659 1313
44 482
448 948
517 911
431 1120
333 924
307 394
185 943
189 917
50 308
1626 1958
183 204
273 1360
457 1152
678 1607
932 1320
146 871
57 70
48 511
468 687
351 421
604 1335
1033 1441
97 1109
1710 2251
2244 2245
1601 1938
994 995
155 2017
203 943
1899 2046
1155 1261
1523 1769
28 934
308 843
320 374
1150 1354
374 2128
218 1317
1494 1816
295 679
90 921
536 1829
189 921
119 159
28 111
116 1109
32 648
166 1502
461 588
98 295
198 558
1041 1691
342 1064
1049 1254
1454 2256
113 983
203 953
430 1093
143 516
1011 1275
175 421
185 517
220 1015
7 1029
177 669
304 1539
1083 2011
55 267
1004 1633
1667 1711
182 935
1100 1234
223 593
90 1871
330 1065
1296 1743
60 678
99 152
60 677
245 246
341 679
180 1100
1940 2039
624 625
458 2032
635 1786
401 525
687 1530
80 262
382 1255
572 573
432 2241
1503 1808
2154 2155
1336 1398
928 929
67 412
209 517
191 209
333 939
189 205
1044 1045
66 156
70 422
197 206
31 1438
1515 1648
56 599
1116 1193
2083 2339
1496 2044
1359 1424
605 1292
176 212
51 488
68 69
1216 1217
185 934
203 954
67 1304
51 69
449 1868
266 461
1181 1187
274 912
13 267
760 785
128 1292
232 243
422 936
98 308
448 922
64 963
475 2093
280 313
102 165
566 578
103 1209
931 1658
1192 1912
417 1083
2139 2208
1620 1655
70 455
54 2269
296 368
82 371
204 1707
1010 1532
1174 1186
1349 1350
447 898
1710 1893
119 2329
2219 2241
268 310
431 1498
57 511
1699 1820
1259 1686
932 965
206 940
898 1024
1192 2013
413 1934
28 936
1485 1486
319 320
420 1503
1296 1874
70 173
999 1054
1392 1696
1389 1625
188 517
66 334
363 1895
91 511
26 56
257 1837
381 405
90 891
49 74
328 1185
171 1434
1651 1830
171 366
244 507
1958 1991
203 212
189 1241
1066 1125
919 1898
418 493
1175 1266
515 1326
141 387
44 936
1032 1304
274 963
267 407
1274 1359
1183 2019
1342 2083
1034 1081
287 953
280 1108
68 517
517 942
242 807
447 1606
174 921
1243 1414
128 314
412 484
448 925
204 234
1194 1336
91 149
154 639
917 935
243 2215
543 1877
688 1863
67 334
291 687
1577 1820
365 708
208 605
204 1072
393 1526
52 350
198 703
2241 2243
1061 1501
24 75
366 381
98 387
75 1344
769 1621
151 546
889 969
137 287
465 578
166 931
176 1536
177 1240
3 295
418 519
932 1272
54 58
1061 1417
239 2106
111 112
2001 2083
287 954
899 2083
4 1212
206 959
176 1502
923 938
177 1242
188 205
40 175
74 455
41 111
430 1238
247 1191
1174 1319
564 657
179 520
130 735
1467 1823
68 79
67 1493
1678 1803
211 1532
222 517
581 653
2163 2171
320 427
270 1429
74 301
923 939
952 1156
198 257
62 1071
264 422
859 1359
126 847
320 973
51 350
241 309
640 761
245 472
1473 1579
939 1320
191 937
1061 1445
850 1326
432 2353
545 616
1334 1698
2083 2241
183 206
1049 1193
182 921
385 477
935 954
1041 1042
10 459
284 1057
1542 1691
313 1434
90 1493
224 317
111 911
174 927
1559 1574
1365 1728
115 2326
943 1320
26 1108
70 695
451 710
94 455
144 1445
25 427
150 1424
306 1011
39 1437
208 1139
278 403
1224 1809
1259 1467
1064 2174
99 262
1693 2097
1 266
56 353
244 301
345 361
2102 2212
1958 2054
2166 2263
418 690
542 821
1334 1840
473 515
492 690
814 1052
1282 2024
6 1137
434 975
1732 2214
422 455
55 313
308 385
1109 1352
39 257
733 734
295 861
20 1037
67 206
194 212
175 184
321 913
1909 1912
115 738
111 274
1301 1493
1175 1246
243 1151
308 341
831 2235
45 409
188 431
101 467
1142 2083
41 203
380 1344
421 1871
1282 1564
27 523
50 262
112 274
190 927
1541 1617
49 51
1157 1880
191 1536
91 295
144 509
898 1086
204 1100
59 1607
2105 2373
912 932
670 770
10 460
320 838
2241 2242
1258 1334
173 1006
781 2244
385 736
473 1628
48 1411
1259 1410
254 1716
299 646
45 1413
1 154
20 272
477 679
1 461
94 350
115 2365
1290 1678
406 1247
112 431
471 648
190 939
191 941
175 966
320 1408
295 383
45 206
155 495
25 544
934 1502
302 1514
1498 1577
368 1724
1078 1170
83 301
1125 1160
2 438
174 948
182 932
79 205
603 2100
274 965
143 1956
49 145
189 954
1710 2294
1519 1649
205 206
1723 1840
139 452
2049 2089
912 917
1242 1502
931 952
1035 1571
1162 1193
206 937
421 966
10 12
182 953
320 1526
1282 1324
2259 2371
195 541
1576 1581
210 220
185 194
850 1643
1201 1696
181 923
0 154
1555 1758
190 203
1207 1909
53 56
28 274
62 1886
21 477
365 460
218 271
423 600
489 1796
1028 1452
433 630
1486 2302
821 2284
380 2257
783 2104
272 2253
221 2157
1357 2224
700 1736
296 1718
764 1695
1147 1946
959 1725
30 850
137 332
1855 2103
760 2255
1625 1656
16 913
1269 1975
403 1469
323 1649
326 1961
964 1435
755 1985
683 1765
1493 2230
635 1009
1327 1613
299 938
1356 2297
1442 1493
297 758
462 1697
1276 1520
1996 2117
81 1471
661 1994
719 2030
441 599
136 1916
1787 2006
82 1725
317 1042
1134 1535
35 2368
1030 1904
1669 1715
1732 1776
918 1683
218 1579
1424 2179
0 1851
300 1232
1779 2074
30 1500
528 2105
934 1000
593 1676
2031 2061
854 2284
1280 1676
566 668
1606 2021
967 1033
1043 1673
89 652
3 868
740 1130
1090 1361
1984 2299
1465 2197
107 933
430 2023
658 1654
649 1741
180 1597
681 1133
500 1791
741 751
1587 1891
1781 1941
922 1964
99 1473
61 1577
341 451
118 1168
1197 1985
1689 1936
1278 1534
1356 1990
668 692
1721 1865
249 474
348 2057
558 2325
393 1710
16 1464
653 1890
1187 2306
548 1496
195 1318
1151 1762
96 2017
623 1252
789 1023
71 1962
853 2262
313 1680
62 2026
126 1821
1559 2033
542 715
522 1310
956 2334
1708 1739
483 1186
9 2154
1578 1765
509 826
1287 1397
195 1893
1331 1494
1288 1480
112 2137
1006 1121
1037 1062
1010 2133
571 1488
449 572
2042 2249
912 1449
1788 1860
1550 1777
95 2054
359 424
1517 2029
392 2232
198 1032
184 1510
1299 2153
1189 2012
123 1063
244 546
658 1767
230 388
794 2280
833 1002
658 2178
71 1318
62 327
1336 1594
178 1302
1374 1583
237 2100
748 1301
710 1763
1371 2288
1418 2252
798 1242
1591 1815
567 583
962 1517
1316 2137
620 928
1154 2187
1009 1305
658 1173
213 1349
1529 2182
286 1615
1612 2100
1755 2228
1256 2060
959 1222
657 1113
1028 1199
1805 2129
295 727
1468 1687
431 1369
1111 1984
136 1717
248 2026
656 2106
471 1244
1070 2324
176 251
1398 2158
351 589
1195 1596
1563 1571
368 1175
676 729
200 590
473 1316
756 990
583 736
19 1226
533 1781
485 1491
2095 2300
609 1670
1475 2121
836 2089
87 2051
1262 1763
570 2141
1240 1996
606 668
623 1586
605 1071
1314 2257
480 1153
239 1041
893 1327
330 1284
935 1391
1278 1998
748 1614
886 1119
869 1394
575 1589
1097 2251
755 818
313 1962
1018 1612
581 984
871 2162
83 2058
1115 2087
60 1138
1519 1791
206 1199
284 2298
741 1789
1398 2145
2087 2357
1765 1870
1170 2166
327 822
1411 1927
1974 2015
141 1651
504 1957
940 1591
45 493
42 1268
643 835
110 1790
86 90
248 1856
1457 1534
2254 2374
803 862
63 1022
2195 2199
1006 1699
5 530
333 398
137 1192
159 592
241 1197
496 2314
278 1659
1248 2253
374 1722
1344 1975
511 1740
1649 1890
1346 2055
25 295
1164 2226
0 1503
257 485
919 1523
188 1142
2 577
604 2026
580 703
1107 1255
1045 1360
1936 2087
588 1166
619 1538
425 570
844 2321
636 1990
469 2264
120 1922
919 1275
67 133
1612 1706
638 1181
664 1488
809 838
810 1591
552 895
154 175
579 1903
795 2310
1038 2330
1209 2302
334 1608
463 662
173 1971
1144 1971
897 1595
739 1396
522 2300
927 1556
885 1962
1319 1901
1624 2324
214 254
352 1568
254 1621
228 1629
336 1019
1440 2029
950 1063
869 2096
924 2324
839 1945
1544 1651
482 2315
20 221
288 1268
99 2371
1451 1971
1699 2292
8 1598
329 643
46 856
1296 1358
1910 1979
47 2281
153 879
27 1654
1482 2063
818 1687
431 1933
33 265
141 1840
213 1720
1112 1434
643 799
239 1873
234 2033
1873 2303
107 1945
226 1429
369 1226
117 436
1407 2031
1469 2041
22 158
1162 1757
332 2190
70 1381
120 220
906 1830
1274 1821
452 1891
496 1926
580 2232
261 1708
600 905
853 1329
442 599
236 2345
744 1286
1087 1820
628 2005
116 2116
1231 2290
57 896
508 1050
1051 1928
490 1641
819 1221
521 2344
698 2293
1573 2264
1538 1594
571 1181
234 2144
1076 2371
638 1031
1761 1792
211 2139
1127 1535
1715 2077
914 1849
344 2210
1036 1981
1895 2024
607 2165
319 1378
507 745
446 1351
1220 2046
1719 2139
945 2040
642 1985
750 1856
461 1961
230 2002
317 2029
1496 1670
161 406
225 1463
1236 1738
1566 1876
1506 1893
1260 1748
606 1647
1836 2244
1210 1553
812 1570
567 922
1192 2111
58 1413
1158 1195
94 649
578 1216
887 1466
52 1609
355 2284
909 997
890 1289
2002 2177
1067 1604
355 1663
804 1182
1477 1961
418 1932
395 1512
559 1194
653 1233
142 2334
526 743
1750 2280
782 2112
219 2302
193 1737
274 815
1273 1863
900 1495
1186 2301
831 1128
646 740
615 2142
446 2170
80 1215
670 1257
1332 2288
1518 1866
110 235
539 2328
1511 2149
865 894
785 2095
87 319
1363 2006
654 2302
1061 1216
17 2110
1740 2165
1316 2208
827 1119
249 287
1877 1996
89 2210
597 2007
574 1918
1105 1504
1085 2074
1441 1873
1404 1770
324 630
255 1499
318 1624
1643 1739
1869 2093
1429 1509
1316 1388
1849 2353
1043 2033
125 1805
966 1936
694 965
366 1990
1277 1983
1168 1747
1049 1529
753 2326
1558 2028
